"ShannonWiener";"Pielou";"Richness"
"1";0;1;1
"2";0.693147180559945;1;2
"3";1.6094379124341;1;5
"4";2.19722457733622;1;9
"5";2.30258509299405;1;10
"6";2.39789527279837;1;11
"7";2.4410152780267;0.982336812626325;12
"8";2.59930192709979;0.984935756389476;14
"9";2.58857316268212;0.980870378840728;14
"10";2.62504815873254;0.969349887850717;15
"11";2.62299627608579;0.968592190432141;15
"12";2.75110228938637;0.971018400417284;17
"13";2.80967823407778;0.972081956724793;18
"14";3.01463567565148;0.961454707948854;23
"15";3.07042200957103;0.953880229193604;25
"16";3.15534260348829;0.94692345378357;28
"17";3.20345101019265;0.941859777813638;30
"18";3.39958020956756;0.948670920386484;36
"19";3.64121904537385;0.945734922930381;47
"20";3.690078364689;0.943266018520039;50
"21";3.71168787473468;0.944011312160577;51
"22";3.71492689878437;0.94019178855363;52
"23";3.74258506909682;0.938230142163723;54
"24";3.78193540683335;0.939529188353393;56
"25";3.83863604890308;0.941410373714727;59
"26";3.9129093096051;0.944432070885866;63
"27";3.96604697487513;0.946628593304291;66
"28";3.98154916895556;0.943605142389326;68
"29";4.06950796309799;0.942563790816042;75
"30";4.0547449210333;0.936272128166916;76
"31";4.08348436774022;0.937286500012217;78
"32";4.08348436774022;0.937286500012217;78
"33";4.08348436774022;0.937286500012217;78
"34";4.09760141332386;0.93778471598198;79
"35";4.08202640561332;0.934220190614834;79
"36";4.07897902626681;0.930843047367825;80
"37";4.08284752155809;0.926505023911557;82
"38";4.08958829161695;0.925488981069215;83
"39";4.09511177476096;0.924234054504354;84
"40";4.08530169907294;0.919563896244315;85
"41";4.10413179861679;0.918991544289365;87
"42";4.10711589961162;0.917312248283529;88
"43";4.113268110079;0.916373653659197;89
"44";4.10342643580851;0.914181078128497;89
"45";4.10887999062278;0.913123063340855;90
"46";4.1237980917473;0.911983835926829;92
"47";4.1237980917473;0.911983835926829;92
"48";4.12276945931494;0.90958167946288;93
"49";4.12610533611182;0.908174691242521;94
"50";4.15342427108771;0.909970952446558;96
"51";4.17953091004495;0.909558628796707;99
"52";4.16740895712279;0.90692062297368;99
"53";4.16644225402388;0.904731440045558;100
"54";4.16591400303928;0.902666352446754;101
"55";4.18837474305132;0.903693560872302;103
"56";4.18712147120263;0.901543724921329;104
"57";4.19425075568012;0.899390057645583;106
"58";4.20977231885411;0.897348144826512;109
"59";4.2279504490273;0.899471994351059;110
"60";4.23196763481299;0.898596559298788;111
"61";4.23150642783847;0.896790810649711;112
"62";4.22851901180948;0.894472629275686;113
"63";4.22747628620775;0.89258850368502;114
"64";4.24732784248795;0.890297342378542;118
"65";4.26652049087305;0.891180751863552;120
"66";4.25655811973954;0.889099835244003;120
"67";4.25610232522256;0.887466265416931;121
"68";4.25679922734889;0.886090878393571;122
"69";4.28517004903863;0.887508617332074;125
"70";4.29217782084261;0.887495374219855;126
"71";4.30177655472781;0.888028574856857;127
"72";4.30177655472781;0.888028574856857;127
"73";4.30350582633414;0.886949502012718;128
"74";4.31007577656856;0.885474118455423;130
"75";4.35659510360858;0.886810737765846;136
"76";4.37123574461943;0.888465994181404;137
"77";4.37494830131004;0.887908068238718;138
"78";4.41654592733563;0.889922263616045;143
"79";4.45187748291462;0.888485635376419;150
"80";4.45947675491718;0.888823605610993;151
"81";4.46985610341647;0.889721816605527;152
"82";4.46985610341647;0.889721816605527;152
"83";4.46855198469434;0.889462232661061;152
"84";4.47602467519607;0.889788273931645;153
"85";4.47543975108304;0.88852131523701;154
"86";4.47543975108304;0.88852131523701;154
"87";4.470880105149;0.88761607623757;154
"88";4.46528236871659;0.886504742287409;154
"89";4.47267052697578;0.886831949178992;155
"90";4.49095124415938;0.884886194573115;160
"91";4.49509526635493;0.885702722705238;160
"92";4.53303016456723;0.887794471707179;165
"93";4.52822448943794;0.886853279688217;165
"94";4.55878027992398;0.887647818698723;170
"95";4.5531516227346;0.886551853337472;170
"96";4.56364126743799;0.88657526258544;172
"97";4.56173286975709;0.885207597145813;173
"98";4.56173286975709;0.885207597145813;173
"99";4.56173286975709;0.885207597145813;173
"100";4.55694246005073;0.884278014641404;173
"101";4.57131566564174;0.886076112876272;174
"102";4.57786580545299;0.88636118293501;175
"103";4.57711897335789;0.885239946154038;176
"104";4.57711897335789;0.885239946154038;176
"105";4.59003264439903;0.885801693538569;178
"106";4.58496981357982;0.883869059520762;179
"107";4.591357991472;0.884150999769027;180
"108";4.58672039805849;0.8832579452826;180
"109";4.58815341037126;0.883533898338618;180
"110";4.59258028626639;0.883443860532148;181
"111";4.58616343330433;0.882209493575031;181
"112";4.59405257449528;0.880941355373786;184
"113";4.59315248301625;0.879854292872333;185
"114";4.60183421758287;0.88060797909153;186
"115";4.60183421758287;0.88060797909153;186
"116";4.5983481598471;0.879940886338392;186
"117";4.61873389407814;0.880257805292735;190
"118";4.61846266471658;0.879326396081065;191
"119";4.62651929253699;0.879985423696639;192
"120";4.62677112230286;0.880033322885902;192
"121";4.62254459579436;0.879229417944589;192
"122";4.62925020523482;0.87963570703715;193
"123";4.63516112511105;0.879894823503604;194
"124";4.63855665550959;0.879680835166433;195
"125";4.65269370374254;0.880657635524106;197
"126";4.65847967419239;0.880908556083366;198
"127";4.65847967419239;0.880908556083366;198
"128";4.65580695167008;0.880403149963213;198
"129";4.65090104852951;0.879475454158124;198
"130";4.65566511075374;0.8803763281489;198
"131";4.67585322108022;0.881686665606317;201
"132";4.67872045622109;0.881402506982019;202
"133";4.67781472267624;0.881231880028654;202
"134";4.67423871382525;0.879739790300437;203
"135";4.72983075787079;0.88221843012447;213
"136";4.73760142436798;0.882896496574945;214
"137";4.72939362244575;0.88136689564135;214
"138";4.72666323020588;0.880858061417674;214
"139";4.72887009242278;0.880504340016262;215
"140";4.73265397019702;0.879692243028113;217
"141";4.74004616114075;0.880313958108725;218
"142";4.74004616114075;0.880313958108725;218
"143";4.74004616114075;0.880313958108725;218
"144";4.73715862612641;0.879030538769191;219
"145";4.74911110016872;0.879764349976605;221
"146";4.74991532925796;0.879178043315237;222
"147";4.74991532925796;0.879178043315237;222
"148";4.75207532297082;0.879577843925229;222
"149";4.74579764219838;0.878415886560625;222
"150";4.73912230601263;0.877180325798076;222
"151";4.73238241227672;0.875932815858186;222
"152";4.73434488044723;0.87556768687021;223
"153";4.7369549105321;0.876050384701014;223
"154";4.7419734625808;0.876253438813745;224
"155";4.75356433723339;0.876954827866911;226
"156";4.75849612649247;0.87715022463961;227
"157";4.76063402816405;0.877544311527911;227
"158";4.77529629948532;0.878121856672753;230
"159";4.78533387167887;0.878568865202123;232
"160";4.78847104608218;0.879144838337827;232
"161";4.79569958539044;0.879777243591708;233
"162";4.79069030239794;0.878858284197976;233
"163";4.80073687944234;0.879322590882597;235
"164";4.80073687944234;0.879322590882597;235
"165";4.80178200487407;0.879514020328847;235
"166";4.83084418212461;0.880105481813716;242
"167";4.82633901431027;0.879284709555202;242
"168";4.84033208842435;0.879859098259826;245
"169";4.84668248021001;0.879713351841236;247
"170";4.85313796286286;0.880239536284674;248
"171";4.85228240076404;0.878804083366166;250
"172";4.88764661349629;0.880803675912939;257
"173";4.90488644477548;0.881457176133425;261
"174";4.89747099826448;0.880124546190827;261
"175";4.90077173986904;0.880112883920679;262
"176";4.89918504553611;0.879827934896448;262
"177";4.90441691823776;0.879566299389348;264
"178";4.91040482204293;0.880043474358548;265
"179";4.91309002392915;0.87933978319409;267
"180";4.92567502727418;0.879832757042743;270
"181";4.92963314306471;0.879958690753119;271
"182";4.92962611854477;0.879957436848987;271
"183";4.93767794761375;0.880239375096268;273
"184";4.94346322701591;0.880696669187;274
"185";4.9397707803767;0.880038845854053;274
"186";4.94199764547419;0.879296292835441;276
"187";4.94596568740961;0.879436396129322;277
"188";4.94596568740961;0.879436396129322;277
"189";4.94408927169808;0.87853982558817;278
"190";4.94689613674707;0.877920292527821;280
"191";4.95500497453588;0.877151278379486;284
"192";4.9547385611929;0.877104117013236;284
"193";4.96127459906735;0.877715010297738;285
"194";4.96511176117058;0.877849885085118;286
"195";4.98022038081997;0.877831236876252;291
"196";5.00062177551358;0.878788381586974;296
"197";5.00714508244565;0.876842496578736;302
"198";5.01773924847737;0.87768321417144;304
"199";5.01937803772396;0.877969864740964;304
"200";5.0218980623571;0.878410657538332;304
"201";5.01642664290334;0.877453618367014;304
"202";5.01598024660858;0.877375536482846;304
"203";5.01502812419004;0.877208994974169;304
"204";5.00885901632329;0.876129918889716;304
"205";5.01215179596718;0.876705878954257;304
"206";5.01198217686965;0.876172903261252;305
"207";5.02162495603225;0.876359076844266;308
"208";5.0288037481001;0.876621697997234;310
"209";5.03233910620269;0.876745761249435;311
"210";5.03233910620269;0.876745761249435;311
"211";5.03674877069074;0.877023502508603;312
"212";5.04377197335488;0.877270345881235;314
"213";5.04454741999495;0.877405220404853;314
"214";5.0470726559715;0.877359222186518;315
"215";5.05851289883236;0.877423282012087;319
"216";5.08984724277342;0.879546829214957;326
"217";5.08299371746534;0.877897872772005;327
"218";5.08634586243536;0.878013794939817;328
"219";5.08634586243536;0.878013794939817;328
"220";5.08634586243536;0.878013794939817;328
"221";5.08787164967542;0.878277178964645;328
"222";5.08787164967542;0.878277178964645;328
"223";5.08939515744216;0.878540169502857;328
"224";5.08583341476744;0.877925335339588;328
"225";5.08667504357062;0.878070618755106;328
"226";5.0963638001064;0.878820895573448;330
"227";5.10782574988581;0.879425006996172;333
"228";5.10597834863302;0.879106936071435;333
"229";5.10925356117974;0.879216933017929;334
"230";5.10925356117974;0.879216933017929;334
"231";5.11074472104849;0.879473536647156;334
"232";5.11400872866758;0.879582716740671;335
"233";5.11523561857769;0.879342938086478;336
"234";5.12472506884366;0.880076365672981;338
"235";5.12875170944322;0.88032125213078;339
"236";5.1268891493198;0.88000155420955;339
"237";5.12856395532244;0.87940111538587;341
"238";5.13056236725106;0.879743785516211;341
"239";5.13032001752862;0.878820984278102;343
"240";5.12701363524362;0.87781684547812;344
"241";5.12490620419808;0.87745602364224;344
"242";5.13358595837159;0.87807059235319;346
"243";5.13669314517592;0.878168564478752;347
"244";5.13141417764294;0.877266072698661;347
"245";5.132098698068;0.877383098244481;347
"246";5.13291837628982;0.877523230354197;347
"247";5.13373752828148;0.877663272499654;347
"248";5.13373752828148;0.877663272499654;347
"249";5.14198800273557;0.877781952632913;350
"250";5.13731005191292;0.876556464616259;351
"251";5.13404787234386;0.875999853362296;351
"252";5.12917449669301;0.875168330855753;351
"253";5.12495498978388;0.874448375077083;351
"254";5.12495498978388;0.874448375077083;351
"255";5.12261519526758;0.874049146300075;351
"256";5.12926157912158;0.873914142534482;354
"257";5.13322148174148;0.873750128624413;356
"258";5.1355044803579;0.874138728715378;356
"259";5.13750242863246;0.874061478666355;357
"260";5.14326858670727;0.873386852826427;361
"261";5.1545627252039;0.874076349523769;364
"262";5.1575308405898;0.874172978188863;365
"263";5.1575308405898;0.874172978188863;365
"264";5.15525634452945;0.873787463674959;365
"265";5.15760883961759;0.872975023132641;368
"266";5.15520567104218;0.872167658861998;369
"267";5.15190342218362;0.87160897801787;369
"268";5.16060317690161;0.871886420665563;372
"269";5.16448115384785;0.872146037400361;373
"270";5.16652369170099;0.871703758248793;375
"271";5.16934125081638;0.872179141120629;375
"272";5.16934125081638;0.872179141120629;375
"273";5.17582161805292;0.872489496726197;377
"274";5.17626664182863;0.872564514491251;377
"275";5.17845906490133;0.872156208574974;379
"276";5.18031227091486;0.871695634316178;381
"277";5.1792834374719;0.871138272366194;382
"278";5.18210282451677;0.871229378095945;383
"279";5.17376366308473;0.869827375342563;383
"280";5.17416685085619;0.869895160379502;383
"281";5.17540569511478;0.869722160149609;384
"282";5.17621948168114;0.86985891623253;384
"283";5.17621948168114;0.86985891623253;384
"284";5.17757770920967;0.870087165117676;384
"285";5.17757770920967;0.870087165117676;384
"286";5.17757770920967;0.870087165117676;384
"287";5.17757770920967;0.870087165117676;384
"288";5.17757770920967;0.870087165117676;384
"289";5.17757770920967;0.870087165117676;384
"290";5.17600775347031;0.869823335501718;384
"291";5.17308378465865;0.8693319652361;384
"292";5.17416976614409;0.869134600351944;385
"293";5.17125272918296;0.86864460913248;385
"294";5.16833155519135;0.868153922992578;385
"295";5.16330200207617;0.867309080470146;385
"296";5.16172969698485;0.867044971478958;385
"297";5.1668823664523;0.867155772312867;387
"298";5.16770851989203;0.867294425309639;387
"299";5.16770851989203;0.867294425309639;387
"300";5.1667262362798;0.86712956904933;387
"301";5.16803159149346;0.867348646285496;387
"302";5.17080788276192;0.867438894642679;388
"303";5.16921517757583;0.867171707298373;388
"304";5.16921517757583;0.867171707298373;388
"305";5.1719866836153;0.867262156769957;389
"306";5.17220667825957;0.867299046468509;389
"307";5.17766791175948;0.867841194351847;390
"308";5.17724080617213;0.867769606171733;390
"309";5.17826815269991;0.867198306092305;392
"310";5.17620291594259;0.866852443389792;392
"311";5.17964343573517;0.867058673152861;393
"312";5.17599809843786;0.866448453287457;393
"313";5.17734306109054;0.866673596494231;393
"314";5.17572697137108;0.866034650562226;394
"315";5.17290158886784;0.865561890085788;394
"316";5.17562386554617;0.865650234685787;395
"317";5.17875410377032;0.865807636934105;396
"318";5.17669846993593;0.86546396673141;396
"319";5.17530080806238;0.865230299270139;396
"320";5.17594531736166;0.864973334369672;397
"321";5.17864586604506;0.865060951206775;398
"322";5.17590316262009;0.864602799463047;398
"323";5.1785770180693;0.865049450575733;398
"324";5.17939997635386;0.86518692069724;398
"325";5.17939997635386;0.86518692069724;398
"326";5.18476987229591;0.865359351045238;400
"327";5.18609723224179;0.865580892862843;400
"328";5.18609723224179;0.865580892862843;400
"329";5.18742295629589;0.865802161643401;400
"330";5.19033246314363;0.865926904283724;401
"331";5.19563266762999;0.866451126573838;402
"332";5.19563266762999;0.866451126573838;402
"333";5.19909459875738;0.86666937465834;403
"334";5.19833819007134;0.866543284195767;403
"335";5.19833819007134;0.866543284195767;403
"336";5.19833819007134;0.866543284195767;403
"337";5.19590589094222;0.866137829144858;403
"338";5.19553066269501;0.86607528001747;403
"339";5.19451889068821;0.865906621456681;403
"340";5.194147563939;0.865844722694229;403
"341";5.19165279695206;0.86542885448806;403
"342";5.19190524867005;0.865470937233124;403
"343";5.19453938648108;0.865552455897835;404
"344";5.19453938648108;0.865552455897835;404
"345";5.19397798899928;0.865458911709803;404
"346";5.19397798899928;0.865458911709803;404
"347";5.19660695521577;0.865540423584312;405
"348";5.19548925983488;0.865354261624835;405
"349";5.2015370389103;0.86565131555628;407
"350";5.20223925900734;0.865768180580264;407
"351";5.20772591546164;0.866327475450769;408
"352";5.21419651082825;0.866698853174522;410
"353";5.21507157176236;0.86649344554496;411
"354";5.21864955456499;0.866737969904864;412
"355";5.21944195412588;0.866869575367078;412
"356";5.22118164028922;0.866461627750862;414
"357";5.21954967896186;0.866190801726113;414
"358";5.21954967896186;0.866190801726113;414
"359";5.21871915153179;0.866052974659651;414
"360";5.22108395502726;0.866098661086326;415
"361";5.22108395502726;0.866098661086326;415
"362";5.2136956388972;0.864873051469042;415
"363";5.21343277592608;0.864829446487911;415
"364";5.21195231784465;0.864583860940319;415
"365";5.21175014369267;0.864550323314062;415
"366";5.21197558256495;0.864242678507675;416
"367";5.20972509169976;0.863869505183572;416
"368";5.20981169041752;0.863883864864773;416
"369";5.20724894768691;0.863458914362464;416
"370";5.21238835292269;0.863624287672152;418
"371";5.21498531101946;0.863712619925752;419
"372";5.21083537226247;0.863025301695199;419
"373";5.20780701462171;0.862183345496757;420
"374";5.20953439996128;0.862129893268161;421
"375";5.21200253886097;0.861862373366103;423
"376";5.21200253886097;0.861862373366103;423
"377";5.21250535937947;0.861945520310531;423
"378";5.20997699744998;0.861527427649019;423
"379";5.21124469009482;0.861737054674991;423
"380";5.21188320118189;0.861170920604289;425
"381";5.21035241010636;0.860583798451442;426
"382";5.21275562751199;0.860315174200953;428
"383";5.21647866115292;0.860598158317929;429
"384";5.22203099990169;0.860853602068337;431
"385";5.2228274060426;0.860984889893921;431
"386";5.22165736854104;0.860792008810337;431
"387";5.22165736854104;0.860792008810337;431
"388";5.22047354678675;0.86059685538796;431
"389";5.22214641792691;0.860543866277831;432
"390";5.22179092978268;0.860485286315193;432
"391";5.22179092978268;0.860485286315193;432
"392";5.21943334268508;0.860096785696158;432
"393";5.21817215915069;0.859888958556144;432
"394";5.21662577016984;0.859634133155658;432
"395";5.21662577016984;0.859634133155658;432
"396";5.22136535314342;0.859760754894061;434
"397";5.22378852967172;0.859833909532167;435
"398";5.22132687037185;0.859428721204247;435
"399";5.22132687037185;0.859428721204247;435
"400";5.22005169579495;0.859218827879592;435
"401";5.21928936864641;0.859093349076468;435
"402";5.21598422745969;0.858549323901639;435
"403";5.21433632128433;0.858278079075923;435
"404";5.21938833217133;0.858138848515778;438
"405";5.22419229210369;0.858285796089223;440
"406";5.22419229210369;0.858285796089223;440
"407";5.22570185580868;0.858213720329198;441
"408";5.22482706149702;0.858070053411061;441
"409";5.22482706149702;0.858070053411061;441
"410";5.22562021007665;0.857881196530792;442
"411";5.22787913490341;0.857933745274026;443
"412";5.22946588961544;0.858194143492461;443
"413";5.23030253144094;0.858013953300858;444
"414";5.22858883099451;0.857732826370632;444
"415";5.23220553394558;0.857693765702691;446
"416";5.23342397490912;0.857893499679409;446
"417";5.23461564141765;0.857773925520025;447
"418";5.23817356407567;0.858042748485277;448
"419";5.23913459272446;0.857886844216716;449
"420";5.24613423597889;0.858097310534852;452
"421";5.24613423597889;0.858097310534852;452
"422";5.24733778728479;0.85829417247018;452
"423";5.25056443859899;0.85820219402201;454
"424";5.2453214366617;0.857345227915134;454
"425";5.24660792570944;0.857555503921888;454
"426";5.2497010186443;0.857752599144786;455
"427";5.25251405137864;0.857904486750267;456
"428";5.25107684150181;0.857362986192687;457
"429";5.25453101736569;0.857315707536647;459
"430";5.2550332687973;0.857397653582837;459
"431";5.25644815875684;0.857628503373758;459
"432";5.26186474217643;0.857600699460409;462
"433";5.26186474217643;0.857600699460409;462
"434";5.26186474217643;0.857600699460409;462
"435";5.26046375011084;0.857372359920292;462
"436";5.26274198591316;0.857441515326013;463
"437";5.25753980859374;0.856593941415739;463
"438";5.25586264630152;0.856320686792742;463
"439";5.25787541330583;0.856047442583595;465
"440";5.25652261452675;0.855827190134814;465
"441";5.2558606631229;0.855719416221999;465
"442";5.25356371204334;0.855345444048292;465
"443";5.2538747886184;0.855396091179614;465
"444";5.25155568803254;0.855018512791089;465
"445";5.25273941094958;0.855211237588884;465
"446";5.25044695983011;0.854837998064588;465
"447";5.25163091583816;0.855030760812495;465
"448";5.25106221845425;0.854938169812741;465
"449";5.25224443523115;0.855130649392208;465
"450";5.252274629911;0.855135565461235;465
"451";5.252274629911;0.855135565461235;465
"452";5.25158315281659;0.855022984399162;465
"453";5.25158315281659;0.855022984399162;465
"454";5.25158315281659;0.855022984399162;465
"455";5.25158315281659;0.855022984399162;465
"456";5.25209602886633;0.855106486992173;465
"457";5.25209602886633;0.855106486992173;465
"458";5.25209602886633;0.855106486992173;465
"459";5.2520590069662;0.855100459366862;465
"460";5.25165294125806;0.855034346824505;465
"461";5.25389989168105;0.855101099566421;466
"462";5.25507677447827;0.855292643713571;466
"463";5.25584994028599;0.855418480700564;466
"464";5.25668925322574;0.85555508349705;466
"465";5.25720038977015;0.85563827378049;466
"466";5.25614958043789;0.855467248783063;466
"467";5.25614958043789;0.855467248783063;466
"468";5.25546603647927;0.85535599824486;466
"469";5.2582639188866;0.85551289207713;467
"470";5.2582639188866;0.85551289207713;467
"471";5.2582639188866;0.85551289207713;467
"472";5.25943340706882;0.855703166325904;467
"473";5.2602031809137;0.855828407557313;467
"474";5.25913780836703;0.855655072790821;467
"475";5.25690312437879;0.855291492531033;467
"476";5.25560252903475;0.855079887312779;467
"477";5.25709171876087;0.855024611943007;468
"478";5.25741601042012;0.85507735543027;468
"479";5.25736713619636;0.855069406422256;468
"480";5.25637799087108;0.854908529716436;468
"481";5.25674183972997;0.854967706871035;468
"482";5.25894703458134;0.855029536545703;469
"483";5.2547184912418;0.854342035905728;469
"484";5.25692084342589;0.854404230489442;470
"485";5.25484684666987;0.854067145025319;470
"486";5.25484684666987;0.854067145025319;470
"487";5.25484684666987;0.854067145025319;470
"488";5.25484684666987;0.854067145025319;470
"489";5.25484684666987;0.854067145025319;470
"490";5.25704584442419;0.854129496427374;471
"491";5.25781708570512;0.854254802530156;471
"492";5.26412702512522;0.854691589118927;473
"493";5.26087256765261;0.854163190503979;473
"494";5.26639207264891;0.854473970597999;475
"495";5.26480500642748;0.854216468544009;475
"496";5.26698264351068;0.85427829354597;476
"497";5.26698264351068;0.85427829354597;476
"498";5.26480128963374;0.853924488835809;476
"499";5.26480128963374;0.853924488835809;476
"500";5.26480128963374;0.853924488835809;476
"501";5.26494571463922;0.853657338803625;477
"502";5.26389720193012;0.853197621400728;478
"503";5.26606598248396;0.853260118401259;479
"504";5.26448569197435;0.853004064095858;479
"505";5.26880911348349;0.852841821844997;482
"506";5.27862037214204;0.853288450659104;486
"507";5.28138025775527;0.853168200890305;488
"508";5.27898607279496;0.852781437889822;488
"509";5.27898607279496;0.852781437889822;488
"510";5.27974036130461;0.852903287660019;488
"511";5.27793190643467;0.852611145054776;488
"512";5.27957361777018;0.852876351466384;488
"513";5.27742804896855;0.852529750580813;488
"514";5.27766770995082;0.852568466052733;488
"515";5.27856095832919;0.852430872272277;489
"516";5.28335272453907;0.852642679507152;491
"517";5.28341586705062;0.852652869627524;491
"518";5.2832873829632;0.852632134495444;491
"519";5.28751427810611;0.852754851205015;493
"520";5.28751427810611;0.852754851205015;493
"521";5.28538854459052;0.852412019115598;493
"522";5.28461931223726;0.852287959569572;493
"523";5.28461931223726;0.852287959569572;493
"524";5.28512726990336;0.85236988149757;493
"525";5.28148742392789;0.851782857775275;493
"526";5.27929477080748;0.85142923308755;493
"527";5.28146323365302;0.851223154938683;495
"528";5.27935580517389;0.850883496809969;495
"529";5.27783937856174;0.850639091540459;495
"530";5.27717366972054;0.850255234451822;496
"531";5.27978079237694;0.850399329023882;497
"532";5.27997759584487;0.85043102760071;497
"533";5.28047397714646;0.850510978330183;497
"534";5.28348725769849;0.85044620184621;499
"535";5.28215669882194;0.850232031036724;499
"536";5.28498177912858;0.850412720388654;500
"537";5.28705421860008;0.850472771256559;501
"538";5.28497525482509;0.850138350233065;501
"539";5.28497525482509;0.850138350233065;501
"540";5.28497525482509;0.850138350233065;501
"541";5.28497525482509;0.850138350233065;501
"542";5.28497525482509;0.850138350233065;501
"543";5.28497525482509;0.850138350233065;501
"544";5.28497525482509;0.850138350233065;501
"545";5.28497525482509;0.850138350233065;501
"546";5.28400658586154;0.849982530651157;501
"547";5.28657436659515;0.850122899823508;502
"548";5.28744752368678;0.849991299716503;503
"549";5.28942095971857;0.850037144077943;504
"550";5.28929712094235;0.85001724254988;504
"551";5.28929712094235;0.85001724254988;504
"552";5.29029976779324;0.849907640502157;505
"553";5.28811867212604;0.849557238832388;505
"554";5.29311705027119;0.849820614785674;507
"555";5.29678767309875;0.850140991135987;508
"556";5.2961164278677;0.849765038361113;509
"557";5.29665957632194;0.849852186854417;509
"558";5.29775040415887;0.850027210831198;509
"559";5.31022854418008;0.850430270147907;515
"560";5.31121328282221;0.85058797551642;515
"561";5.31141281349367;0.850619930247074;515
"562";5.31057459093949;0.850485689351928;515
"563";5.3087760786569;0.850197658568767;515
"564";5.30985215592696;0.850369991769845;515
"565";5.30985215592696;0.850369991769845;515
"566";5.31131881715521;0.850340702869129;516
"567";5.31291630769685;0.850332882537214;517
"568";5.31291630769685;0.850332882537214;517
"569";5.31499403037633;0.85040241350698;518
"570";5.31519591326254;0.850434714896727;518
"571";5.31904757403797;0.850788443558808;519
"572";5.32011281265038;0.850958829833504;519
"573";5.32090021855511;0.850822812531491;520
"574";5.32090021855511;0.850822812531491;520
"575";5.32099125873044;0.850837370041468;520
"576";5.32099125873044;0.850837370041468;520
"577";5.32240354289397;0.8508018235016;521
"578";5.32240354289397;0.8508018235016;521
"579";5.32196977962663;0.850732485170553;521
"580";5.32196977962663;0.850732485170553;521
"581";5.32426834422987;0.850839113688269;522
"582";5.32426834422987;0.850839113688269;522
"583";5.32622875207693;0.850892153517581;523
"584";5.32622875207693;0.850892153517581;523
"585";5.32348011513763;0.850453044776032;523
"586";5.32592201814669;0.850324663203352;525
"587";5.32579581187242;0.850304513395058;525
"588";5.32961525102393;0.850398070038521;527
"589";5.32696721133005;0.849975546509335;527
"590";5.32696721133005;0.849975546509335;527
"591";5.32833404748105;0.849936546887897;528
"592";5.32833404748105;0.849936546887897;528
"593";5.32717754479895;0.849752070110104;528
"594";5.32737819665857;0.849784076614796;528
"595";5.33116906194746;0.849620916920812;531
"596";5.33126978583923;0.849636969145809;531
"597";5.33041770135984;0.849501173640496;531
"598";5.33004364557836;0.849441560896585;531
"599";5.3333867034299;0.849719553529927;532
"600";5.3323480865548;0.849554080235663;532
"601";5.33073051250639;0.849296367008656;532
"602";5.33362086617445;0.849502694319956;533
"603";5.33515473002924;0.849746997675979;533
"604";5.33933980503296;0.849906573558192;535
"605";5.33933980503296;0.849906573558192;535
"606";5.33979081161626;0.849978363980578;535
"607";5.34429177881969;0.850189850278223;537
"608";5.34429177881969;0.850189850278223;537
"609";5.34320560808062;0.850017058189721;537
"610";5.34510042102988;0.850066897957125;538
"611";5.34685742452086;0.850095264919606;539
"612";5.35063578261095;0.850195346207994;541
"613";5.35063578261095;0.850195346207994;541
"614";5.35181068203962;0.850132572764317;542
"615";5.35355650387462;0.850160959875283;543
"616";5.35313785293453;0.85009447684016;543
"617";5.35252766493654;0.849997577141109;543
"618";5.35254085580002;0.849999671890113;543
"619";5.35254085580002;0.849999671890113;543
"620";5.35254085580002;0.849999671890113;543
"621";5.35103673722125;0.849760813311939;543
"622";5.35032165367784;0.849647255883113;543
"623";5.35032165367784;0.849647255883113;543
"624";5.35260225138163;0.8497611334229;544
"625";5.35852869245301;0.850206670127903;546
"626";5.35852869245301;0.850206670127903;546
"627";5.36023215255707;0.850476948263169;546
"628";5.36092286665684;0.850586539863491;546
"629";5.36464394069111;0.850192301095683;550
"630";5.36530037823502;0.850296333749509;550
"631";5.36530037823502;0.850296333749509;550
"632";5.36699093029566;0.850564253552286;550
"633";5.3665676571681;0.850497172948561;550
"634";5.3665676571681;0.850497172948561;550
"635";5.36895630712089;0.8506308438902;551
"636";5.37111891458863;0.850729078993201;552
"637";5.37161600076596;0.850807812246466;552
"638";5.37047991331544;0.850627867872527;552
"639";5.37047991331544;0.850627867872527;552
"640";5.37092497608212;0.850698361161469;552
"641";5.37316964824333;0.850809985268945;553
"642";5.37138482411666;0.850527368808209;553
"643";5.3746774960957;0.850805347432398;554
"644";5.37535737681862;0.850912971779179;554
"645";5.37535737681862;0.850912971779179;554
"646";5.37430473013963;0.850746339004637;554
"647";5.37430473013963;0.850746339004637;554
"648";5.37083628807179;0.850197288561943;554
"649";5.37578531310606;0.850495550991153;556
"650";5.37578531310606;0.850495550991153;556
"651";5.37281293200833;0.850025294693286;556
"652";5.37888338847748;0.850502544285084;558
"653";5.37576340976265;0.850009217019288;558
"654";5.37895590965657;0.850033129832665;560
"655";5.37989357003774;0.850181307732226;560
"656";5.38090500952422;0.850101464162403;561
"657";5.38311465648047;0.850211337547166;562
"658";5.38409254157985;0.85036578512099;562
"659";5.38635048217769;0.850483603825946;563
"660";5.38813224866984;0.850526615047646;564
"661";5.38555917476969;0.850120450585906;564
"662";5.38686084431285;0.850325921524509;564
"663";5.38687288130587;0.850090109757728;565
"664";5.39316371385577;0.850372195325026;568
"665";5.39824592453025;0.850937526421664;569
"666";5.40066167566575;0.851082754915466;570
"667";5.40241324337057;0.851123676983933;571
"668";5.40241324337057;0.851123676983933;571
"669";5.40307321601943;0.851227652433848;571
"670";5.40303113759771;0.851221023185141;571
"671";5.40367456878115;0.851322392608409;571
"672";5.4016351740906;0.851001095989722;571
"673";5.4016351740906;0.851001095989722;571
"674";5.40210199539756;0.851074641394224;571
"675";5.40210199539756;0.851074641394224;571
"676";5.40742443225085;0.851210435065467;574
"677";5.40848671940068;0.850911754192745;576
"678";5.40848671940068;0.850911754192745;576
"679";5.40848671940068;0.850911754192745;576
"680";5.40741769781881;0.850743566106743;576
"681";5.40741769781881;0.850743566106743;576
"682";5.40554799082769;0.850449406993819;576
"683";5.40682260165965;0.850649940228937;576
"684";5.4071622480926;0.850471279631534;577
"685";5.40617294668867;0.850315676305366;577
"686";5.40387477036577;0.849954205191964;577
"687";5.40216669689135;0.849685549034291;577
"688";5.40045757671183;0.849416728244487;577
"689";5.40219807986532;0.849228298593089;579
"690";5.40219807986532;0.849228298593089;579
"691";5.40219807986532;0.849228298593089;579
"692";5.40222827530165;0.849002736966662;580
"693";5.40394856874535;0.849043234399679;581
"694";5.40132415977141;0.848630899482853;581
"695";5.40132415977141;0.848630899482853;581
"696";5.39954189521575;0.84835087837539;581
"697";5.39987260496944;0.848402837951864;581
"698";5.40251092418026;0.848588078517719;582
"699";5.40413753413162;0.848614743252961;583
"700";5.40458348258657;0.848456435532682;584
"701";5.40460049387523;0.848459106106166;584
"702";5.40335344547226;0.84826333408297;584
"703";5.40353255260481;0.848063674021884;585
"704";5.40386372075945;0.848115649591423;585
"705";5.40545879344356;0.848365990121003;585
"706";5.40780787522173;0.848507222886526;586
"707";5.40780787522173;0.848507222886526;586
"708";5.40846034610233;0.848609598242249;586
"709";5.40854657399216;0.848623127751623;586
"710";5.40898285949391;0.848464596195841;587
"711";5.40780341141723;0.848279585453136;587
"712";5.40613946225387;0.848018574835862;587
"713";5.40613946225387;0.848018574835862;587
"714";5.40782903677143;0.848057174308446;588
"715";5.41045178480968;0.848242439283393;589
"716";5.41138577795812;0.848388869315119;589
"717";5.41231905280706;0.848535186732939;589
"718";5.41098626944828;0.84832623497581;589
"719";5.40932404998004;0.848065634724216;589
"720";5.41082875113731;0.848075992246781;590
"721";5.41029215092099;0.847991887245157;590
"722";5.40994347637816;0.847712228247069;591
"723";5.40994347637816;0.847712228247069;591
"724";5.40912705059955;0.847584298238373;591
"725";5.40747584733932;0.847325562597024;591
"726";5.40937097956968;0.847622520739533;591
"727";5.41069778038293;0.847830424071379;591
"728";5.4110298226832;0.847882453509295;591
"729";5.41269834068147;0.847919278583131;592
"730";5.41318777456054;0.84777180400494;593
"731";5.41365371390203;0.847844775838275;593
"732";5.41365371390203;0.847844775838275;593
"733";5.41365371390203;0.847844775838275;593
"734";5.41362139291806;0.84783971397454;593
"735";5.41454651963396;0.847984600200093;593
"736";5.41851288337031;0.848158535138558;595
"737";5.42174736849188;0.848441811657425;596
"738";5.42505350846017;0.848514350892416;598
"739";5.42680003273507;0.848565762240944;599
"740";5.4282508778501;0.848350447775986;601
"741";5.4282508778501;0.848350447775986;601
"742";5.4282508778501;0.848350447775986;601
"743";5.43153713909818;0.848423522546483;603
"744";5.4314671280919;0.848412586602745;603
"745";5.43310753058996;0.84844921955338;604
"746";5.43310753058996;0.84844921955338;604
"747";5.43424329250076;0.848407410931196;605
"748";5.43262576995484;0.848154879338214;605
"749";5.43395000444053;0.848142936383347;606
"750";5.43233424411005;0.847890744936967;606
"751";5.43279369945415;0.847744291487527;607
"752";5.4337007325414;0.847885826794119;607
"753";5.43532949656736;0.847922185689294;608
"754";5.43532949656736;0.847922185689294;608
"755";5.43526369488645;0.847911920496515;608
"756";5.43514608950944;0.84789357382436;608
"757";5.43560205971274;0.847964706080764;608
"758";5.43560205971274;0.847964706080764;608
"759";5.4402649754532;0.848040958706838;611
"760";5.44116632512433;0.848181463157022;611
"761";5.44278604129087;0.848217722301463;612
"762";5.43971035340335;0.847738399220476;612
"763";5.44195620769339;0.847872668820069;613
"764";5.44258462827516;0.847970578581831;613
"765";5.44419849139317;0.848006665476354;614
"766";5.4464787520458;0.84814685836484;615
"767";5.44772102484589;0.848340309917779;615
"768";5.44932829064549;0.848375957141734;616
"769";5.44840359905392;0.84823199699248;616
"770";5.44840359905392;0.84823199699248;616
"771";5.44994413603669;0.848257624514797;617
"772";5.45154801572391;0.848293442338266;618
"773";5.45154801572391;0.848293442338266;618
"774";5.45258090572387;0.848027806554749;620
"775";5.45323074647592;0.847916345310665;621
"776";5.45642484566913;0.84798902762418;623
"777";5.45663916197052;0.84802233475791;623
"778";5.45489254900484;0.847750891702742;623
"779";5.45489254900484;0.847750891702742;623
"780";5.45489254900484;0.847750891702742;623
"781";5.45319421044043;0.847486951025735;623
"782";5.45319421044043;0.847486951025735;623
"783";5.4540818751716;0.847624903984591;623
"784";5.45452946244734;0.847694464018765;623
"785";5.45674100544455;0.847826836405469;624
"786";5.45851054752661;0.848101774370057;624
"787";5.45851054752661;0.848101774370057;624
"788";5.45700320315007;0.847867574686975;624
"789";5.45700320315007;0.847867574686975;624
"790";5.45700320315007;0.847867574686975;624
"791";5.45700320315007;0.847867574686975;624
"792";5.45702777667744;0.847660499127965;625
"793";5.45702777667744;0.847660499127965;625
"794";5.45603300954864;0.847505978235747;625
"795";5.45603300954864;0.847505978235747;625
"796";5.460718766133;0.847603371501612;628
"797";5.46056509787462;0.847579519378939;628
"798";5.46194333283511;0.847584121933569;629
"799";5.46340721802468;0.847602342502295;630
"800";5.46340721802468;0.847602342502295;630
"801";5.46362373101659;0.847635932698265;630
"802";5.46449947354665;0.847771796892583;630
"803";5.46235261621688;0.847438729773638;630
"804";5.46220140130936;0.847415270034189;630
"805";5.46220140130936;0.847415270034189;630
"806";5.46251989264713;0.8474646813252;630
"807";5.46251989264713;0.8474646813252;630
"808";5.46374342016063;0.847445977692005;631
"809";5.46374342016063;0.847445977692005;631
"810";5.46461768437917;0.847581579172247;631
"811";5.46461768437917;0.847581579172247;631
"812";5.46388478086499;0.847467903238484;631
"813";5.46309829583173;0.847345916621124;631
"814";5.46400608616141;0.847486718120082;631
"815";5.46451677431348;0.847357806954045;632
"816";5.46493334401932;0.847214696971317;633
"817";5.46549378593694;0.84709428346451;634
"818";5.46636263154241;0.847228945431833;634
"819";5.46508603976508;0.847031087079184;634
"820";5.46789387745467;0.847052778284393;636
"821";5.46789387745467;0.847052778284393;636
"822";5.4679689291718;0.846858293055718;637
"823";5.46728709660438;0.846752693413205;637
"824";5.46728709660438;0.846752693413205;637
"825";5.46590760339305;0.846539042735711;637
"826";5.46590760339305;0.846539042735711;637
"827";5.46590760339305;0.846539042735711;637
"828";5.46579771076907;0.846522022982826;637
"829";5.46733792947824;0.846554901525952;638
"830";5.46887176319432;0.8465870976603;639
"831";5.46877632255318;0.846367446730857;640
"832";5.46848176520868;0.846117413151039;641
"833";5.4685729498984;0.845927488804966;642
"834";5.47055832337677;0.846030912805122;643
"835";5.47099731823829;0.84589551089582;644
"836";5.47099731823829;0.84589551089582;644
"837";5.47099731823829;0.84589551089582;644
"838";5.47099731823829;0.84589551089582;644
"839";5.469567234025;0.845674399141261;644
"840";5.47123620259272;0.845729556698099;645
"841";5.4759391070648;0.845849793254963;648
"842";5.4766814987644;0.845964467989897;648
"843";5.4766814987644;0.845964467989897;648
"844";5.47753635331137;0.845895030177901;649
"845";5.47539460949303;0.845564281035404;649
"846";5.47507816609249;0.845515412733565;649
"847";5.47743967257816;0.845679024965673;650
"848";5.4745290730647;0.845229648412805;650
"849";5.4730480082626;0.845000982190514;650
"850";5.4730480082626;0.845000982190514;650
"851";5.4730480082626;0.845000982190514;650
"852";5.47363693403863;0.844891377235434;651
"853";5.47518948070203;0.844930837801853;652
"854";5.4748266270858;0.844874842258495;652
"855";5.47390894272777;0.844733225275887;652
"856";5.4759115833686;0.844842462590568;653
"857";5.47740913565614;0.844874045533889;654
"858";5.47748973798134;0.84488647820249;654
"859";5.47898558433918;0.844918084864714;655
"860";5.48048024711695;0.844949797800054;656
"861";5.48035926643367;0.844931145674827;656
"862";5.48035926643367;0.844931145674827;656
"863";5.48035926643367;0.844931145674827;656
"864";5.48058492220046;0.84496593601909;656
"865";5.48058492220046;0.84496593601909;656
"866";5.48058492220046;0.84496593601909;656
"867";5.4820773936959;0.844997595147429;657
"868";5.48010106409644;0.844692967241103;657
"869";5.48096557816836;0.844826221892446;657
"870";5.48096557816836;0.844826221892446;657
"871";5.48193933329199;0.844976314763933;657
"872";5.48237724683825;0.845043813973976;657
"873";5.48237724683825;0.845043813973976;657
"874";5.48379500792302;0.845064236059354;658
"875";5.48463408780639;0.845193540017581;658
"876";5.48485944083424;0.845228267388689;658
"877";5.48437040006481;0.845152905187217;658
"878";5.48585347919358;0.845183660963623;659
"879";5.48569640821007;0.84515946166093;659
"880";5.48834175079991;0.845172435874974;661
"881";5.48885301951295;0.845054443462417;662
"882";5.48968647250055;0.845182760461994;662
"883";5.49428482167591;0.845302282568556;665
"884";5.49357573925782;0.845193189391555;665
"885";5.49385644194164;0.845236375834752;665
"886";5.49242141755557;0.845015595618863;665
"887";5.4908818640444;0.84477873347222;665
"888";5.49187020171584;0.844735503265055;666
"889";5.49097012487644;0.844597057374314;666
"890";5.49143894742962;0.844474280832543;667
"891";5.49192197281092;0.844159892497673;669
"892";5.49192197281092;0.844159892497673;669
"893";5.49483637323407;0.844220505843697;671
"894";5.49426827348701;0.844133223634864;671
"895";5.49545364026003;0.84431534205819;671
"896";5.49504065584438;0.844251891595135;671
"897";5.49614676282215;0.844421832632294;671
"898";5.49507586355811;0.844257300868839;671
"899";5.49357707713854;0.844027029002064;671
"900";5.49357707713854;0.844027029002064;671
"901";5.49299011266761;0.843936848438186;671
"902";5.49299011266761;0.843936848438186;671
"903";5.49157912460001;0.843720065811869;671
"904";5.49157912460001;0.843720065811869;671
"905";5.48910008702716;0.843339189255844;671
"906";5.48913875277929;0.843152216957676;672
"907";5.48917601647302;0.84296540153122;673
"908";5.49062370409563;0.842995504626285;674
"909";5.49062370409563;0.842995504626285;674
"910";5.48980568190466;0.842869910692546;674
"911";5.49007863579797;0.842911818300394;674
"912";5.48981558591079;0.842871431290768;674
"913";5.48990728292039;0.842885509867457;674
"914";5.4908213470379;0.843025849468845;674
"915";5.4908213470379;0.843025849468845;674
"916";5.48937256286194;0.842803412344516;674
"917";5.48748101823208;0.842512996591095;674
"918";5.48748101823208;0.842512996591095;674
"919";5.48748101823208;0.842512996591095;674
"920";5.4897452116801;0.842668813218967;675
"921";5.48944988070185;0.842623480294514;675
"922";5.4909987483596;0.842669743557396;676
"923";5.49158474222916;0.842759672425788;676
"924";5.49162593080934;0.842574855475264;677
"925";5.49134328424375;0.84253148928606;677
"926";5.49195886388716;0.842435156212316;678
"927";5.49446817200223;0.842629569256901;679
"928";5.49400439453896;0.842558444519825;679
"929";5.4934330991168;0.842470830869073;679
"930";5.4934330991168;0.842470830869073;679
"931";5.49290230647242;0.842389428709064;679
"932";5.49046269510065;0.842015290828017;679
"933";5.49188992464064;0.84204412518961;680
"934";5.49107360131893;0.841918962401073;680
"935";5.49270703122827;0.842169408072407;680
"936";5.49274831049538;0.841986027376113;681
"937";5.49274831049538;0.841986027376113;681
"938";5.49067970280527;0.841668929509483;681
"939";5.49433664321817;0.841851064229521;683
"940";5.49476999153832;0.841917462553502;683
"941";5.49476999153832;0.841917462553502;683
"942";5.49476999153832;0.841917462553502;683
"943";5.49468027132785;0.841903715479093;683
"944";5.49690977640584;0.842056558233419;684
"945";5.49690977640584;0.842056558233419;684
"946";5.49553252460133;0.84184558080037;684
"947";5.49553252460133;0.84184558080037;684
"948";5.49698842200506;0.841692148489876;686
"949";5.49779783284687;0.841816084488673;686
"950";5.49779952979298;0.841816344322986;686
"951";5.50002099309171;0.841968697107288;687
"952";5.50018259615659;0.841993436053222;687
"953";5.50182599499639;0.842057515396631;688
"954";5.50276634984819;0.842014261088585;689
"955";5.50317332912479;0.84188970015851;690
"956";5.50457999421005;0.841918365557068;691
"957";5.50538367480273;0.842041287460597;691
"958";5.5040145124477;0.841831875855472;691
"959";5.50424671949268;0.841867391621613;691
"960";5.50473500367059;0.841942074052865;691
"961";5.50473500367059;0.841942074052865;691
"962";5.50509846640869;0.841811469987588;692
"963";5.50405539480688;0.841651968819029;692
"964";5.50405539480688;0.841651968819029;692
"965";5.50352021923525;0.841570132510849;692
"966";5.50602931104882;0.841397231654426;695
"967";5.50682917148395;0.841519461362588;695
"968";5.50682917148395;0.841519461362588;695
"969";5.50682917148395;0.841519461362588;695
"970";5.50674103932323;0.84132114021268;696
"971";5.50674103932323;0.84132114021268;696
"972";5.50813579855904;0.841349678195604;697
"973";5.50845595780977;0.841030487670105;699
"974";5.50845595780977;0.841030487670105;699
"975";5.50845595780977;0.841030487670105;699
"976";5.50845595780977;0.841030487670105;699
"977";5.50845595780977;0.841030487670105;699
"978";5.50984616556426;0.841059166392859;700
"979";5.50923313154221;0.840965588846761;700
"980";5.50749567726068;0.84070037239502;700
"981";5.50965962929925;0.841030692270201;700
"982";5.50831431652385;0.840825334877741;700
"983";5.50701708854017;0.840627317464225;700
"984";5.50701708854017;0.840627317464225;700
"985";5.50875423216458;0.84070928675488;701
"986";5.50875423216458;0.84070928675488;701
"987";5.50809211555432;0.84060823893904;701
"988";5.50726148841794;0.840481474171916;701
"989";5.50592166325739;0.840276999002462;701
"990";5.50759571436065;0.84034966101083;702
"991";5.50582420687037;0.840079364170586;702
"992";5.50536204142018;0.83982644000631;703
"993";5.50402894979535;0.839623080883865;703
"994";5.50319565323752;0.839495963997389;703
"995";5.50382777084808;0.839592391639848;703
"996";5.50572713633362;0.839882134138523;703
"997";5.50620882008212;0.839955613547265;703
"998";5.50617603075986;0.839950611634661;703
"999";5.50557870964723;0.839859492093424;703
"1000";5.50600711966718;0.839924844754921;703
"1001";5.50517907230817;0.839798528617956;703
"1002";5.50517907230817;0.839798528617956;703
"1003";5.50541798863067;0.839834974585191;703
"1004";5.50541798863067;0.839834974585191;703
"1005";5.50565687985016;0.839871416723039;703
"1006";5.50350860007927;0.839543703097931;703
"1007";5.50253577553043;0.839395301635602;703
"1008";5.5009815137692;0.839158203673296;703
"1009";5.5009815137692;0.839158203673296;703
"1010";5.5009815137692;0.839158203673296;703
"1011";5.50313489322364;0.839304700311421;704
"1012";5.50313489322364;0.839304700311421;704
"1013";5.50372260770955;0.8392126576831;705
"1014";5.50464233645093;0.839171527163311;706
"1015";5.50234177933412;0.838820811910432;706
"1016";5.50353234402801;0.838821310900846;707
"1017";5.50353234402801;0.838821310900846;707
"1018";5.50176010509779;0.838551194966251;707
"1019";5.50176010509779;0.838551194966251;707
"1020";5.50254626859429;0.838671018136806;707
"1021";5.50290741493883;0.838545416368107;708
"1022";5.50221342345235;0.838439664383546;708
"1023";5.50115487126274;0.838278359818587;708
"1024";5.50044487398203;0.838170168835078;708
"1025";5.50147056338467;0.838146199462628;709
"1026";5.5023761494832;0.83828416503711;709
"1027";5.5023761494832;0.83828416503711;709
"1028";5.5023761494832;0.83828416503711;709
"1029";5.5023761494832;0.83828416503711;709
"1030";5.50346771843604;0.838270464871488;710
"1031";5.50305923587511;0.83820824612437;710
"1032";5.50305923587511;0.83820824612437;710
"1033";5.5045862776353;0.838261134003335;711
"1034";5.50727540809482;0.838491181495575;712
"1035";5.50751805308004;0.838528124569104;712
"1036";5.50930588204976;0.838621122350678;713
"1037";5.50790155704141;0.838407357379216;713
"1038";5.50822603190735;0.838456748624153;713
"1039";5.50805018713904;0.838429981706483;713
"1040";5.51016384794414;0.838572818831981;714
"1041";5.51016384794414;0.838572818831981;714
"1042";5.51016384794414;0.838572818831981;714
"1043";5.51016384794414;0.838572818831981;714
"1044";5.51016384794414;0.838572818831981;714
"1045";5.50936191890685;0.838450776019487;714
"1046";5.50749066644629;0.838165996565754;714
"1047";5.50532073402672;0.837835762039891;714
"1048";5.50506050723755;0.837617748700895;715
"1049";5.50388260949114;0.837438526681945;715
"1050";5.50644613469368;0.837472641865605;717
"1051";5.50598968709292;0.837403220978025;717
"1052";5.50598968709292;0.837403220978025;717
"1053";5.50435836347627;0.837155113784102;717
"1054";5.5034488607763;0.837016787972808;717
"1055";5.5021852626925;0.836824607971476;717
"1056";5.50121586310611;0.836677172472649;717
"1057";5.50121586310611;0.836677172472649;717
"1058";5.50118232165456;0.836672071170038;717
"1059";5.5006411540411;0.836589765258048;717
"1060";5.50203299799815;0.836447091050331;719
"1061";5.50203299799815;0.836447091050331;719
"1062";5.50203299799815;0.836447091050331;719
"1063";5.50335765120837;0.836471731184586;720
"1064";5.50145533581065;0.836182592597774;720
"1065";5.50067247148458;0.836063602715667;720
"1066";5.50013026078463;0.835981190495418;720
"1067";5.50066673884614;0.835886397064407;721
"1068";5.49939358316791;0.835692927151884;721
"1069";5.50071487217406;0.835717694189686;722
"1070";5.50203527123391;0.835742559146238;723
"1071";5.50467340349387;0.835792580570895;725
"1072";5.50377509778431;0.835656187874708;725
"1073";5.50350276907538;0.835614839315453;725
"1074";5.50426438588346;0.835730478088323;725
"1075";5.50426438588346;0.835730478088323;725
"1076";5.50745639490888;0.835865510669734;727
"1077";5.50541557738423;0.835555776218816;727
"1078";5.50389735991296;0.835325356669221;727
"1079";5.50466489170932;0.835441844810191;727
"1080";5.50466489170932;0.835441844810191;727
"1081";5.50322193663221;0.835222847818492;727
"1082";5.50306368501346;0.835198830003254;727
"1083";5.50472642032873;0.835451182995952;727
"1084";5.50391007140835;0.83532728589023;727
"1085";5.50391007140835;0.83532728589023;727
"1086";5.50391007140835;0.83532728589023;727
"1087";5.5036250258915;0.835284024591471;727
"1088";5.50405270428527;0.83534893325227;727
"1089";5.50326605453443;0.835229543583328;727
"1090";5.50051581469646;0.834812140255587;727
"1091";5.50107747504512;0.834897383329793;727
"1092";5.50069936045552;0.834839996957234;727
"1093";5.50349642630078;0.834916388469931;729
"1094";5.50349642630078;0.834916388469931;729
"1095";5.50101246539243;0.834539555360566;729
"1096";5.49977720132924;0.834352157726307;729
"1097";5.49977720132924;0.834352157726307;729
"1098";5.50002946675554;0.834390428040731;729
"1099";5.50002946675554;0.834390428040731;729
"1100";5.49784632220517;0.834059230739539;729
"1101";5.49861137963933;0.834175294954071;729
"1102";5.49861137963933;0.834175294954071;729
"1103";5.49781643557793;0.834054696742795;729
"1104";5.49781643557793;0.834054696742795;729
"1105";5.49781643557793;0.834054696742795;729
"1106";5.49807476798285;0.833920465652973;730
"1107";5.49604500196299;0.833612600901059;730
"1108";5.49500233822069;0.833454454882645;730
"1109";5.49410101930555;0.833317747340254;730
"1110";5.49267959181917;0.833102152332664;730
"1111";5.49267959181917;0.833102152332664;730
"1112";5.4923738896853;0.833055784962888;730
"1113";5.49062884026729;0.832791104600276;730
"1114";5.49061434238283;0.832616028081316;731
"1115";5.49061434238283;0.832616028081316;731
"1116";5.49234511055893;0.832705863837231;732
"1117";5.49310893759182;0.832821669242108;732
"1118";5.491599101362;0.832592759831519;732
"1119";5.491599101362;0.832592759831519;732
"1120";5.49199518444632;0.832652810811608;732
"1121";5.49199518444632;0.832652810811608;732
"1122";5.4925572456988;0.832738026086934;732
"1123";5.49133521154706;0.832552750947903;732
"1124";5.49392590637721;0.832601104666635;734
"1125";5.49546137103641;0.832662000215285;735
"1126";5.49712853552778;0.832914605852254;735
"1127";5.49814539970836;0.83306867920577;735
"1128";5.49870415314735;0.833153340478904;735
"1129";5.49870415314735;0.833153340478904;735
"1130";5.49772240670188;0.83300458809875;735
"1131";5.49539944979335;0.83265261802467;735
"1132";5.49660007851126;0.832663000630204;736
"1133";5.49538822415661;0.832479420549997;736
"1134";5.49460006600437;0.832360024901298;736
"1135";5.49371729056067;0.832226295970808;736
"1136";5.49273429403564;0.832077384857675;736
"1137";5.49227341846824;0.832007568238786;736
"1138";5.49260820524148;0.832058284054962;736
"1139";5.49274859169634;0.832079550766216;736
"1140";5.49154192703464;0.831896756856597;736
"1141";5.49154192703464;0.831896756856597;736
"1142";5.4912339062429;0.831850095736443;736
"1143";5.49168426410585;0.831918319060709;736
"1144";5.49150439833868;0.831891071750141;736
"1145";5.49206384395087;0.831975820441238;736
"1146";5.49342230711035;0.831839648097355;738
"1147";5.49337005132794;0.831831735282861;738
"1148";5.49337005132794;0.831831735282861;738
"1149";5.49314992226376;0.831798402312437;738
"1150";5.49270313963373;0.831730748401093;738
"1151";5.49311467053924;0.831793064331761;738
"1152";5.49311467053924;0.831793064331761;738
"1153";5.49337353821388;0.831832263283406;738
"1154";5.49331834499353;0.83165338047386;739
"1155";5.49318691099116;0.831633482203722;739
"1156";5.49176371768788;0.831418019809699;739
"1157";5.49176371768788;0.831418019809699;739
"1158";5.49056518567139;0.831236569702402;739
"1159";5.49034969590479;0.831203945925371;739
"1160";5.49034969590479;0.831203945925371;739
"1161";5.48990296392534;0.831136313551359;739
"1162";5.49071195478138;0.831088645536567;740
"1163";5.48948404082125;0.830902785240422;740
"1164";5.48958208526596;0.830917625506207;740
"1165";5.49038697470438;0.831039455694841;740
"1166";5.49094430308435;0.83112381438862;740
"1167";5.49199231806988;0.831112560287295;741
"1168";5.49199231806988;0.831112560287295;741
"1169";5.49199231806988;0.831112560287295;741
"1170";5.49199231806988;0.831112560287295;741
"1171";5.49199231806988;0.831112560287295;741
"1172";5.49325982549856;0.831134749185388;742
"1173";5.49160779919322;0.83088479624077;742
"1174";5.4904232651373;0.830705575259652;742
"1175";5.48812870769212;0.830358406822826;742
"1176";5.488617381219;0.830263158991352;743
"1177";5.48832612224469;0.830219100245897;743
"1178";5.48832612224469;0.830219100245897;743
"1179";5.48832612224469;0.830219100245897;743
