"empEntropy";"evenness_log2";"entropy";"evenness"
"1";0;1;0;1
"2";1;0.693147180559945;0.693147180559945;1
"3";2.32192809488736;0.693147180559945;1.6094379124341;1
"4";3.16992500144231;0.693147180559945;2.19722457733622;1
"5";3.32192809488736;0.693147180559945;2.30258509299405;1
"6";3.4594316186373;0.693147180559945;2.39789527279837;1
"7";3.52164063634332;0.68090399203218;2.4410152780267;0.982336812626325
"8";3.75;0.682705442574042;2.59930192709979;0.984935756389476
"9";3.73452166477975;0.679887537588216;2.58857316268212;0.980870378840728
"10";3.78714396069814;0.671902141739824;2.62504815873254;0.969349887850717
"11";3.78418371977919;0.67137694591042;2.62299627608579;0.968592190432141
"12";3.96900162987599;0.673058666521069;2.75110228938637;0.971018400417284
"13";4.05350885479768;0.673795867576985;2.80967823407778;0.972081956724793
"14";4.34919993934934;0.666429620050834;3.01463567565148;0.961454707948854
"15";4.42968260664445;0.661179391457421;3.07042200957103;0.953880229193604
"16";4.55219712635823;0.656357322196168;3.15534260348829;0.94692345378357
"17";4.62160288613567;0.65284744947434;3.20345101019265;0.941859777813638
"18";4.90455750944737;0.6575685737451;3.39958020956756;0.948670920386484
"19";5.2531686595513;0.65553349538627;3.64121904537385;0.945734922930381
"20";5.32365775722848;0.65382218125517;3.690078364689;0.943266018520039
"21";5.35483369020742;0.654338779440798;3.71168787473468;0.944011312160577
"22";5.35950661414123;0.651691287421561;3.71492689878437;0.94019178855363
"23";5.39940891929106;0.650331577757141;3.74258506909682;0.938230142163723
"24";5.45617945640086;0.651232007960928;3.78193540683335;0.939529188353393
"25";5.53798119153007;0.652535946290247;3.83863604890308;0.941410373714727
"26";5.64513485641553;0.654630427164928;3.9129093096051;0.944432070885866
"27";5.72179630258502;0.656152940486296;3.96604697487513;0.946628593304291
"28";5.74416124110776;0.654057244009027;3.98154916895556;0.943605142389326
"29";5.87105895721961;0.653335434102034;4.06950796309799;0.942563790816042
"30";5.84976038964446;0.648974385875758;4.0547449210333;0.936272128166916
"31";5.89122264688642;0.649677494860368;4.08348436774022;0.937286500012217
"311";5.89122264688642;0.649677494860368;4.08348436774022;0.937286500012217
"3111";5.89122264688642;0.649677494860368;4.08348436774022;0.937286500012217
"34";5.91158923854194;0.650022831855118;4.09760141332386;0.93778471598198
"35";5.88911925215613;0.647552091146847;4.08202640561332;0.934220190614834
"36";5.88472281308522;0.645211233826835;4.07897902626681;0.930843047367825
"37";5.89030387205765;0.642204345098921;4.08284752155809;0.926505023911557
"38";5.90002874759334;0.641500077867423;4.08958829161695;0.925488981069215
"39";5.90799744933364;0.64063022905718;4.09511177476096;0.924234054504354
"40";5.89384450178778;0.637393122026465;4.08530169907294;0.919563896244315
"41";5.92101059301914;0.636996397882603;4.10413179861679;0.918991544289365
"42";5.92531574072589;0.635832398590832;4.10711589961162;0.917312248283529
"43";5.93419150425769;0.635181814373288;4.113268110079;0.916373653659197
"44";5.91999296959362;0.633662036826019;4.10342643580851;0.914181078128497
"45";5.92786078607937;0.632928676858974;4.10887999062278;0.913123063340855
"46";5.9493830565912;0.632139024588925;4.1237980917473;0.911983835926829
"461";5.9493830565912;0.632139024588925;4.1237980917473;0.911983835926829
"48";5.94789905368214;0.630473976608675;4.12276945931494;0.90958167946288
"49";5.95271170659401;0.629498726690652;4.12610533611182;0.908174691242521
"50";5.9921245986061;0.630743800079779;4.15342427108771;0.909970952446558
"51";6.02978851716398;0.630457999104408;4.17953091004495;0.909558628796707
"52";6.01230023579729;0.628629472805876;4.16740895712279;0.90692062297368
"53";6.01090557803048;0.627112046831518;4.16644225402388;0.904731440045558
"54";6.01014347295466;0.625680637184797;4.16591400303928;0.902666352446754
"55";6.04254747118473;0.626392643808814;4.18837474305132;0.903693560872302
"56";6.04073938210374;0.62490249108073;4.18712147120263;0.901543724921329
"57";6.05102476546449;0.623409682680682;4.19425075568012;0.899390057645583
"58";6.07341764768246;0.621994336567195;4.20977231885411;0.897348144826512
"59";6.09964314593596;0.623466476877068;4.2279504490273;0.899471994351059
"60";6.1054387199473;0.622859671538822;4.23196763481299;0.898596559298788
"61";6.10477333893234;0.621608021953915;4.23150642783847;0.896790810649711
"62";6.10046340864223;0.620001181070483;4.22851901180948;0.894472629275686
"63";6.09895907358762;0.618695204729492;4.22747628620775;0.89258850368502
"64";6.12759881538699;0.617107092729699;4.24732784248795;0.890297342378542
"65";6.1552879540337;0.617719425523513;4.26652049087305;0.891180751863552
"66";6.14091529060389;0.616277044035693;4.25655811973954;0.889099835244003
"67";6.14025771811458;0.61514473971581;4.25610232522256;0.887466265416931
"68";6.14126313535622;0.614191394078389;4.25679922734889;0.886090878393571
"69";6.18219357911394;0.615174095826383;4.28517004903863;0.887508617332074
"70";6.19230365674324;0.615164916400486;4.29217782084261;0.887495374219855
"71";6.20615170251822;0.615534502918697;4.30177655472781;0.888028574856857
"711";6.20615170251822;0.615534502918697;4.30177655472781;0.888028574856857
"73";6.20864651408903;0.614786546619163;4.30350582633414;0.886949502012718
"74";6.21812494871111;0.61376388866618;4.31007577656856;0.885474118455423
"75";6.28523815113723;0.614690362572681;4.35659510360858;0.886810737765846
"76";6.30636013131903;0.615837698890229;4.37123574461943;0.888465994181404
"77";6.31171621844559;0.615450974096095;4.37494830131004;0.887908068238718
"78";6.37172890722547;0.616847107942986;4.41654592733563;0.889922263616045
"79";6.42270156724617;0.615851313129177;4.45187748291462;0.888485635376419
"80";6.43366499927862;0.616085576244385;4.45947675491718;0.888823605610993
"81";6.44863923388621;0.616708168662794;4.46985610341647;0.889721816605527
"811";6.44863923388621;0.616708168662794;4.46985610341647;0.889721816605527
"83";6.44675778827306;0.616528238783568;4.46855198469434;0.889462232661061
"84";6.457538601802;0.61675423337102;4.47602467519607;0.889788273931645
"85";6.45669473468484;0.615876044523948;4.47543975108304;0.88852131523701
"851";6.45669473468484;0.615876044523948;4.47543975108304;0.88852131523701
"87";6.45011655610759;0.615248580663753;4.470880105149;0.88761607623757
"88";6.44204072951635;0.614478262669539;4.46528236871659;0.886504742287409
"89";6.45269958879818;0.614705065203899;4.47267052697578;0.886831949178992
"90";6.47907308882286;0.613356370884774;4.49095124415938;0.884886194573115
"91";6.48505164909372;0.613922345057403;4.49509526635493;0.885702722705238
"92";6.53978013862122;0.615372234980537;4.53303016456723;0.887794471707179
"93";6.53284701494407;0.614719850386228;4.52822448943794;0.886853279688217
"94";6.57692970234872;0.615270582861205;4.55878027992398;0.887647818698723
"95";6.56880926653475;0.614510917561063;4.5531516227346;0.886551853337472
"96";6.58394262492901;0.614527143615291;4.56364126743799;0.88657526258544
"97";6.58118938905874;0.613579150171864;4.56173286975709;0.885207597145813
"971";6.58118938905874;0.613579150171864;4.56173286975709;0.885207597145813
"9711";6.58118938905874;0.613579150171864;4.56173286975709;0.885207597145813
"100";6.57427828873155;0.612934812679836;4.55694246005073;0.884278014641404
"101";6.59501444115937;0.614181159401704;4.57131566564174;0.886076112876272
"102";6.60446429538219;0.61437875490918;4.57786580545299;0.88636118293501
"103";6.60338684442221;0.613601572795709;4.57711897335789;0.885239946154038
"1031";6.60338684442221;0.613601572795709;4.57711897335789;0.885239946154038
"105";6.62201733359293;0.613990946411484;4.59003264439903;0.885801693538569
"106";6.6147132126772;0.612651346590987;4.58496981357982;0.883869059520762
"107";6.62392940524256;0.612846772679158;4.591357991472;0.884150999769027
"108";6.61723877222324;0.612227754479805;4.58672039805849;0.8832579452826
"109";6.6193061719804;0.612419030562551;4.58815341037126;0.883533898338618
"110";6.62569280388094;0.612356621110852;4.59258028626639;0.883443860532148
"111";6.61643524193445;0.61150102313475;4.58616343330433;0.882209493575031
"112";6.62781686680752;0.610622016715996;4.59405257449528;0.880941355373786
"113";6.62651830929437;0.609868522408022;4.59315248301625;0.879854292872333
"114";6.63904340469995;0.610390937885885;4.60183421758287;0.88060797909153
"1141";6.63904340469995;0.610390937885885;4.60183421758287;0.88060797909153
"116";6.6340140864923;0.609928544424876;4.5983481598471;0.879940886338392
"117";6.6634244841723;0.610148215904544;4.61873389407814;0.880257805292735
"118";6.66303318291744;0.609502612235528;4.61846266471658;0.879326396081065
"119";6.67465643992023;0.609959415369174;4.62651929253699;0.879985423696639
"120";6.6750197534746;0.609992616557163;4.62677112230286;0.880033322885902
"121";6.6689221646406;0.609435392113654;4.62254459579436;0.879229417944589
"122";6.6785963141265;0.609717010252655;4.62925020523482;0.87963570703715
"123";6.68712396891902;0.609896616100814;4.63516112511105;0.879894823503604
"124";6.69202268378618;0.609748290688231;4.63855665550959;0.879680835166433
"125";6.71241813316467;0.610425357102122;4.65269370374254;0.880657635524106
"126";6.7207655240394;0.610599281980318;4.65847967419239;0.880908556083366
"1261";6.7207655240394;0.610599281980318;4.65847967419239;0.880908556083366
"128";6.71690960051078;0.610248961153096;4.65580695167008;0.880403149963213
"129";6.70983187837881;0.609605931421381;4.65090104852951;0.879475454158124
"130";6.71670496732419;0.610230369688127;4.65566511075374;0.8803763281489
"131";6.74583025397712;0.611138626402318;4.67585322108022;0.881686665606317
"132";6.74996679989592;0.610941662653054;4.67872045622109;0.881402506982019
"133";6.74866010260239;0.610823393061401;4.67781472267624;0.881231880028654
"134";6.74350101236689;0.609789155273145;4.67423871382525;0.879739790300437
"135";6.82370337862427;0.611507217478797;4.72983075787079;0.88221843012447
"136";6.83491408064417;0.611977217327176;4.73760142436798;0.882896496574945
"137";6.82307272551437;0.610916978752673;4.72939362244575;0.88136689564135
"138";6.81913360217024;0.61056428174516;4.72666323020588;0.880858061417674
"139";6.82231743134648;0.610319100753067;4.72887009242278;0.880504340016262
"140";6.8277764130467;0.609756198015391;4.73265397019702;0.879692243028113
"141";6.83844109026253;0.610187138070628;4.74004616114075;0.880313958108725
"1411";6.83844109026253;0.610187138070628;4.74004616114075;0.880313958108725
"14111";6.83844109026253;0.610187138070628;4.74004616114075;0.880313958108725
"144";6.83427525781695;0.609297539573954;4.73715862612641;0.879030538769191
"145";6.85151903284414;0.609806178743437;4.74911110016872;0.879764349976605
"146";6.85267929016292;0.609399781934166;4.74991532925796;0.879178043315237
"1461";6.85267929016292;0.609399781934166;4.74991532925796;0.879178043315237
"148";6.85579550238082;0.609676902599768;4.75207532297082;0.879577843925229
"149";6.84673872346213;0.608871495128562;4.74579764219838;0.878415886560625
"150";6.83710824905068;0.608015069669591;4.73912230601263;0.877180325798076
"151";6.82738463778177;0.607150361672036;4.73238241227672;0.875932815858186
"152";6.83021588087927;0.606897273543479;4.73434488044723;0.87556768687021
"153";6.83398135833929;0.607231854183964;4.7369549105321;0.876050384701014
"154";6.84122159849239;0.607372600569704;4.7419734625808;0.876253438813745
"155";6.85794369587325;0.607858766414382;4.75356433723339;0.876954827866911
"156";6.86505876378002;0.607994205136468;4.75849612649247;0.87715022463961
"157";6.86814310391952;0.60826736535199;4.76063402816405;0.877544311527911
"158";6.88929629004289;0.608667689140784;4.77529629948532;0.878121856672753
"159";6.90377744566908;0.608977531842602;4.78533387167887;0.878568865202123
"160";6.90830343162315;0.609376765997694;4.78847104608218;0.879144838337827
"161";6.91873200943605;0.609815115916393;4.79569958539044;0.879777243591708
"162";6.91150514170436;0.609178141803578;4.79069030239794;0.878858284197976
"163";6.92599928858422;0.609499974672938;4.80073687944234;0.879322590882597
"1631";6.92599928858422;0.609499974672938;4.80073687944234;0.879322590882597
"165";6.92750708586168;0.609632663453883;4.80178200487407;0.879514020328847
"166";6.96943494485848;0.610042633314529;4.83084418212461;0.880105481813716
"167";6.96293536159436;0.609473717337659;4.82633901431027;0.879284709555202
"168";6.98312310022553;0.609871853248815;4.84033208842435;0.879859098259826
"169";6.9922847789624;0.609770829529692;4.84668248021001;0.879713351841236
"170";7.00159807177221;0.610135552793116;4.85313796286286;0.880239536284674
"171";7.00036375657508;0.609140572649825;4.85228240076404;0.878804083366166
"172";7.05138353090883;0.610526584585889;4.88764661349629;0.880803675912939
"173";7.07625535000108;0.610979556421215;4.90488644477548;0.881457176133425
"174";7.06555712209369;0.610055847733773;4.89747099826448;0.880124546190827
"175";7.07031908563784;0.610047764064101;4.90077173986904;0.880112883920679
"176";7.06802996959232;0.609850252451352;4.89918504553611;0.879827934896448
"177";7.07557796639355;0.609668900537271;4.90441691823776;0.879566299389348
"178";7.08421668551859;0.609999653021806;4.91040482204293;0.880043474358548
"179";7.08809061296362;0.609511891475177;4.91309002392915;0.87933978319409
"180";7.10624693487906;0.609853594908461;4.92567502727418;0.879832757042743
"181";7.11195728890133;0.609940885504746;4.92963314306471;0.879958690753119
"182";7.11194715466125;0.609940016364631;4.92962611854477;0.879957436848987
"183";7.12356348852915;0.610135441065826;4.93767794761375;0.880239375096268
"184";7.1319098824328;0.610452413175504;4.94346322701591;0.880696669187
"185";7.12658280797768;0.609996444786965;4.9397707803767;0.880038845854053
"186";7.12979549521055;0.609481746255698;4.94199764547419;0.879296292835441
"187";7.13552016963281;0.609578858458838;4.94596568740961;0.879436396129322
"1871";7.13552016963281;0.609578858458838;4.94596568740961;0.879436396129322
"189";7.13281307399114;0.608957403116066;4.94408927169808;0.87853982558817
"190";7.13686252427777;0.608527975522021;4.94689613674707;0.877920292527821
"191";7.14856110434306;0.607994935533292;4.95500497453588;0.877151278379486
"192";7.14817675113432;0.607962245765245;4.9547385611929;0.877104117013236
"193";7.15760626056285;0.60838568472302;4.96127459906735;0.877715010297738
"194";7.16314211530026;0.608479172801622;4.96511176117058;0.877849885085118
"195";7.18493924594312;0.608466246848224;4.98022038081997;0.877831236876252
"196";7.2143722368948;0.609129689005849;5.00062177551358;0.878788381586974
"197";7.22378337945589;0.607780904298694;5.00714508244565;0.876842496578736
"198";7.23906753025222;0.608363645327724;5.01773924847737;0.87768321417144
"199";7.24143180337134;0.608562336361795;5.01937803772396;0.877969864740964
"200";7.24506743041248;0.608867870646502;5.0218980623571;0.878410657538332
"201";7.23717384069992;0.608204501643218;5.01642664290334;0.877453618367014
"202";7.23652982697919;0.608150379405354;5.01598024660858;0.877375536482846
"203";7.23515620468764;0.608034941628169;5.01502812419004;0.877208994974169
"204";7.22625606336159;0.60728698308262;5.00885901632329;0.876129918889716
"205";7.23100654022456;0.607686208177472;5.01215179596718;0.876705878954257
"206";7.23076183159371;0.607316777578559;5.01198217686965;0.876172903261252
"207";7.24467342127199;0.607445823272719;5.02162495603225;0.876359076844266
"208";7.25503022898785;0.607627858384454;5.0288037481001;0.876621697997234
"209";7.26013067259023;0.607713852477929;5.03233910620269;0.876745761249435
"2091";7.26013067259023;0.607713852477929;5.03233910620269;0.876745761249435
"211";7.26649247367912;0.607906368048646;5.03674877069074;0.877023502508603
"212";7.27662481333383;0.608077466836426;5.04377197335488;0.877270345881235
"213";7.27774354635592;0.608170954732201;5.04454741999495;0.877405220404853
"214";7.28138669177638;0.608139071196852;5.0470726559715;0.877359222186518
"215";7.2978914734183;0.608183474084332;5.05851289883236;0.877423282012087
"216";7.34309737603158;0.609655404840787;5.08984724277342;0.879546829214957
"217";7.333209829057;0.608512435331489;5.08299371746534;0.877897872772005
"218";7.3380459519816;0.608592786455272;5.08634586243536;0.878013794939817
"2181";7.3380459519816;0.608592786455272;5.08634586243536;0.878013794939817
"21811";7.3380459519816;0.608592786455272;5.08634586243536;0.878013794939817
"221";7.34024719766628;0.608775350349486;5.08787164967542;0.878277178964645
"2211";7.34024719766628;0.608775350349486;5.08787164967542;0.878277178964645
"223";7.34244515476611;0.608957641499562;5.08939515744216;0.878540169502857
"224";7.33730664627238;0.60853147093278;5.08583341476744;0.877925335339588
"225";7.33852085997298;0.608632173722629;5.08667504357062;0.878070618755106
"226";7.35249878097954;0.609152225983901;5.0963638001064;0.878820895573448
"227";7.36903487908521;0.609570964113307;5.10782574988581;0.879425006996172
"228";7.36636964245928;0.609350494148607;5.10597834863302;0.879106936071435
"229";7.37109477535828;0.60942673822194;5.10925356117974;0.879216933017929
"2291";7.37109477535828;0.60942673822194;5.10925356117974;0.879216933017929
"231";7.3732460643061;0.60960460230406;5.11074472104849;0.879473536647156
"232";7.37795503191158;0.609680280178053;5.11400872866758;0.879582716740671
"233";7.37972505990062;0.609514078279941;5.11523561857769;0.879342938086478
"234";7.3934154427401;0.61002245154367;5.12472506884366;0.880076365672981
"235";7.39922465716452;0.610192193901451;5.12875170944322;0.88032125213078
"236";7.39653755091112;0.60997059618872;5.1268891493198;0.88000155420955
"237";7.39895378522557;0.609554403710987;5.12856395532244;0.87940111538587
"238";7.40183688420465;0.609791924545695;5.13056236725106;0.879743785516211
"239";7.40148724746191;0.609152287469282;5.13032001752862;0.878820984278102
"240";7.39671714613606;0.608456271491184;5.12701363524362;0.87781684547812
"241";7.39367676581766;0.608206168852959;5.12490620419808;0.87745602364224
"242";7.40619900411991;0.608632155422214;5.13358595837159;0.87807059235319
"243";7.41068172711364;0.608700064524821;5.13669314517592;0.878168564478752
"244";7.40306578683279;0.608074504891973;5.13141417764294;0.877266072698661
"245";7.4040533410554;0.608155620819112;5.132098698068;0.877383098244481
"246";7.40523588676116;0.608252752995867;5.13291837628982;0.877523230354197
"247";7.40641767327725;0.60834982281415;5.13373752828148;0.877663272499654
"2471";7.40641767327725;0.60834982281415;5.13373752828148;0.877663272499654
"249";7.41832059185716;0.608432085613907;5.14198800273557;0.877781952632913
"250";7.41157173540379;0.607582642050353;5.13731005191292;0.876556464616259
"251";7.40686540511702;0.607196828529001;5.13404787234386;0.875999853362296
"252";7.39983461023315;0.606620461048018;5.12917449669301;0.875168330855753
"253";7.39374714854035;0.606121425729905;5.12495498978388;0.874448375077083
"2531";7.39374714854035;0.606121425729905;5.12495498978388;0.874448375077083
"255";7.39037153859499;0.605844701428724;5.12261519526758;0.874049146300075
"256";7.399960243621;0.605751123949238;5.12926157912158;0.873914142534482
"257";7.40567317549313;0.605637438169901;5.13322148174148;0.873750128624413
"258";7.4089668462754;0.605906795227319;5.1355044803579;0.874138728715378
"259";7.41184927634305;0.605853249573641;5.13750242863246;0.874061478666355
"260";7.42016808400257;0.605385634574762;5.14326858670727;0.873386852826427
"261";7.43646208160277;0.60586355726653;5.1545627252039;0.874076349523769
"262";7.44074416695079;0.605930535153301;5.1575308405898;0.874172978188863
"2621";7.44074416695079;0.605930535153301;5.1575308405898;0.874172978188863
"264";7.437462762764;0.605663316854923;5.15525634452945;0.873787463674959
"265";7.44085669576137;0.605100175983643;5.15760883961759;0.872975023132641
"266";7.43738965637521;0.604540553715762;5.15520567104218;0.872167658861998
"267";7.43262551832319;0.604153305663822;5.15190342218362;0.87160897801787
"268";7.44517661131179;0.604345614252838;5.16060317690161;0.871886420665563
"269";7.4507713494208;0.604525566860589;5.16448115384785;0.872146037400361
"270";7.45371810865236;0.604219002313659;5.16652369170099;0.871703758248793
"271";7.45778298721554;0.604548512610959;5.16934125081638;0.872179141120629
"2711";7.45778298721554;0.604548512610959;5.16934125081638;0.872179141120629
"273";7.46713218089083;0.604763634723929;5.17582161805292;0.872489496726197
"274";7.46777421448514;0.604815633076268;5.17626664182863;0.872564514491251
"275";7.47093721237965;0.604532616981595;5.17845906490133;0.872156208574974
"276";7.47361082350511;0.604213371232672;5.18031227091486;0.871695634316178
"277";7.47212653059905;0.603827037368489;5.1792834374719;0.871138272366194
"278";7.47619404630704;0.603890187048199;5.18210282451677;0.871229378095945
"279";7.46416317946386;0.602918392792555;5.17376366308473;0.869827375342563
"280";7.46474485646229;0.602965377799793;5.17416685085619;0.869895160379502
"281";7.4665321309306;0.602845463178207;5.17540569511478;0.869722160149609
"282";7.46770617677422;0.602940255271508;5.17621948168114;0.86985891623253
"2821";7.46770617677422;0.602940255271508;5.17621948168114;0.86985891623253
"284";7.46966568489403;0.603098465342713;5.17757770920967;0.870087165117676
"2841";7.46966568489403;0.603098465342713;5.17757770920967;0.870087165117676
"28411";7.46966568489403;0.603098465342713;5.17757770920967;0.870087165117676
"284111";7.46966568489403;0.603098465342713;5.17757770920967;0.870087165117676
"2841111";7.46966568489403;0.603098465342713;5.17757770920967;0.870087165117676
"28411111";7.46966568489403;0.603098465342713;5.17757770920967;0.870087165117676
"290";7.46740071753444;0.602915592588263;5.17600775347031;0.869823335501718
"291";7.46318232223014;0.602575000674039;5.17308378465865;0.8693319652361
"292";7.46474906233368;0.602438197761045;5.17416976614409;0.869134600351944
"293";7.46054066757577;0.602098561728775;5.17125272918296;0.86864460913248
"294";7.45632630434451;0.601758444014361;5.16833155519135;0.868153922992578
"295";7.44907019300734;0.601172843801921;5.16330200207617;0.867309080470146
"296";7.44680183624934;0.600989777399318;5.16172969698485;0.867044971478958
"297";7.45423556693737;0.601066578684946;5.1668823664523;0.867155772312867
"298";7.45542745440787;0.601162685618735;5.16770851989203;0.867294425309639
"2981";7.45542745440787;0.601162685618735;5.16770851989203;0.867294425309639
"300";7.45401031871177;0.601048415966703;5.1667262362798;0.86712956904933
"301";7.4558935482051;0.601200268735277;5.16803159149346;0.867348646285496
"302";7.45989888985018;0.601262824129608;5.17080788276192;0.867438894642679
"303";7.45760110197661;0.601077623975221;5.16921517757583;0.867171707298373
"3031";7.45760110197661;0.601077623975221;5.16921517757583;0.867171707298373
"305";7.46159953999555;0.601140318771433;5.1719866836153;0.867262156769957
"306";7.46191692517786;0.601165888761976;5.17220667825957;0.867299046468509
"307";7.46979581966532;0.601541677038758;5.17766791175948;0.867841194351847
"308";7.46917963655252;0.601492055893551;5.17724080617213;0.867769606171733
"309";7.47066178429341;0.601096060854241;5.17826815269991;0.867198306092305
"310";7.46768227746537;0.600856327097134;5.17620291594259;0.866852443389792
"3112";7.4726458983082;0.600999274675953;5.17964343573517;0.867058673152861
"312";7.46738678826701;0.600576302496726;5.17599809843786;0.866448453287457
"313";7.4693271592162;0.600732359875724;5.17734306109054;0.866673596494231
"314";7.4669956345923;0.600289476304424;5.17572697137108;0.866034650562226
"315";7.46291946926627;0.599961783713101;5.17290158886784;0.865561890085788
"316";7.46684688433003;0.600023019523508;5.17562386554617;0.865650234685787
"317";7.4713628634928;0.600132122448144;5.17875410377032;0.865807636934105
"318";7.46839721075405;0.599893908416103;5.17669846993593;0.86546396673141
"319";7.46638081090024;0.599731942474135;5.17530080806238;0.865230299270139
"320";7.46731064127011;0.599553827977873;5.17594531736166;0.864973334369672
"321";7.47120670946334;0.599614559341481;5.17864586604506;0.865060951206775
"322";7.46724982483351;0.599296992752046;5.17590316262009;0.864602799463047
"323";7.47110738283013;0.599606587711499;5.1785770180693;0.865049450575733
"324";7.47229466066613;0.599701874738633;5.17939997635386;0.86518692069724
"3241";7.47229466066613;0.599701874738633;5.17939997635386;0.86518692069724
"326";7.48004178291182;0.59982139434819;5.18476987229591;0.865359351045238
"327";7.48195675852322;0.599974955434439;5.18609723224179;0.865580892862843
"3271";7.48195675852322;0.599974955434439;5.18609723224179;0.865580892862843
"329";7.48386937404164;0.600128327265829;5.18742295629589;0.865802161643401
"330";7.48806690514231;0.600214792275265;5.19033246314363;0.865926904283724
"331";7.49571348387049;0.600578155477644;5.19563266762999;0.866451126573838
"3311";7.49571348387049;0.600578155477644;5.19563266762999;0.866451126573838
"333";7.50070799473987;0.600729433522079;5.19909459875738;0.86666937465834
"334";7.49961672767964;0.600642034273451;5.19833819007134;0.866543284195767
"3341";7.49961672767964;0.600642034273451;5.19833819007134;0.866543284195767
"33411";7.49961672767964;0.600642034273451;5.19833819007134;0.866543284195767
"337";7.49610766178809;0.60036099424807;5.19590589094222;0.866137829144858
"338";7.49556632185664;0.600317638496774;5.19553066269501;0.86607528001747
"339";7.49410664339992;0.600200733290886;5.19451889068821;0.865906621456681
"340";7.49357093214028;0.600157828338212;5.194147563939;0.865844722694229
"341";7.48997174418005;0.599869570463622;5.19165279695206;0.86542885448806
"342";7.49033595502166;0.599898739999713;5.19190524867005;0.865470937233124
"343";7.49413621257865;0.59995524443232;5.19453938648108;0.865552455897835
"3431";7.49413621257865;0.59995524443232;5.19453938648108;0.865552455897835
"345";7.49332628721569;0.599890404542128;5.19397798899928;0.865458911709803
"3451";7.49332628721569;0.599890404542128;5.19397798899928;0.865458911709803
"347";7.49711908373888;0.599946904268126;5.19660695521577;0.865540423584312
"348";7.49550659015565;0.599817866630788;5.19548925983488;0.865354261624835
"349";7.50423169103615;0.600023768725843;5.2015370389103;0.86565131555628
"350";7.50524478048776;0.600104773387724;5.20223925900734;0.865768180580264
"351";7.51316035254544;0.600492447050316;5.20772591546164;0.866327475450769
"352";7.52249544839245;0.600749866472458;5.21419651082825;0.866698853174522
"353";7.52375789446257;0.600607488753162;5.21507157176236;0.86649344554496
"354";7.52891983250831;0.600776980123807;5.21864955456499;0.866737969904864
"355";7.53006302342521;0.600868202078887;5.21944195412588;0.866869575367078
"356";7.53257286002576;0.600585434338891;5.22118164028922;0.866461627750862
"357";7.53021843751185;0.600397712043414;5.21954967896186;0.866190801726113
"3571";7.53021843751185;0.600397712043414;5.21954967896186;0.866190801726113
"359";7.52902023970717;0.600302177600891;5.21871915153179;0.866052974659651
"360";7.53243192998277;0.60033384501873;5.22108395502726;0.866098661086326
"3601";7.53243192998277;0.60033384501873;5.22108395502726;0.866098661086326
"362";7.52177284294141;0.599484317168043;5.2136956388972;0.864873051469042
"363";7.52139361183654;0.599454092498314;5.21343277592608;0.864829446487911
"364";7.51925776230422;0.599283865568414;5.21195231784465;0.864583860940319
"365";7.51896608665775;0.599260619057331;5.21175014369267;0.864550323314062
"366";7.51929132620081;0.59904737592717;5.21197558256495;0.864242678507675
"367";7.51604455419004;0.598788711889708;5.20972509169976;0.863869505183572
"368";7.5161694897307;0.598798665262246;5.20981169041752;0.863883864864773
"369";7.51247223350217;0.598504112019693;5.20724894768691;0.863458914362464
"370";7.51988682794896;0.598618740063043;5.21238835292269;0.863624287672152
"371";7.52363344651656;0.598679967315579;5.21498531101946;0.863712619925752
"372";7.51764635045186;0.598203554621923;5.21083537226247;0.863025301695199
"373";7.5132773539015;0.597619955056818;5.20780701462171;0.862183345496757
"374";7.5157694441646;0.597582904795272;5.20953439996128;0.862129893268161
"375";7.5193302159154;0.597397474129417;5.21200253886097;0.861862373366103
"3751";7.5193302159154;0.597397474129417;5.21200253886097;0.861862373366103
"377";7.52005563258391;0.597455107199519;5.21250535937947;0.861945520310531
"378";7.51640797736666;0.59716530744998;5.20997699744998;0.861527427649019
"379";7.51823687125874;0.597310609832001;5.21124469009482;0.861737054674991
"380";7.51915804803761;0.596918195597076;5.21188320118189;0.861170920604289
"381";7.5169495833443;0.596511233532185;5.21035241010636;0.860583798451442
"382";7.52041669317758;0.596325037390329;5.21275562751199;0.860315174200953
"383";7.52578789534841;0.596521187033154;5.21647866115292;0.860598158317929
"384";7.53379822692661;0.596698247148541;5.22203099990169;0.860853602068337
"385";7.53494719811663;0.596789248934686;5.2228274060426;0.860984889893921
"386";7.53325919081547;0.596655553955416;5.22165736854104;0.860792008810337
"3861";7.53325919081547;0.596655553955416;5.22165736854104;0.860792008810337
"388";7.53155129704127;0.59652028391092;5.22047354678675;0.86059685538796
"389";7.53396473993921;0.596483554658633;5.22214641792691;0.860543866277831
"390";7.53345187895644;0.596442950122694;5.22179092978268;0.860485286315193
"3901";7.53345187895644;0.596442950122694;5.22179092978268;0.860485286315193
"392";7.53005059974226;0.596173662013963;5.21943334268508;0.860096785696158
"393";7.52823109651155;0.596029607217819;5.21817215915069;0.859888958556144
"394";7.52600012879759;0.595852975709937;5.21662577016984;0.859634133155658
"3941";7.52600012879759;0.595852975709937;5.21662577016984;0.859634133155658
"396";7.53283790164946;0.595940743210909;5.22136535314342;0.859760754894061
"397";7.53633380641003;0.595991450142056;5.22378852967172;0.859833909532167
"398";7.53278238274575;0.595710594994963;5.22132687037185;0.859428721204247
"3981";7.53278238274575;0.595710594994963;5.22132687037185;0.859428721204247
"400";7.5309426947074;0.59556510802876;5.22005169579495;0.859218827879592
"401";7.52984288911066;0.595478132750155;5.21928936864641;0.859093349076468
"402";7.52507457831115;0.595101043234068;5.21598422745969;0.858549323901639
"403";7.5226971522441;0.594913030647882;5.21433632128433;0.858278079075923
"404";7.5299856632973;0.594816523377669;5.21938833217133;0.858138848515778
"405";7.53691631246835;0.594918379673893;5.22419229210369;0.858285796089223
"4051";7.53691631246835;0.594918379673893;5.22419229210369;0.858285796089223
"407";7.53909415253943;0.594868420564045;5.22570185580868;0.858213720329198
"408";7.53783209112421;0.594768838244799;5.22482706149702;0.858070053411061
"4081";7.53783209112421;0.594768838244799;5.22482706149702;0.858070053411061
"410";7.53897636264673;0.594637932630711;5.22562021007665;0.857881196530792
"411";7.54223530229203;0.594674356643925;5.22787913490341;0.857933745274026
"412";7.54452450544619;0.594854850934857;5.22946588961544;0.858194143492461
"413";7.54573152445884;0.594729952611582;5.23030253144094;0.858013953300858
"414";7.5432591773232;0.594535090272516;5.22858883099451;0.857732826370632
"415";7.54847697673508;0.594508015480663;5.23220553394558;0.857693765702691
"416";7.55023481547079;0.594646460523487;5.23342397490912;0.857893499679409
"417";7.55195402683304;0.594563578032042;5.23461564141765;0.857773925520025
"418";7.55708702420764;0.594749911912476;5.23817356407567;0.858042748485277
"419";7.5584734954734;0.594641847308286;5.23913459272446;0.857886844216716
"420";7.56857184608456;0.594787731443305;5.24613423597889;0.858097310534852
"4201";7.56857184608456;0.594787731443305;5.24613423597889;0.858097310534852
"422";7.57030820358504;0.594924185738737;5.24733778728479;0.85829417247018
"423";7.57496327743471;0.594860431136715;5.25056443859899;0.85820219402201
"424";7.56739922454041;0.594266427495899;5.2453214366617;0.857345227915134
"425";7.56925523590973;0.594412179717119;5.24660792570944;0.857555503921888
"426";7.57371762574788;0.594548795715173;5.2497010186443;0.857752599144786
"427";7.57777597412356;0.594654076180675;5.25251405137864;0.857904486750267
"428";7.57570251856154;0.594278736595916;5.25107684150181;0.857362986192687
"429";7.58068584095072;0.594245965528782;5.25453101736569;0.857315707536647
"430";7.58141043660039;0.594302766199656;5.2550332687973;0.857397653582837
"431";7.58345169132842;0.594462779081366;5.25644815875684;0.857628503373758
"432";7.59126616936641;0.594443506877219;5.26186474217643;0.857600699460409
"4321";7.59126616936641;0.594443506877219;5.26186474217643;0.857600699460409
"43211";7.59126616936641;0.594443506877219;5.26186474217643;0.857600699460409
"435";7.58924496506107;0.594285233968777;5.26046375011084;0.857372359920292
"436";7.59253176455506;0.594333168843273;5.26274198591316;0.857441515326013
"437";7.5850266091345;0.59374567537705;5.25753980859374;0.856593941415739
"438";7.58260697541274;0.593556269705545;5.25586264630152;0.856320686792742
"439";7.58551078438834;0.59336687125237;5.25787541330583;0.856047442583595
"440";7.58355910829843;0.593214203888486;5.25652261452675;0.855827190134814
"441";7.58260411429078;0.593139500704681;5.2558606631229;0.855719416221999
"442";7.57929031435914;0.592880282946868;5.25356371204334;0.855345444048292
"443";7.57973910299132;0.592915388863147;5.2538747886184;0.855396091179614
"444";7.57639334807678;0.592653671467701;5.25155568803254;0.855018512791089
"445";7.57810109925897;0.592787258117916;5.25273941094958;0.855211237588884
"446";7.57479379139743;0.592528548193977;5.25044695983011;0.854837998064588
"447";7.57650187885888;0.592662161149206;5.25163091583816;0.855030760812495
"448";7.57568142196334;0.592597981958781;5.25106221845425;0.854938169812741
"449";7.57738700024463;0.592731398636604;5.25224443523115;0.855130649392208
"450";7.57743056195952;0.59273480619599;5.252274629911;0.855135565461235
"4501";7.57743056195952;0.59273480619599;5.252274629911;0.855135565461235
"452";7.57643297138452;0.592656770950229;5.25158315281659;0.855022984399162
"4521";7.57643297138452;0.592656770950229;5.25158315281659;0.855022984399162
"45211";7.57643297138452;0.592656770950229;5.25158315281659;0.855022984399162
"452111";7.57643297138452;0.592656770950229;5.25158315281659;0.855022984399162
"456";7.57717289511807;0.592714650537144;5.25209602886633;0.855106486992173
"4561";7.57717289511807;0.592714650537144;5.25209602886633;0.855106486992173
"45611";7.57717289511807;0.592714650537144;5.25209602886633;0.855106486992173
"459";7.57711948380634;0.592710472505654;5.2520590069662;0.855100459366862
"460";7.57653365482294;0.59266464678332;5.25165294125806;0.855034346824505
"4611";7.57977531905531;0.592710916258174;5.25389989168105;0.855101099566421
"462";7.58147320203056;0.592843684543723;5.25507677447827;0.855292643713571
"463";7.58258864450716;0.592930908096468;5.25584994028599;0.855418480700564
"464";7.58379951712309;0.593025593939709;5.25668925322574;0.85555508349705
"465";7.58453693128093;0.593083257050125;5.25720038977015;0.85563827378049
"466";7.58302093386835;0.592964711555354;5.25614958043789;0.855467248783063
"4661";7.58302093386835;0.592964711555354;5.25614958043789;0.855467248783063
"468";7.58203478838902;0.592887598558462;5.25546603647927;0.85535599824486
"469";7.58607127946306;0.592996349075947;5.2582639188866;0.85551289207713
"4691";7.58607127946306;0.592996349075947;5.2582639188866;0.85551289207713
"46911";7.58607127946306;0.592996349075947;5.2582639188866;0.85551289207713
"472";7.58775849426393;0.593128237135018;5.25943340706882;0.855703166325904
"473";7.58886904317254;0.59321504774146;5.2602031809137;0.855828407557313
"474";7.58733203548277;0.593094901236772;5.25913780836703;0.855655072790821
"475";7.58410806797497;0.592842886604793;5.25690312437879;0.855291492531033
"476";7.58223170552193;0.592696213044368;5.25560252903475;0.855079887312779
"477";7.58438015215474;0.592657899077657;5.25709171876087;0.855024611943007
"478";7.58484800612335;0.592694458077146;5.25741601042012;0.85507735543027
"479";7.58477749552311;0.592688948244653;5.25736713619636;0.855069406422256
"480";7.58335046046759;0.592577437009596;5.25637799087108;0.854908529716436
"481";7.58387538341195;0.59261845548746;5.25674183972997;0.854967706871035
"482";7.58705680708822;0.592661312552131;5.25894703458134;0.855029536545703
"483";7.58095630858208;0.592184773421899;5.2547184912418;0.854342035905728
"484";7.58413363115636;0.592227883422247;5.25692084342589;0.854404230489442
"485";7.58114148632163;0.591994233583182;5.25484684666987;0.854067145025319
"4851";7.58114148632163;0.591994233583182;5.25484684666987;0.854067145025319
"48511";7.58114148632163;0.591994233583182;5.25484684666987;0.854067145025319
"485111";7.58114148632163;0.591994233583182;5.25484684666987;0.854067145025319
"4851111";7.58114148632163;0.591994233583182;5.25484684666987;0.854067145025319
"490";7.58431396947671;0.59203745228172;5.25704584442419;0.854129496427374
"491";7.58542663544805;0.59212430785357;5.25781708570512;0.854254802530156
"492";7.59452995375773;0.592427065246083;5.26412702512522;0.854691589118927
"493";7.58983476410121;0.59206080723592;5.26087256765261;0.854163190503979
"494";7.59779772658753;0.592276223581865;5.26639207264891;0.854473970597999
"495";7.59550807402031;0.592097736759153;5.26480500642748;0.854216468544009
"496";7.5986497402411;0.592140590584951;5.26698264351068;0.85427829354597
"4961";7.5986497402411;0.592140590584951;5.26698264351068;0.85427829354597
"498";7.59550271182041;0.591895351847634;5.26480128963374;0.853924488835809
"4981";7.59550271182041;0.591895351847634;5.26480128963374;0.853924488835809
"49811";7.59550271182041;0.591895351847634;5.26480128963374;0.853924488835809
"501";7.5957110730596;0.591710177556039;5.26494571463922;0.853657338803625
"502";7.59419838897387;0.591391525734366;5.26389720193012;0.853197621400728
"503";7.59732727792368;0.591434845354078;5.26606598248396;0.853260118401259
"504";7.59504740064229;0.591257362034219;5.26448569197435;0.853004064095858
"505";7.60128477941321;0.591144904275467;5.26880911348349;0.852841821844997
"506";7.61543943362478;0.591454483778722;5.27862037214204;0.853288450659104
"507";7.6194211069124;0.591371132990516;5.28138025775527;0.853168200890305
"508";7.6159670281432;0.591103049307186;5.27898607279496;0.852781437889822
"5081";7.6159670281432;0.591103049307186;5.27898607279496;0.852781437889822
"510";7.61705523643547;0.59118750913185;5.27974036130461;0.852903287660019
"511";7.61444618756294;0.590985011308705;5.27793190643467;0.852611145054776
"512";7.61681467636524;0.591168838385177;5.27957361777018;0.852876351466384
"513";7.61371927489524;0.590928592958564;5.27742804896855;0.852529750580813
"514";7.61406503260585;0.590955428478769;5.27766770995082;0.852568466052733
"515";7.61535371761162;0.590860055737784;5.27856095832919;0.852430872272277
"516";7.62226677495972;0.591006869325459;5.28335272453907;0.852642679507152
"517";7.62235787034799;0.591013932578665;5.28341586705062;0.852652869627524
"518";7.62217250699224;0.590999560080325;5.2832873829632;0.852632134495444
"519";7.62827062765327;0.591084620821572;5.28751427810611;0.852754851205015
"5191";7.62827062765327;0.591084620821572;5.28751427810611;0.852754851205015
"521";7.62520384245208;0.590846987725387;5.28538854459052;0.852412019115598
"522";7.62409407475074;0.590760996200838;5.28461931223726;0.852287959569572
"5221";7.62409407475074;0.590760996200838;5.28461931223726;0.852287959569572
"524";7.62482690275661;0.590817780154255;5.28512726990336;0.85236988149757
"525";7.6195757150182;0.590410886316225;5.28148742392789;0.851782857775275
"526";7.61641238523499;0.590165772360952;5.27929477080748;0.85142923308755
"527";7.6195408158286;0.59002292987309;5.28146323365302;0.851223154938683
"528";7.61650043921273;0.589787496798817;5.27935580517389;0.850883496809969
"529";7.61431269805951;0.589618087975343;5.27783937856174;0.850639091540459
"530";7.61335228321563;0.589352018516616;5.27717366972054;0.850255234451822
"531";7.61711356614301;0.589451897262973;5.27978079237694;0.850399329023882
"532";7.61739749353023;0.589473869042129;5.27997759584487;0.85043102760071
"533";7.61811362037242;0.589529286664847;5.28047397714646;0.850510978330183
"534";7.62246086528164;0.589484387027615;5.28348725769849;0.85044620184621
"535";7.62054127458884;0.589335935134861;5.28215669882194;0.850232031036724
"536";7.62461700393733;0.589461179449709;5.28498177912858;0.850412720388654
"537";7.6276069020854;0.589502803539487;5.28705421860008;0.850472771256559
"538";7.62460759135705;0.589271000549932;5.28497525482509;0.850138350233065
"5381";7.62460759135705;0.589271000549932;5.28497525482509;0.850138350233065
"53811";7.62460759135705;0.589271000549932;5.28497525482509;0.850138350233065
"538111";7.62460759135705;0.589271000549932;5.28497525482509;0.850138350233065
"5381111";7.62460759135705;0.589271000549932;5.28497525482509;0.850138350233065
"53811111";7.62460759135705;0.589271000549932;5.28497525482509;0.850138350233065
"538111111";7.62460759135705;0.589271000549932;5.28497525482509;0.850138350233065
"5381111111";7.62460759135705;0.589271000549932;5.28497525482509;0.850138350233065
"546";7.62321009744706;0.589162994646057;5.28400658586154;0.849982530651157
"547";7.62691462197753;0.589260291142109;5.28657436659515;0.850122899823508
"548";7.62817432138355;0.589169072898977;5.28744752368678;0.849991299716503
"549";7.63102138776013;0.589200849788855;5.28942095971857;0.850037144077943
"550";7.6308427261718;0.589187055100789;5.28929712094235;0.85001724254988
"5501";7.6308427261718;0.589187055100789;5.28929712094235;0.85001724254988
"552";7.63228923981134;0.589111084750426;5.29029976779324;0.849907640502157
"553";7.62914258390857;0.588868204820962;5.28811867212604;0.849557238832388
"554";7.63635371927107;0.589050763120409;5.29311705027119;0.849820614785674
"555";7.64164930862136;0.589272831084347;5.29678767309875;0.850140991135987
"556";7.6406809064553;0.589012240478419;5.2961164278677;0.849765038361113
"557";7.64146450403669;0.589072647210843;5.29665957632194;0.849852186854417
"558";7.64303823594751;0.589193964586879;5.29775040415887;0.850027210831198
"559";7.66104038667562;0.589473344015855;5.31022854418008;0.850430270147907
"560";7.66246106423119;0.589582657047399;5.31121328282221;0.85058797551642
"561";7.66274892614142;0.589604806378856;5.31141281349367;0.850619930247074
"562";7.66153962661934;0.58951175768087;5.31057459093949;0.850485689351928
"563";7.65894492186827;0.589312109955608;5.3087760786569;0.850197658568767
"564";7.6604973732094;0.589431562228052;5.30985215592696;0.850369991769845
"5641";7.6604973732094;0.589431562228052;5.30985215592696;0.850369991769845
"566";7.66261331809006;0.589411260709099;5.31131881715521;0.850340702869129
"567";7.66491800977235;0.589405840068081;5.31291630769685;0.850332882537214
"5671";7.66491800977235;0.589405840068081;5.31291630769685;0.850332882537214
"569";7.66791552997838;0.589454035263736;5.31499403037633;0.85040241350698
"570";7.66820678541716;0.589476424880967;5.31519591326254;0.850434714896727
"571";7.67376355731705;0.589721610905772;5.31904757403797;0.850788443558808
"572";7.67530037178054;0.589839713671683;5.32011281265038;0.850958829833504
"573";7.67643635837446;0.589745433662286;5.32090021855511;0.850822812531491
"5731";7.67643635837446;0.589745433662286;5.32090021855511;0.850822812531491
"575";7.67656770158393;0.589755524159283;5.32099125873044;0.850837370041468
"5751";7.67656770158393;0.589755524159283;5.32099125873044;0.850837370041468
"577";7.67860519694299;0.589730885175394;5.32240354289397;0.8508018235016
"5771";7.67860519694299;0.589730885175394;5.32240354289397;0.8508018235016
"579";7.67797940882827;0.589682823506724;5.32196977962663;0.850732485170553
"5791";7.67797940882827;0.589682823506724;5.32196977962663;0.850732485170553
"581";7.68129553658253;0.589756732763146;5.32426834422987;0.850839113688269
"5811";7.68129553658253;0.589756732763146;5.32426834422987;0.850839113688269
"583";7.6841238072616;0.589793497171291;5.32622875207693;0.850892153517581
"5831";7.6841238072616;0.589793497171291;5.32622875207693;0.850892153517581
"585";7.68015836238007;0.589489130185128;5.32348011513763;0.850453044776032
"586";7.68368128374156;0.589400142859989;5.32592201814669;0.850324663203352
"587";7.68349920657555;0.58938617607718;5.32579581187242;0.850304513395058
"588";7.68900949249842;0.58945102460082;5.32961525102393;0.850398070038521
"589";7.68518917876397;0.589158153607844;5.32696721133005;0.849975546509335
"5891";7.68518917876397;0.589158153607844;5.32696721133005;0.849975546509335
"591";7.68716110650073;0.589131121130202;5.32833404748105;0.849936546887897
"5911";7.68716110650073;0.589131121130202;5.32833404748105;0.849936546887897
"593";7.6854926258165;0.589003251571795;5.32717754479895;0.849752070110104
"594";7.68578210525931;0.589025436790282;5.32737819665857;0.849784076614796
"595";7.69125116781227;0.588912343108416;5.33116906194746;0.849620916920812
"596";7.69139648167143;0.588923469662915;5.33126978583923;0.849636969145809
"597";7.69016718361859;0.588829343391274;5.33041770135984;0.849501173640496
"598";7.68962753519764;0.588788022985907;5.33004364557836;0.849441560896585
"599";7.69445054818146;0.588980712795924;5.3333867034299;0.849719553529927
"600";7.69295214076637;0.588866015448547;5.3323480865548;0.849554080235663
"601";7.69061847470845;0.588687382251854;5.33073051250639;0.849296367008656
"602";7.69478837361178;0.588830397445955;5.33362086617445;0.849502694319956
"603";7.69700127138848;0.588999735628383;5.33515473002924;0.849746997675979
"604";7.70303905834209;0.589110345201225;5.33933980503296;0.849906573558192
"6041";7.70303905834209;0.589110345201225;5.33933980503296;0.849906573558192
"606";7.70368972330323;0.589160106530093;5.33979081161626;0.849978363980578
"607";7.71018324636682;0.589306697661032;5.34429177881969;0.850189850278223
"6071";7.71018324636682;0.589306697661032;5.34429177881969;0.850189850278223
"609";7.708616233228;0.589186927312064;5.34320560808062;0.850017058189721
"610";7.71134987047332;0.58922147360632;5.34510042102988;0.850066897957125
"611";7.71388469069657;0.589241136086385;5.34685742452086;0.850095264919606
"612";7.71933570917585;0.589310507149258;5.35063578261095;0.850195346207994
"6121";7.71933570917585;0.589310507149258;5.35063578261095;0.850195346207994
"614";7.72103073075514;0.589266995913759;5.35181068203962;0.850132572764317
"615";7.72354941925878;0.589286672359689;5.35355650387462;0.850160959875283
"616";7.72294543362364;0.589240589831338;5.35313785293453;0.85009447684016
"617";7.72206511842494;0.589173424078145;5.35252766493654;0.849997577141109
"618";7.72208414881825;0.58917487604751;5.35254085580002;0.849999671890113
"6181";7.72208414881825;0.58917487604751;5.35254085580002;0.849999671890113
"61811";7.72208414881825;0.58917487604751;5.35254085580002;0.849999671890113
"621";7.71991416440376;0.589009311897496;5.35103673722125;0.849760813311939
"622";7.71888251692186;0.588930599885874;5.35032165367784;0.849647255883113
"6221";7.71888251692186;0.588930599885874;5.35032165367784;0.849647255883113
"624";7.72217272391938;0.589009533781507;5.35260225138163;0.8497611334229
"625";7.73072277106318;0.589318356292416;5.35852869245301;0.850206670127903
"6251";7.73072277106318;0.589318356292416;5.35852869245301;0.850206670127903
"627";7.73318034450766;0.589505698819842;5.36023215255707;0.850476948263169
"628";7.73417683431407;0.589581661928619;5.36092286665684;0.850586539863491
"629";7.7395452093701;0.589308396438245;5.36464394069111;0.850192301095683
"630";7.74049224855934;0.58938050637893;5.36530037823502;0.850296333749509
"6301";7.74049224855934;0.58938050637893;5.36530037823502;0.850296333749509
"632";7.7429311996336;0.589566214234841;5.36699093029566;0.850564253552286
"633";7.74232054559152;0.589519717503499;5.3665676571681;0.850497172948561
"6331";7.74232054559152;0.589519717503499;5.3665676571681;0.850497172948561
"635";7.74576663903284;0.589612371139819;5.36895630712089;0.8506308438902
"636";7.74888662210194;0.589680462524496;5.37111891458863;0.850729078993201
"637";7.74960376586486;0.589735036257013;5.37161600076596;0.850807812246466
"638";7.74796473813398;0.58961030832156;5.37047991331544;0.850627867872527
"6381";7.74796473813398;0.58961030832156;5.37047991331544;0.850627867872527
"640";7.74860682798035;0.589659170546039;5.37092497608212;0.850698361161469
"641";7.75184520537575;0.589736542481418;5.37316964824333;0.850809985268945
"642";7.74927024845934;0.589540647678479;5.37138482411666;0.850527368808209
"643";7.75402056999477;0.589733327778091;5.3746774960957;0.850805347432398
"644";7.75500143054213;0.589807927290622;5.37535737681862;0.850912971779179
"6441";7.75500143054213;0.589807927290622;5.37535737681862;0.850912971779179
"646";7.75348278239854;0.58969242625276;5.37430473013963;0.850746339004637
"6461";7.75348278239854;0.58969242625276;5.37430473013963;0.850746339004637
"648";7.74847887822767;0.589311853486421;5.37083628807179;0.850197288561943
"649";7.75561881210184;0.589518593248295;5.37578531310606;0.850495550991153
"6491";7.75561881210184;0.589518593248295;5.37578531310606;0.850495550991153
"651";7.75133057263251;0.589192636421288;5.37281293200833;0.850025294693286
"652";7.76008839007649;0.589523440630266;5.37888338847748;0.850502544285084
"653";7.75558721225692;0.589181492226886;5.37576340976265;0.850009217019288
"654";7.76019301602192;0.589198067326058;5.37895590965657;0.850033129832665
"655";7.76154577400387;0.589300776419359;5.37989357003774;0.850181307732226
"656";7.76300497273517;0.589245433074051;5.38090500952422;0.850101464162403
"657";7.76619281944107;0.589321591500918;5.38311465648047;0.850211337547166
"658";7.76760360942451;0.589428646401259;5.38409254157985;0.85036578512099
"659";7.77086112912764;0.589510312104416;5.38635048217769;0.850483603825946
"660";7.77343167480988;0.58954012521147;5.38813224866984;0.850526615047646
"661";7.76971951385429;0.589258593459971;5.38555917476969;0.850120450585906
"662";7.77159742604908;0.589401015061751;5.38686084431285;0.850325921524509
"663";7.77161479175922;0.589237562800464;5.38687288130587;0.850090109757728
"664";7.78069054468203;0.589433089616113;5.39316371385577;0.850372195325026
"665";7.78802262481885;0.58982494727183;5.39824592453025;0.850937526421664
"666";7.79150781700206;0.589925611992846;5.40066167566575;0.851082754915466
"667";7.79403479504358;0.589953977009227;5.40241324337057;0.851123676983933
"6671";7.79403479504358;0.589953977009227;5.40241324337057;0.851123676983933
"669";7.79498693431121;0.590026047299183;5.40307321601943;0.851227652433848
"670";7.79492622798087;0.590021452254132;5.40303113759771;0.851221023185141
"671";7.79585450295838;0.590091716184065;5.40367456878115;0.851322392608409
"672";7.7929122783519;0.589869010338699;5.4016351740906;0.851001095989722
"6721";7.7929122783519;0.589869010338699;5.4016351740906;0.851001095989722
"674";7.79358575913643;0.589919988128473;5.40210199539756;0.851074641394224
"6741";7.79358575913643;0.589919988128473;5.40210199539756;0.851074641394224
"676";7.80126441239012;0.590014113128833;5.40742443225085;0.851210435065467
"677";7.80279696879319;0.589807083324018;5.40848671940068;0.850911754192745
"6771";7.80279696879319;0.589807083324018;5.40848671940068;0.850911754192745
"67711";7.80279696879319;0.589807083324018;5.40848671940068;0.850911754192745
"680";7.80125469665841;0.589690504226402;5.40741769781881;0.850743566106743
"6801";7.80125469665841;0.589690504226402;5.40741769781881;0.850743566106743
"682";7.79855727965441;0.589486608666643;5.40554799082769;0.850449406993819
"683";7.80039615438074;0.589625607713174;5.40682260165965;0.850649940228937
"684";7.80088616060521;0.589501769623807;5.4071622480926;0.850471279631534
"685";7.79945890037582;0.589393913616987;5.40617294668867;0.850315676305366
"686";7.79614333279168;0.589143360933879;5.40387477036577;0.849954205191964
"687";7.79367910366067;0.588957142675648;5.40216669689135;0.849685549034291
"688";7.79121336445338;0.58877081030312;5.40045757671183;0.849416728244487
"689";7.79372437972158;0.588640200821519;5.40219807986532;0.849228298593089
"6891";7.79372437972158;0.588640200821519;5.40219807986532;0.849228298593089
"68911";7.79372437972158;0.588640200821519;5.40219807986532;0.849228298593089
"692";7.79376794252782;0.588483853416119;5.40222827530165;0.849002736966662
"693";7.79624980134793;0.588511924097634;5.40394856874535;0.849043234399679
"694";7.79246357953596;0.58822611531259;5.40132415977141;0.848630899482853
"6941";7.79246357953596;0.58822611531259;5.40132415977141;0.848630899482853
"696";7.78989231529996;0.588032019471455;5.39954189521575;0.84835087837539
"697";7.79036942862157;0.588068035105391;5.39987260496944;0.848402837951864
"698";7.79417571866331;0.588196434081338;5.40251092418026;0.848588078517719
"699";7.7965224207736;0.588214916667392;5.40413753413162;0.848614743252961
"700";7.79716578839804;0.58810518611742;5.40458348258657;0.848456435532682
"701";7.79719033049984;0.588107037217901;5.40460049387523;0.848459106106166
"702";7.79539121995313;0.58797133839199;5.40335344547226;0.84826333408297
"703";7.79564961692505;0.587832944583578;5.40353255260481;0.848063674021884
"704";7.79612739157944;0.587868971303061;5.40386372075945;0.848115649591423
"705";7.79842859503067;0.588042494135319;5.40545879344356;0.848365990121003
"706";7.80181760366267;0.588140389228545;5.40780787522173;0.848507222886526
"7061";7.80181760366267;0.588140389228545;5.40780787522173;0.848507222886526
"708";7.80275892016643;0.588211350417723;5.40846034610233;0.848609598242249
"709";7.80288332071549;0.588220728359;5.40854657399216;0.848623127751623
"710";7.80351274764527;0.58811084265808;5.40898285949391;0.848464596195841
"7111";7.80181116375406;0.587982602983401;5.40780341141723;0.848279585453136
"712";7.79941059254779;0.587801684209941;5.40613946225387;0.848018574835862
"7121";7.79941059254779;0.587801684209941;5.40613946225387;0.848018574835862
"714";7.80184813332548;0.587828439325533;5.40782903677143;0.848057174308446
"715";7.80563195891377;0.587956855220574;5.41045178480968;0.848242439283393
"716";7.80697942619724;0.588058352784214;5.41138577795812;0.848388869315119
"717";7.8083258571936;0.588159772289843;5.41231905280706;0.848535186732939
"718";7.8064030572513;0.588014937968517;5.41098626944828;0.84832623497581
"719";7.80400498146761;0.587834303638871;5.40932404998004;0.848065634724216
"720";7.80617580636523;0.587841482926434;5.41082875113731;0.848075992246781
"721";7.80540165589419;0.587783185781687;5.41029215092099;0.847991887245157
"722";7.80489862486037;0.587589340935645;5.40994347637816;0.847712228247069
"7221";7.80489862486037;0.587589340935645;5.40994347637816;0.847712228247069
"724";7.80372077143832;0.587500666610808;5.40912705059955;0.847584298238373
"725";7.80133858868329;0.587321324730497;5.40747584733932;0.847325562597024
"726";7.80407268655386;0.587527160429721;5.40937097956968;0.847622520739533
"727";7.80598685550738;0.587671268038019;5.41069778038293;0.847830424071379
"728";7.80646589128734;0.587707332096217;5.4110298226832;0.847882453509295
"729";7.80887305392908;0.58773285729232;5.41269834068147;0.847919278583131
"730";7.80957915775926;0.587630635704243;5.41318777456054;0.84777180400494
"731";7.81025136613658;0.587681215924779;5.41365371390203;0.847844775838275
"7311";7.81025136613658;0.587681215924779;5.41365371390203;0.847844775838275
"73111";7.81025136613658;0.587681215924779;5.41365371390203;0.847844775838275
"734";7.81020473681329;0.587677707308203;5.41362139291806;0.84783971397454
"735";7.81153941253851;0.587778134786947;5.41454651963396;0.847984600200093
"736";7.81726166583131;0.587898697299145;5.41851288337031;0.848158535138558
"737";7.82192804147602;0.588095049619516;5.42174736849188;0.848441811657425
"738";7.82669779321276;0.58814532998573;5.42505350846017;0.848514350892416
"739";7.82921749512296;0.588180965617011;5.42680003273507;0.848565762240944
"740";7.8313106221755;0.588031721002692;5.4282508778501;0.848350447775986
"7401";7.8313106221755;0.588031721002692;5.4282508778501;0.848350447775986
"74011";7.8313106221755;0.588031721002692;5.4282508778501;0.848350447775986
"743";7.83605169498118;0.588082372573832;5.43153713909818;0.848423522546483
"744";7.83595069044961;0.588074792355263;5.4314671280919;0.848412586602745
"745";7.83831729099861;0.588100184381712;5.43310753058996;0.84844921955338
"7451";7.83831729099861;0.588100184381712;5.43310753058996;0.84844921955338
"747";7.83995584907496;0.588071204853121;5.43424329250076;0.848407410931196
"748";7.83762225731943;0.587896163291443;5.43262576995484;0.848154879338214
"749";7.83953272384491;0.58788788506595;5.43395000444053;0.848142936383347
"750";7.83720167442887;0.58771307927593;5.43233424411005;0.847890744936967
"751";7.83786452837531;0.587611565480368;5.43279369945415;0.847744291487527
"752";7.8391731005122;0.587709670279082;5.4337007325414;0.847885826794119
"753";7.84152291029524;0.58773487234476;5.43532949656736;0.847922185689294
"7531";7.84152291029524;0.58773487234476;5.43532949656736;0.847922185689294
"755";7.84142797853651;0.587727757055328;5.43526369488645;0.847911920496515
"756";7.84125830984231;0.587715040111251;5.43514608950944;0.84789357382436
"757";7.8419161357934;0.587764345234224;5.43560205971274;0.847964706080764
"7571";7.8419161357934;0.587764345234224;5.43560205971274;0.847964706080764
"759";7.84864330120825;0.587817199526998;5.4402649754532;0.848040958706838
"760";7.8499436739089;0.587914589790499;5.44116632512433;0.848181463157022
"761";7.85228043039002;0.587939722714238;5.44278604129087;0.848217722301463
"762";7.84784315072737;0.587607481272075;5.43971035340335;0.847738399220476
"763";7.85108323357416;0.587700549866467;5.44195620769339;0.847872668820069
"764";7.85198985283108;0.587768415741782;5.44258462827516;0.847970578581831
"765";7.8543181651481;0.587793429270976;5.44419849139317;0.848006665476354
"766";7.85760788588358;0.587890603576364;5.4464787520458;0.84814685836484
"767";7.85940010669171;0.588024693974859;5.44772102484589;0.848340309917779
"768";7.86171890109018;0.588049402747638;5.44932829064549;0.848375957141734
"769";7.86038485311667;0.587949617176069;5.44840359905392;0.84823199699248
"7691";7.86038485311667;0.587949617176069;5.44840359905392;0.84823199699248
"771";7.86260737818201;0.587967380820908;5.44994413603669;0.848257624514797
"772";7.86492128745296;0.587992207844259;5.45154801572391;0.848293442338266
"7721";7.86492128745296;0.587992207844259;5.45154801572391;0.848293442338266
"774";7.86641143273368;0.587808083149859;5.45258090572387;0.848027806554749
"775";7.86734895476403;0.58773082410278;5.45323074647592;0.847916345310665
"776";7.87195706583018;0.58778120364347;5.45642484566913;0.84798902762418
"777";7.87226625889538;0.587804290389307;5.45663916197052;0.84802233475791
"778";7.86974642903144;0.587616140400935;5.45489254900484;0.847750891702742
"7781";7.86974642903144;0.587616140400935;5.45489254900484;0.847750891702742
"77811";7.86974642903144;0.587616140400935;5.45489254900484;0.847750891702742
"781";7.86729624440682;0.587433190664832;5.45319421044043;0.847486951025735
"7811";7.86729624440682;0.587433190664832;5.45319421044043;0.847486951025735
"783";7.86857687391244;0.587528812369313;5.4540818751716;0.847624903984591
"784";7.86922260585553;0.587577027710881;5.45452946244734;0.847694464018765
"785";7.8724131879703;0.587668781257509;5.45674100544455;0.847826836405469
"786";7.87496609755674;0.587859353732492;5.45851054752661;0.848101774370057
"7861";7.87496609755674;0.587859353732492;5.45851054752661;0.848101774370057
"788";7.87279145929979;0.587697018882475;5.45700320315007;0.847867574686975
"7881";7.87279145929979;0.587697018882475;5.45700320315007;0.847867574686975
"78811";7.87279145929979;0.587697018882475;5.45700320315007;0.847867574686975
"788111";7.87279145929979;0.587697018882475;5.45700320315007;0.847867574686975
"792";7.87282691140586;0.587553485042585;5.45702777667744;0.847660499127965
"7921";7.87282691140586;0.587553485042585;5.45702777667744;0.847660499127965
"794";7.87139176580231;0.587446379321806;5.45603300954864;0.847505978235747
"7941";7.87139176580231;0.587446379321806;5.45603300954864;0.847505978235747
"796";7.87815188358938;0.587513887189447;5.460718766133;0.847603371501612
"797";7.87793018715508;0.587497354157865;5.46056509787462;0.847579519378939
"798";7.87991855989775;0.587500544405631;5.46194333283511;0.847584121933569
"799";7.88203049980118;0.587513173941471;5.46340721802468;0.847602342502295
"7991";7.88203049980118;0.587513173941471;5.46340721802468;0.847602342502295
"801";7.88234286202088;0.587536456891102;5.46362373101659;0.847635932698265
"802";7.8836062914261;0.587630630774332;5.46449947354665;0.847771796892583
"803";7.88050903100295;0.587399766239899;5.46235261621688;0.847438729773638
"804";7.88029087400575;0.587383505187643;5.46220140130936;0.847415270034189
"8041";7.88029087400575;0.587383505187643;5.46220140130936;0.847415270034189
"806";7.88075035987932;0.587417754484695;5.46251989264713;0.8474646813252
"8061";7.88075035987932;0.587417754484695;5.46251989264713;0.8474646813252
"808";7.88251553695545;0.58740479011408;5.46374342016063;0.847445977692005
"8081";7.88251553695545;0.58740479011408;5.46374342016063;0.847445977692005
"810";7.88377683360795;0.587498781897789;5.46461768437917;0.847581579172247
"8101";7.88377683360795;0.587498781897789;5.46461768437917;0.847581579172247
"812";7.8827194773426;0.587419987744803;5.46388478086499;0.847467903238484
"813";7.88158481928538;0.587335433064915;5.46309829583173;0.847345916621124
"814";7.88289448389219;0.587433029226936;5.46400608616141;0.847486718120082
"815";7.88363125115661;0.587343674815655;5.46451677431348;0.847357806954045
"816";7.88423223420541;0.587244478534616;5.46493334401932;0.847214696971317
"817";7.88504078098067;0.587161014251872;5.46549378593694;0.84709428346451
"818";7.88629426022699;0.587254354814851;5.46636263154241;0.847228945431833
"819";7.88445252760058;0.587117209855562;5.46508603976508;0.847031087079184
"820";7.88850338111098;0.587132245053295;5.46789387745467;0.847052778284393
"8201";7.88850338111098;0.587132245053295;5.46789387745467;0.847052778284393
"822";7.88861165785109;0.586997438165379;5.4679689291718;0.846858293055718
"823";7.88762798138736;0.586924242070903;5.46728709660438;0.846752693413205
"8231";7.88762798138736;0.586924242070903;5.46728709660438;0.846752693413205
"825";7.88563779337243;0.586776150706173;5.46590760339305;0.846539042735711
"8251";7.88563779337243;0.586776150706173;5.46590760339305;0.846539042735711
"82511";7.88563779337243;0.586776150706173;5.46590760339305;0.846539042735711
"828";7.88547925182879;0.586764353512447;5.46579771076907;0.846522022982826
"829";7.88770131772239;0.586787143181916;5.46733792947824;0.846554901525952
"830";7.88991417201813;0.586809459841664;5.46887176319432;0.8465870976603
"831";7.88977648027846;0.586657209419213;5.46877632255318;0.846367446730857
"832";7.88935152385829;0.586483899348317;5.46848176520868;0.846117413151039
"833";7.88948307555796;0.586352253823317;5.4685729498984;0.845927488804966
"834";7.89234736402951;0.586423941877427;5.47055832337677;0.846030912805122
"835";7.8929806997392;0.586330088425752;5.47099731823829;0.84589551089582
"8351";7.8929806997392;0.586330088425752;5.47099731823829;0.84589551089582
"83511";7.8929806997392;0.586330088425752;5.47099731823829;0.84589551089582
"835111";7.8929806997392;0.586330088425752;5.47099731823829;0.84589551089582
"839";7.89091752433663;0.586176825436491;5.469567234025;0.845674399141261
"840";7.89332533701268;0.5862150577415;5.47123620259272;0.845729556698099
"841";7.90011019397233;0.586298399371891;5.4759391070648;0.845849793254963
"842";7.90118123879573;0.586377885841091;5.4766814987644;0.845964467989897
"8421";7.90118123879573;0.586377885841091;5.4766814987644;0.845964467989897
"844";7.90241453321134;0.586329755217482;5.47753635331137;0.845895030177901
"845";7.89932465002576;0.586100497381888;5.47539460949303;0.845564281035404
"846";7.89886811870108;0.586066624456249;5.47507816609249;0.845515412733565
"847";7.90227505239698;0.58618003181364;5.47743967257816;0.845679024965673
"848";7.8980759449129;0.58586854772301;5.4745290730647;0.845229648412805
"849";7.89593922006767;0.58571004837574;5.4730480082626;0.845000982190514
"8491";7.89593922006767;0.58571004837574;5.4730480082626;0.845000982190514
"84911";7.89593922006767;0.58571004837574;5.4730480082626;0.845000982190514
"852";7.89678886036421;0.58563407601015;5.47363693403863;0.844891377235434
"853";7.89902871173623;0.585661427990507;5.47518948070203;0.844930837801853
"854";7.89850522462353;0.585622614837504;5.4748266270858;0.844874842258495
"855";7.89718128595111;0.58552445342529;5.47390894272777;0.844733225275887
"856";7.90007048567232;0.585600170961973;5.4759115833686;0.844842462590568
"857";7.90223099693101;0.58562206259009;5.47740913565614;0.844874045533889
"858";7.90234728150587;0.585630680259278;5.47748973798134;0.84488647820249
"859";7.90450533162826;0.585652588328085;5.47898558433918;0.844918084864714
"860";7.90666167420554;0.585674570059804;5.48048024711695;0.844949797800054
"861";7.90648713597373;0.585661641391791;5.48035926643367;0.844931145674827
"8611";7.90648713597373;0.585661641391791;5.48035926643367;0.844931145674827
"86111";7.90648713597373;0.585661641391791;5.48035926643367;0.844931145674827
"864";7.90681268842943;0.585685756220827;5.48058492220046;0.84496593601909
"8641";7.90681268842943;0.585685756220827;5.48058492220046;0.84496593601909
"86411";7.90681268842943;0.585685756220827;5.48058492220046;0.84496593601909
"867";7.90896586965457;0.585707700656374;5.4820773936959;0.844997595147429
"868";7.90611462874227;0.585496548681984;5.48010106409644;0.844692967241103
"869";7.9073618589066;0.58558891376786;5.48096557816836;0.844826221892446
"8691";7.9073618589066;0.58558891376786;5.48096557816836;0.844826221892446
"871";7.90876669059451;0.585692950218553;5.48193933329199;0.844976314763933
"872";7.90939846629603;0.585739737105685;5.48237724683825;0.845043813973976
"8721";7.90939846629603;0.585739737105685;5.48237724683825;0.845043813973976
"874";7.9114438631822;0.585753892616586;5.48379500792302;0.845064236059354
"875";7.91265439956884;0.585843519290665;5.48463408780639;0.845193540017581
"876";7.91297951526456;0.585867590470037;5.48485944083424;0.845228267388689
"877";7.91227397857172;0.585815353372566;5.48437040006481;0.845152905187217
"878";7.91441360947604;0.585836671652268;5.48585347919358;0.845183660963623
"879";7.91418700394707;0.585819897973835;5.48569640821007;0.84515946166093
"880";7.91800342658289;0.585828891013719;5.48834175079991;0.845172435874974
"881";7.91874103141975;0.585747104905628;5.48885301951295;0.845054443462417
"882";7.91994344991177;0.585836047472103;5.48968647250055;0.845182760461994
"883";7.92657746546334;0.585918893883281;5.49428482167591;0.845302282568556
"884";7.92555447577517;0.585843276255224;5.49357573925782;0.845193189391555
"885";7.9259594441451;0.585873210816565;5.49385644194164;0.845236375834752
"886";7.92388914157975;0.585720177632397;5.49242141755557;0.845015595618863
"887";7.921668035364;0.58555599730327;5.4908818640444;0.84477873347222
"888";7.92309390522132;0.58552603240706;5.49187020171584;0.844735503265055
"889";7.92179536882869;0.585430069028232;5.49097012487644;0.844597057374314
"890";7.92247173680122;0.585344966814465;5.49143894742962;0.844474280832543
"891";7.92316859512345;0.585127049426549;5.49192197281092;0.844159892497673
"8911";7.92316859512345;0.585127049426549;5.49192197281092;0.844159892497673
"893";7.9273731861611;0.585169063396449;5.49483637323407;0.844220505843697
"894";7.92655359147328;0.585108563979483;5.49426827348701;0.844133223634864
"895";7.92826371423835;0.58523479885114;5.49545364026003;0.84431534205819
"896";7.92766790366992;0.585190818341568;5.49504065584438;0.844251891595135
"897";7.92926367872144;0.585308612492337;5.49614676282215;0.844421832632294
"898";7.92771869766393;0.585194567764385;5.49507586355811;0.844257300868839
"899";7.92555640592906;0.585034955469168;5.49357707713854;0.844027029002064
"8991";7.92555640592906;0.585034955469168;5.49357707713854;0.844027029002064
"901";7.92470959519767;0.584972447065574;5.49299011266761;0.843936848438186
"9011";7.92470959519767;0.584972447065574;5.49299011266761;0.843936848438186
"903";7.92267396970978;0.584822184799348;5.49157912460001;0.843720065811869
"9031";7.92267396970978;0.584822184799348;5.49157912460001;0.843720065811869
"905";7.91909747449726;0.584558181288399;5.48910008702716;0.843339189255844
"906";7.91915325738612;0.58442858196708;5.48913875277929;0.843152216957676
"907";7.91920701753225;0.584299091380947;5.48917601647302;0.84296540153122
"908";7.92129558928616;0.584319957256418;5.49062370409563;0.842995504626285
"9081";7.92129558928616;0.584319957256418;5.49062370409563;0.842995504626285
"910";7.9201154327279;0.584232902175351;5.48980568190466;0.842869910692546
"911";7.92050922195618;0.584261950315575;5.49007863579797;0.842911818300394
"912";7.92012972118843;0.584233956173722;5.48981558591079;0.842871431290768
"913";7.92026201200945;0.58424371469946;5.48990728292039;0.842885509867457
"914";7.92158072777884;0.584340990698482;5.4908213470379;0.843025849468845
"9141";7.92158072777884;0.584340990698482;5.4908213470379;0.843025849468845
"916";7.91949057403287;0.584186809032903;5.48937256286194;0.842803412344516
"917";7.91676165197574;0.583985508172228;5.48748101823208;0.842512996591095
"9171";7.91676165197574;0.583985508172228;5.48748101823208;0.842512996591095
"91711";7.91676165197574;0.583985508172228;5.48748101823208;0.842512996591095
"920";7.92002819263482;0.584093512028522;5.4897452116801;0.842668813218967
"921";7.91960212009707;0.584062089639751;5.48944988070185;0.842623480294514
"922";7.92183666378591;0.584094156889981;5.4909987483596;0.842669743557396
"923";7.9226820742355;0.584156490831558;5.49158474222916;0.842759672425788
"924";7.92274149679588;0.584028385483383;5.49162593080934;0.842574855475264
"925";7.92233372399737;0.583998326331604;5.49134328424375;0.84253148928606
"926";7.9232218176962;0.583931553333144;5.49195886388716;0.842435156212316
"927";7.92684198406987;0.584066310186862;5.49446817200223;0.842629569256901
"928";7.92617289462353;0.58401701027589;5.49400439453896;0.842558444519825
"929";7.9253486895511;0.583956281120892;5.4934330991168;0.842470830869073
"9291";7.9253486895511;0.583956281120892;5.4934330991168;0.842470830869073
"931";7.92458291763531;0.583899857443191;5.49290230647242;0.842389428709064
"932";7.92106330240756;0.583640524825802;5.49046269510065;0.842015290828017
"933";7.92312235938712;0.583660511282244;5.49188992464064;0.84204412518961
"934";7.92194465377912;0.583573755048259;5.49107360131893;0.841918962401073
"935";7.92430119500896;0.583747350759227;5.49270703122827;0.842169408072407
"936";7.92436074840292;0.583620240946622;5.49274831049538;0.841986027376113
"9361";7.92436074840292;0.583620240946622;5.49274831049538;0.841986027376113
"938";7.92137637834686;0.583400445454405;5.49067970280527;0.841668929509483
"939";7.92665222814536;0.583526691622082;5.49433664321817;0.841851064229521
"940";7.92727741761782;0.583572715433143;5.49476999153832;0.841917462553502
"9401";7.92727741761782;0.583572715433143;5.49476999153832;0.841917462553502
"94011";7.92727741761782;0.583572715433143;5.49476999153832;0.841917462553502
"943";7.92714797871511;0.583563186687276;5.49468027132785;0.841903715479093
"944";7.93036447463477;0.583669129211506;5.49690977640584;0.842056558233419
"9441";7.93036447463477;0.583669129211506;5.49690977640584;0.842056558233419
"946";7.92837752028634;0.583522890798626;5.49553252460133;0.84184558080037
"9461";7.92837752028634;0.583522890798626;5.49553252460133;0.84184558080037
"948";7.93047793625075;0.5834165396252;5.49698842200506;0.841692148489876
"949";7.93164566925828;0.583502445513336;5.49779783284687;0.841816084488673
"950";7.93164811743401;0.583502625616758;5.49779952979298;0.841816344322986
"951";7.93485301151861;0.583608228519648;5.50002099309171;0.841968697107288
"952";7.9350861554589;0.583625376250272;5.50018259615659;0.841993436053222
"953";7.93745707881529;0.583669792666488;5.50182599499639;0.842057515396631
"954";7.93881372409664;0.583639811064818;5.50276634984819;0.842014261088585
"955";7.93940087108075;0.583553472007329;5.50317332912479;0.84188970015851
"956";7.94143025982344;0.583573341347519;5.50457999421005;0.841918365557068
"957";7.94258972582896;0.58365854431838;5.50538367480273;0.842041287460597
"958";7.94061444208919;0.58351339125471;5.5040145124477;0.841831875855472
"959";7.94094944604144;0.583538008907876;5.50424671949268;0.841867391621613
"960";7.94165389120345;0.583589774824536;5.50473500367059;0.841942074052865
"9601";7.94165389120345;0.583589774824536;5.50473500367059;0.841942074052865
"962";7.94217825709326;0.583499246984919;5.50509846640869;0.841811469987588
"963";7.94067342286603;0.583388689199637;5.50405539480688;0.841651968819029
"9631";7.94067342286603;0.583388689199637;5.50405539480688;0.841651968819029
"965";7.93990132772284;0.583331964593355;5.50352021923525;0.841570132510849
"966";7.94352118203941;0.583212118852208;5.50602931104882;0.841397231654426
"967";7.94467513672257;0.583296842029802;5.50682917148395;0.841519461362588
"9671";7.94467513672257;0.583296842029802;5.50682917148395;0.841519461362588
"96711";7.94467513672257;0.583296842029802;5.50682917148395;0.841519461362588
"970";7.94454798889136;0.583159376283897;5.50674103932323;0.84132114021268
"9701";7.94454798889136;0.583159376283897;5.50674103932323;0.84132114021268
"972";7.9465602011241;0.5831791573063;5.50813579855904;0.841349678195604
"973";7.94702209328742;0.582957911293489;5.50845595780977;0.841030487670105
"9731";7.94702209328742;0.582957911293489;5.50845595780977;0.841030487670105
"97311";7.94702209328742;0.582957911293489;5.50845595780977;0.841030487670105
"973111";7.94702209328742;0.582957911293489;5.50845595780977;0.841030487670105
"9731111";7.94702209328742;0.582957911293489;5.50845595780977;0.841030487670105
"978";7.94902773912063;0.582977789869308;5.50984616556426;0.841059166392859
"979";7.94814331797712;0.582912926857066;5.50923313154221;0.840965588846761
"980";7.94563670130139;0.582729092821304;5.50749567726068;0.84070037239502
"981";7.94875862417616;0.582958053111469;5.50965962929925;0.841030692270201
"982";7.94681774810664;0.582815710213878;5.50831431652385;0.840825334877741
"983";7.94494624372768;0.582678455001998;5.50701708854017;0.840627317464225
"9831";7.94494624372768;0.582678455001998;5.50701708854017;0.840627317464225
"985";7.94745241221992;0.582735271784708;5.50875423216458;0.84070928675488
"9851";7.94745241221992;0.582735271784708;5.50875423216458;0.84070928675488
"987";7.94649717986981;0.582665230776056;5.50809211555432;0.84060823893904
"988";7.94529883821933;0.58257736413513;5.50726148841794;0.840481474171916
"989";7.94336587910455;0.582435632747929;5.50592166325739;0.840276999002462
"990";7.94578102432941;0.582485998214163;5.50759571436065;0.84034966101083
"991";7.94322527925829;0.582298642721433;5.50582420687037;0.840079364170586
"992";7.94255851545523;0.58212332905007;5.50536204142018;0.83982644000631
"993";7.94063527077904;0.581982371247706;5.50402894979535;0.839623080883865
"994";7.93943307796747;0.581894260536243;5.50319565323752;0.839495963997389
"995";7.94034503090948;0.581961099084742;5.50382777084808;0.839592391639848
"996";7.9430852360763;0.582161933280787;5.50572713633362;0.839882134138523
"997";7.94378015883155;0.582212865325786;5.50620882008212;0.839955613547265
"998";7.94373285383893;0.582209398264167;5.50617603075986;0.839950611634661
"999";7.94287110163192;0.582146239011064;5.50557870964723;0.839859492093424
"1000";7.94348916664316;0.582191538024123;5.50600711966718;0.839924844754921
"1001";7.9422945468247;0.582103982349927;5.50517907230817;0.839798528617956
"10011";7.9422945468247;0.582103982349927;5.50517907230817;0.839798528617956
"1003";7.94263923021835;0.582129244769359;5.50541798863067;0.839834974585191
"10031";7.94263923021835;0.582129244769359;5.50541798863067;0.839834974585191
"1005";7.94298387739603;0.582154504534461;5.50565687985016;0.839871416723039
"1006";7.93988456482412;0.581927350759187;5.50350860007927;0.839543703097931
"1007";7.93848107567186;0.581824486703982;5.50253577553043;0.839395301635602
"1008";7.93623874993669;0.581660142919894;5.5009815137692;0.839158203673296
"10081";7.93623874993669;0.581660142919894;5.5009815137692;0.839158203673296
"100811";7.93623874993669;0.581660142919894;5.5009815137692;0.839158203673296
"1011";7.93934541979676;0.581761686651571;5.50313489322364;0.839304700311421
"10111";7.93934541979676;0.581761686651571;5.50313489322364;0.839304700311421
"1013";7.94019331257104;0.581697887563259;5.50372260770955;0.8392126576831
"1014";7.94152020066519;0.581669378059432;5.50464233645093;0.839171527163311
"1015";7.9382011983215;0.58142628077072;5.50234177933412;0.838820811910432
"1016";7.93991882010123;0.581426626644519;5.50353234402801;0.838821310900846
"10161";7.93991882010123;0.581426626644519;5.50353234402801;0.838821310900846
"1018";7.93736201978532;0.58123939654603;5.50176010509779;0.838551194966251
"10181";7.93736201978532;0.58123939654603;5.50176010509779;0.838551194966251
"1020";7.93849621396305;0.581322451638866;5.50254626859429;0.838671018136806
"1021";7.93901723800335;0.581235391127019;5.50290741493883;0.838545416368107
"1022";7.93801601992739;0.581162089437082;5.50221342345235;0.838439664383546
"1023";7.93648885193293;0.581050281632669;5.50115487126274;0.838278359818587
"1024";7.93546454237699;0.580975289357488;5.50044487398203;0.838170168835078
"1025";7.93694429939168;0.580958675054554;5.50147056338467;0.838146199462628
"1026";7.93825078396513;0.581054305503521;5.5023761494832;0.83828416503711
"10261";7.93825078396513;0.581054305503521;5.5023761494832;0.83828416503711
"102611";7.93825078396513;0.581054305503521;5.5023761494832;0.83828416503711
"1026111";7.93825078396513;0.581054305503521;5.5023761494832;0.83828416503711
"1030";7.93982558508017;0.581044809272346;5.50346771843604;0.838270464871488
"10311";7.93923626931522;0.581001682523204;5.50305923587511;0.83820824612437
"103111";7.93923626931522;0.581001682523204;5.50305923587511;0.83820824612437
"1033";7.94143932488989;0.581038341607394;5.5045862776353;0.838261134003335
"1034";7.94531892006813;0.581197798378035;5.50727540809482;0.838491181495575
"1035";7.94566898278501;0.581223405365293;5.50751805308004;0.838528124569104
"1036";7.94824827477359;0.581287866515389;5.50930588204976;0.838621122350678
"1037";7.94622226204824;0.581139695928118;5.50790155704141;0.838407357379216
"1038";7.94669038032823;0.58117393133029;5.50822603190735;0.838456748624153
"1039";7.94643668995302;0.581155377916775;5.50805018713904;0.838429981706483
"1040";7.94948605791467;0.581254385067594;5.51016384794414;0.838572818831981
"10401";7.94948605791467;0.581254385067594;5.51016384794414;0.838572818831981
"104011";7.94948605791467;0.581254385067594;5.51016384794414;0.838572818831981
"1040111";7.94948605791467;0.581254385067594;5.51016384794414;0.838572818831981
"10401111";7.94948605791467;0.581254385067594;5.51016384794414;0.838572818831981
"1045";7.94832911886941;0.581169791436205;5.50936191890685;0.838450776019487
"1046";7.94562947222432;0.580972397360769;5.50749066644629;0.838165996565754
"1047";7.94249892148354;0.580743496230243;5.50532073402672;0.837835762039891
"1048";7.94212349358529;0.580592380898994;5.50506050723755;0.837617748700895
"1049";7.94042414634787;0.580468153661865;5.50388260949114;0.837438526681945
"1050";7.94412253144477;0.580491800505233;5.50644613469368;0.837472641865605
"1051";7.94346401675473;0.580443681612735;5.50598968709292;0.837403220978025
"10511";7.94346401675473;0.580443681612735;5.50598968709292;0.837403220978025
"1053";7.94111051426291;0.58027170681079;5.50435836347627;0.837155113784102
"1054";7.93979837922799;0.580175826664693;5.5034488607763;0.837016787972808
"1055";7.93797539253881;0.58004261763861;5.5021852626925;0.836824607971476
"1056";7.93657684456289;0.579940423138283;5.50121586310611;0.836677172472649
"10561";7.93657684456289;0.579940423138283;5.50121586310611;0.836677172472649
"1058";7.93652845447707;0.579936887184762;5.50118232165456;0.836672071170038
"1059";7.93574771464484;0.579879837073923;5.5006411540411;0.836589765258048
"1060";7.93775572101937;0.579780942849105;5.50203299799815;0.836447091050331
"10601";7.93775572101937;0.579780942849105;5.50203299799815;0.836447091050331
"106011";7.93775572101937;0.579780942849105;5.50203299799815;0.836447091050331
"1063";7.93966679163665;0.579798022088692;5.50335765120837;0.836471731184586
"1064";7.93692233064615;0.579597606492452;5.50145533581065;0.836182592597774
"1065";7.93579289616525;0.579515128991155;5.50067247148458;0.836063602715667
"1066";7.9350106514773;0.579458005193046;5.50013026078463;0.835981190495418
"1067";7.9357846257162;0.579392299393604;5.50066673884614;0.835886397064407
"1068";7.93394785033293;0.579258196269216;5.49939358316791;0.835692927151884
"1069";7.93585406742968;0.579275363471639;5.50071487217406;0.835717694189686
"1070";7.93775900060532;0.579292598546168;5.50203527123391;0.835742559146238
"1071";7.94156502093398;0.579327270755637;5.50467340349387;0.835792580570895
"1072";7.9402690397416;0.579232730542826;5.50377509778431;0.835656187874708
"1073";7.93987615246373;0.579204069905558;5.50350276907538;0.835614839315453
"1074";7.9409749332558;0.579284224594936;5.50426438588346;0.835730478088323
"10741";7.9409749332558;0.579284224594936;5.50426438588346;0.835730478088323
"1076";7.94558002884726;0.579377822048025;5.50745639490888;0.835865510669734
"1077";7.94263575152508;0.579163130486649;5.50541557738423;0.835555776218816
"1078";7.94044542670829;0.579003415825501;5.50389735991296;0.835325356669221
"1079";7.94155274102462;0.579084159251984;5.50466489170932;0.835441844810191
"10791";7.94155274102462;0.579084159251984;5.50466489170932;0.835441844810191
"1081";7.93947099689065;0.578932362104636;5.50322193663221;0.835222847818492
"1082";7.93924268806506;0.578915714223721;5.50306368501346;0.835198830003254
"1083";7.94164150805872;0.579090631989115;5.50472642032873;0.835451182995952
"1084";7.94046376551965;0.579004753059605;5.50391007140835;0.83532728589023
"10841";7.94046376551965;0.579004753059605;5.50391007140835;0.83532728589023
"108411";7.94046376551965;0.579004753059605;5.50391007140835;0.83532728589023
"1087";7.94005253176606;0.578974766612342;5.5036250258915;0.835284024591471
"1088";7.94066954126384;0.579019757867569;5.50405270428527;0.83534893325227
"1089";7.93953464556939;0.578937003255154;5.50326605453443;0.835229543583328
"1090";7.9355668881939;0.578647681315374;5.50051581469646;0.834812140255587
"1091";7.93637719279358;0.578706767311922;5.50107747504512;0.834897383329793
"1092";7.93583168875027;0.57866699010958;5.50069936045552;0.834839996957234
"1093";7.93986700177427;0.578719940671225;5.50349642630078;0.834916388469931
"10931";7.93986700177427;0.578719940671225;5.50349642630078;0.834916388469931
"1095";7.93628340369002;0.578458739863927;5.50101246539243;0.834539555360566
"1096";7.93450129435188;0.578328845722097;5.49977720132924;0.834352157726307
"10961";7.93450129435188;0.578328845722097;5.49977720132924;0.834352157726307
"1098";7.93486523643139;0.578355372682638;5.50002946675554;0.834390428040731
"10981";7.93486523643139;0.578355372682638;5.50002946675554;0.834390428040731
"1100";7.93171562461502;0.578125804207108;5.49784632220517;0.834059230739539
"1101";7.93281936918128;0.578206253790175;5.49861137963933;0.834175294954071
"11011";7.93281936918128;0.578206253790175;5.49861137963933;0.834175294954071
"1103";7.93167250732611;0.578122661480048;5.49781643557793;0.834054696742795
"11031";7.93167250732611;0.578122661480048;5.49781643557793;0.834054696742795
"110311";7.93167250732611;0.578122661480048;5.49781643557793;0.834054696742795
"1106";7.93204520220559;0.578029619578595;5.49807476798285;0.833920465652973
"1107";7.92911686883458;0.577816223993812;5.49604500196299;0.833612600901059
"1108";7.92761262302424;0.577706605527031;5.49500233822069;0.833454454882645
"1109";7.92631229469512;0.577611847079462;5.49410101930555;0.833317747340254
"1110";7.92426160830953;0.577462408007808;5.49267959181917;0.833102152332664
"11101";7.92426160830953;0.577462408007808;5.49267959181917;0.833102152332664
"1112";7.92382057335701;0.577430268596178;5.4923738896853;0.833055784962888
"1113";7.92130299921554;0.577246806149084;5.49062884026729;0.832791104600276
"1114";7.92128208318952;0.577125452353584;5.49061434238283;0.832616028081316
"11141";7.92128208318952;0.577125452353584;5.49061434238283;0.832616028081316
"1116";7.92377905385411;0.57718772175451;5.49234511055893;0.832705863837231
"1117";7.92488102332657;0.577267991944394;5.49310893759182;0.832821669242108
"1118";7.92270279008525;0.577109324031841;5.491599101362;0.832592759831519
"11181";7.92270279008525;0.577109324031841;5.491599101362;0.832592759831519
"1120";7.92327421718677;0.577150948199379;5.49199518444632;0.832652810811608
"11201";7.92327421718677;0.577150948199379;5.49199518444632;0.832652810811608
"1122";7.92408510016841;0.577210014927212;5.4925572456988;0.832738026086934
"1123";7.92232207755789;0.577081591986965;5.49133521154706;0.832552750947903
"1124";7.9260596601418;0.577115108230774;5.49392590637721;0.832601104666635
"1125";7.9282748673911;0.577157317808629;5.49546137103641;0.832662000215285
"1126";7.93068007733514;0.577332410693688;5.49712853552778;0.832914605852254
"1127";7.93214710224572;0.577439206204277;5.49814539970836;0.83306867920577
"1128";7.93295321306122;0.577497888927052;5.49870415314735;0.833153340478904
"11281";7.93295321306122;0.577497888927052;5.49870415314735;0.833153340478904
"1130";7.93153685233294;0.577394781634147;5.49772240670188;0.83300458809875
"1131";7.92818553392081;0.577150814569657;5.49539944979335;0.83265261802467
"1132";7.92991767501809;0.57715801124341;5.49660007851126;0.832663000630204
"1133";7.92816933875034;0.577030763228408;5.49538822415661;0.832479420549997
"1134";7.92703226689267;0.576948004471141;5.49460006600437;0.832360024901298
"1135";7.92575869113783;0.576855310640012;5.49371729056067;0.832226295970808
"1136";7.92434052692596;0.57675209332179;5.49273429403564;0.832077384857675
"1137";7.92367562403041;0.576703700129251;5.49227341846824;0.832007568238786
"1138";7.92415861924792;0.576738853654243;5.49260820524148;0.832058284054962
"1139";7.92436115409015;0.576753594615189;5.49274859169634;0.832079550766216
"1140";7.92262030496669;0.576626891532112;5.49154192703464;0.831896756856597
"11401";7.92262030496669;0.576626891532112;5.49154192703464;0.831896756856597
"1142";7.92217592489797;0.576594548508236;5.4912339062429;0.831850095736443
"1143";7.92282565395347;0.5766418373131;5.49168426410585;0.831918319060709
"1144";7.92256616250314;0.576622950916602;5.49150439833868;0.831891071750141
"1145";7.9233732719135;0.576681694232892;5.49206384395087;0.831975820441238
"1146";7.92533311997692;0.576587306756658;5.49342230711035;0.831839648097355
"1147";7.92525773081877;0.576581822011602;5.49337005132794;0.831831735282861
"11471";7.92525773081877;0.576581822011602;5.49337005132794;0.831831735282861
"1149";7.92494015170952;0.576558717357133;5.49314992226376;0.831798402312437
"1150";7.92429558062482;0.576511823239231;5.49270313963373;0.831730748401093
"1151";7.92488929422137;0.576555017350878;5.49311467053924;0.831793064331761
"11511";7.92488929422137;0.576555017350878;5.49311467053924;0.831793064331761
"1153";7.92526276133183;0.576582187993691;5.49337353821388;0.831832263283406
"1154";7.92518313434654;0.576458195878603;5.49331834499353;0.83165338047386
"1155";7.92499351516311;0.576444403448759;5.49318691099116;0.831633482203722
"1156";7.92294028124224;0.576295056297826;5.49176371768788;0.831418019809699
"11561";7.92294028124224;0.576295056297826;5.49176371768788;0.831418019809699
"1158";7.9212111650457;0.57616928466754;5.49056518567139;0.831236569702402
"1159";7.92090027902807;0.576146671588472;5.49034969590479;0.831203945925371
"11591";7.92090027902807;0.576146671588472;5.49034969590479;0.831203945925371
"1161";7.92025578101672;0.576099792399111;5.48990296392534;0.831136313551359
"1162";7.92142290811285;0.576066751449055;5.49071195478138;0.831088645536567
"1163";7.91965140273193;0.575937922908804;5.48948404082125;0.830902785240422
"1164";7.91979285096609;0.575948209397192;5.48958208526596;0.830917625506207
"1165";7.92095406096737;0.57603265564895;5.49038697470438;0.831039455694841
"1166";7.92175811585729;0.576091128639699;5.49094430308435;0.83112381438862
"1167";7.92327008187969;0.576083327891096;5.49199231806988;0.831112560287295
"11671";7.92327008187969;0.576083327891096;5.49199231806988;0.831112560287295
"116711";7.92327008187969;0.576083327891096;5.49199231806988;0.831112560287295
"1167111";7.92327008187969;0.576083327891096;5.49199231806988;0.831112560287295
"11671111";7.92327008187969;0.576083327891096;5.49199231806988;0.831112560287295
"1172";7.92509870856134;0.576098708063249;5.49325982549856;0.831134749185388
"1173";7.92271533840321;0.575925453884414;5.49160779919322;0.83088479624077
"1174";7.92100641699498;0.575801227366655;5.4904232651373;0.830705575259652
"1175";7.91769607034778;0.57556058854349;5.48812870769212;0.830358406822826
"1176";7.91840107722162;0.575494567777649;5.488617381219;0.830263158991352
"1177";7.91798087934377;0.575464028582458;5.48832612224469;0.830219100245897
"11771";7.91798087934377;0.575464028582458;5.48832612224469;0.830219100245897
"117711";7.91798087934377;0.575464028582458;5.48832612224469;0.830219100245897
