"","Words","count.present","Emma","Mansfield Park","Northanger Abbey","Persuasion","Pride and Prejudice","Sense and Sensibility"
"1","abrupt",2,1,0,0,0,1,0
"2","absentmi",0,0,0,0,0,0,0
"3","abstinen",0,0,0,0,0,0,0
"4","abstract",0,0,0,0,0,0,0
"5","abusive",1,0,0,0,0,1,0
"6","acceptan",0,0,0,0,0,0,0
"7","accessib",0,0,0,0,0,0,0
"8","accommod",0,0,0,0,0,0,0
"9","accompli",0,0,0,0,0,0,0
"10","accurate",2,0,1,0,0,1,0
"11","acid",0,0,0,0,0,0,0
"12","acquiesc",0,0,0,0,0,0,0
"13","acquisit",0,0,0,0,0,0,0
"14","active",6,1,1,1,1,1,1
"15","adaptabl",0,0,0,0,0,0,0
"16","adaptive",0,0,0,0,0,0,0
"17","adjustab",0,0,0,0,0,0,0
"18","adultero",0,0,0,0,0,0,0
"19","adventur",0,0,0,0,0,0,0
"20","affable",2,0,0,0,0,1,1
"21","affected",2,0,0,1,1,0,0
"22","affectio",0,0,0,0,0,0,0
"23","affirmat",0,0,0,0,0,0,0
"24","aggressi",0,0,0,0,0,0,0
"25","agitable",0,0,0,0,0,0,0
"26","agitativ",0,0,0,0,0,0,0
"27","agreeabl",0,0,0,0,0,0,0
"28","aimful",0,0,0,0,0,0,0
"29","aimless",0,0,0,0,0,0,0
"30","alarmabl",0,0,0,0,0,0,0
"31","alert",1,1,0,0,0,0,0
"32","aloof",1,0,0,0,0,1,0
"33","altruist",0,0,0,0,0,0,0
"34","ambitiou",0,0,0,0,0,0,0
"35","amiable",6,1,1,1,1,1,1
"36","amicable",0,0,0,0,0,0,0
"37","amorous",0,0,0,0,0,0,0
"38","analytic",0,0,0,0,0,0,0
"39","angelic",1,0,0,0,0,1,0
"40","animated",5,1,1,0,1,1,1
"41","antagoni",0,0,0,0,0,0,0
"42","anticipa",0,0,0,0,0,0,0
"43","antisoci",0,0,0,0,0,0,0
"44","anxious",6,1,1,1,1,1,1
"45","apatheti",0,0,0,0,0,0,0
"46","apprecia",0,0,0,0,0,0,0
"47","approach",0,0,0,0,0,0,0
"48","arbitrar",0,0,0,0,0,0,0
"49","arbitrat",0,0,0,0,0,0,0
"50","argument",0,0,0,0,0,0,0
"51","aristocr",0,0,0,0,0,0,0
"52","arrogant",0,0,0,0,0,0,0
"53","articula",0,0,0,0,0,0,0
"54","artistic",0,0,0,0,0,0,0
"55","ascendan",0,0,0,0,0,0,0
"56","asocial",0,0,0,0,0,0,0
"57","assertiv",0,0,0,0,0,0,0
"58","assured",0,0,0,0,0,0,0
"59","astute",0,0,0,0,0,0,0
"60","audaciou",0,0,0,0,0,0,0
"61","austere",0,0,0,0,0,0,0
"62","authorit",0,0,0,0,0,0,0
"63","autocrat",0,0,0,0,0,0,0
"64","autonomo",0,0,0,0,0,0,0
"65","aweless",0,0,0,0,0,0,0
"66","awkward",6,1,1,1,1,1,1
"67","balky",0,0,0,0,0,0,0
"68","bashful",2,0,0,0,0,1,1
"69","belliger",0,0,0,0,0,0,0
"70","bendable",0,0,0,0,0,0,0
"71","benefice",0,0,0,0,0,0,0
"72","benevole",0,0,0,0,0,0,0
"73","biased",0,0,0,0,0,0,0
"74","bigheade",0,0,0,0,0,0,0
"75","bigheart",0,0,0,0,0,0,0
"76","bigmouth",0,0,0,0,0,0,0
"77","bigoted",0,0,0,0,0,0,0
"78","bitter",5,1,1,1,0,1,1
"79","bland",0,0,0,0,0,0,0
"80","blase",0,0,0,0,0,0,0
"81","blasphem",0,0,0,0,0,0,0
"82","blunt",2,1,0,0,0,0,1
"83","bluntwit",0,0,0,0,0,0,0
"84","blustery",0,0,0,0,0,0,0
"85","boastful",1,1,0,0,0,0,0
"86","boastles",0,0,0,0,0,0,0
"87","boistero",0,0,0,0,0,0,0
"88","bold",4,0,1,1,1,0,1
"89","bookish",1,0,0,0,1,0,0
"90","boorish",0,0,0,0,0,0,0
"91","bossy",0,0,0,0,0,0,0
"92","bountifu",0,0,0,0,0,0,0
"93","boyish",2,1,0,0,0,0,1
"94","brainy",0,0,0,0,0,0,0
"95","brash",0,0,0,0,0,0,0
"96","brave",0,0,0,0,0,0,0
"97","brawlsom",0,0,0,0,0,0,0
"98","brazen",0,0,0,0,0,0,0
"99","breezy",0,0,0,0,0,0,0
"100","bright",5,1,1,1,1,1,0
"101","brisk",1,0,1,0,0,0,0
"102","bristly",0,0,0,0,0,0,0
"103","broadmin",0,0,0,0,0,0,0
"104","broadspo",0,0,0,0,0,0,0
"105","broody",0,0,0,0,0,0,0
"106","brusque",0,0,0,0,0,0,0
"107","brutal",1,1,0,0,0,0,0
"108","bubbly",0,0,0,0,0,0,0
"109","bullhead",0,0,0,0,0,0,0
"110","bullish",0,0,0,0,0,0,0
"111","bullying",0,0,0,0,0,0,0
"112","buoyant",0,0,0,0,0,0,0
"113","business",0,0,0,0,0,0,0
"114","busyish",0,0,0,0,0,0,0
"115","cagy",0,0,0,0,0,0,0
"116","calculab",0,0,0,0,0,0,0
"117","calculat",0,0,0,0,0,0,0
"118","callous",0,0,0,0,0,0,0
"119","calm",6,1,1,1,1,1,1
"120","candid",4,0,1,1,0,1,1
"121","canny",0,0,0,0,0,0,0
"122","cantanke",0,0,0,0,0,0,0
"123","capable",6,1,1,1,1,1,1
"124","capricio",0,0,0,0,0,0,0
"125","carefree",0,0,0,0,0,0,0
"126","careful",5,1,1,0,1,1,1
"127","careless",6,1,1,1,1,1,1
"128","careworn",0,0,0,0,0,0,0
"129","casual",1,0,0,0,0,1,0
"130","catty",0,0,0,0,0,0,0
"131","caustic",0,0,0,0,0,0,0
"132","cautious",5,1,1,0,1,1,1
"133","cavalier",0,0,0,0,0,0,0
"134","censoria",0,0,0,0,0,0,0
"135","cerebral",0,0,0,0,0,0,0
"136","ceremoni",0,0,0,0,0,0,0
"137","certain",6,1,1,1,1,1,1
"138","changeab",0,0,0,0,0,0,0
"139","changele",0,0,0,0,0,0,0
"140","charitab",0,0,0,0,0,0,0
"141","chaste",0,0,0,0,0,0,0
"142","chatty",2,1,1,0,0,0,0
"143","cheerful",6,1,1,1,1,1,1
"144","cherubic",0,0,0,0,0,0,0
"145","chic",0,0,0,0,0,0,0
"146","childish",0,0,0,0,0,0,0
"147","childlik",0,0,0,0,0,0,0
"148","chipper",0,0,0,0,0,0,0
"149","chitchat",0,0,0,0,0,0,0
"150","chivalro",0,0,0,0,0,0,0
"151","choosy",0,0,0,0,0,0,0
"152","circumsp",0,0,0,0,0,0,0
"153","civil",6,1,1,1,1,1,1
"154","civilize",0,0,0,0,0,0,0
"155","clairvoy",0,0,0,0,0,0,0
"156","clannish",0,0,0,0,0,0,0
"157","clearcut",0,0,0,0,0,0,0
"158","clearhea",0,0,0,0,0,0,0
"159","clearsig",0,0,0,0,0,0,0
"160","clearthi",0,0,0,0,0,0,0
"161","clever",6,1,1,1,1,1,1
"162","clingy",0,0,0,0,0,0,0
"163","cliquish",0,0,0,0,0,0,0
"164","closedmi",0,0,0,0,0,0,0
"165","closefis",0,0,0,0,0,0,0
"166","closemou",0,0,0,0,0,0,0
"167","clownish",1,1,0,0,0,0,0
"168","clumsy",1,0,0,0,1,0,0
"169","coarse",4,0,1,1,1,1,0
"170","cocky",0,0,0,0,0,0,0
"171","coercive",0,0,0,0,0,0,0
"172","coherent",1,0,0,0,0,1,0
"173","cold",6,1,1,1,1,1,1
"174","coldhear",0,0,0,0,0,0,0
"175","combativ",0,0,0,0,0,0,0
"176","communic",0,0,0,0,0,0,0
"177","companio",0,0,0,0,0,0,0
"178","compassl",0,0,0,0,0,0,0
"179","compasst",0,0,0,0,0,0,0
"180","competit",0,0,0,0,0,0,0
"181","complace",0,0,0,0,0,0,0
"182","complain",0,0,0,0,0,0,0
"183","complais",0,0,0,0,0,0,0
"184","complex",0,0,0,0,0,0,0
"185","complian",0,0,0,0,0,0,0
"186","complica",0,0,0,0,0,0,0
"187","complime",0,0,0,0,0,0,0
"188","compulsi",0,0,0,0,0,0,0
"189","comradel",0,0,0,0,0,0,0
"190","conceite",0,0,0,0,0,0,0
"191","conceitl",0,0,0,0,0,0,0
"192","concilia",0,0,0,0,0,0,0
"193","concise",4,1,1,0,0,1,1
"194","condesce",0,0,0,0,0,0,0
"195","confiden",0,0,0,0,0,0,0
"196","confusab",0,0,0,0,0,0,0
"197","confused",5,1,1,1,0,1,1
"198","congenia",0,0,0,0,0,0,0
"199","consciel",0,0,0,0,0,0,0
"200","consciet",0,0,0,0,0,0,0
"201","conserva",0,0,0,0,0,0,0
"202","consider",0,0,0,0,0,0,0
"203","consiste",0,0,0,0,0,0,0
"204","consolat",0,0,0,0,0,0,0
"205","constant",6,1,1,1,1,1,1
"206","constrai",0,0,0,0,0,0,0
"207","construc",0,0,0,0,0,0,0
"208","contempl",0,0,0,0,0,0,0
"209","contente",0,0,0,0,0,0,0
"210","contrads",0,0,0,0,0,0,0
"211","contrady",0,0,0,0,0,0,0
"212","contrarm",0,0,0,0,0,0,0
"213","contrary",6,1,1,1,1,1,1
"214","controll",0,0,0,0,0,0,0
"215","conventi",0,0,0,0,0,0,0
"216","conversa",0,0,0,0,0,0,0
"217","cool",6,1,1,1,1,1,1
"218","coolhead",0,0,0,0,0,0,0
"219","cooperat",0,0,0,0,0,0,0
"220","cordial",6,1,1,1,1,1,1
"221","correcti",0,0,0,0,0,0,0
"222","cosmopol",0,0,0,0,0,0,0
"223","counsela",0,0,0,0,0,0,0
"224","courageo",0,0,0,0,0,0,0
"225","courteou",0,0,0,0,0,0,0
"226","courtly",0,0,0,0,0,0,0
"227","covetous",0,0,0,0,0,0,0
"228","cowardly",1,0,0,1,0,0,0
"229","coy",0,0,0,0,0,0,0
"230","crabby",0,0,0,0,0,0,0
"231","crafty",0,0,0,0,0,0,0
"232","cranky",0,0,0,0,0,0,0
"233","creative",1,0,0,0,0,1,0
"234","credulou",0,0,0,0,0,0,0
"235","critical",6,1,1,1,1,1,1
"236","crotchet",0,0,0,0,0,0,0
"237","cruel",6,1,1,1,1,1,1
"238","crusadin",0,0,0,0,0,0,0
"239","cultivat",0,0,0,0,0,0,0
"240","cultured",0,0,0,0,0,0,0
"241","cunning",4,0,1,0,1,1,1
"242","curious",6,1,1,1,1,1,1
"243","curt",0,0,0,0,0,0,0
"244","cynical",0,0,0,0,0,0,0
"245","dainty",0,0,0,0,0,0,0
"246","dapper",0,0,0,0,0,0,0
"247","daring",3,1,1,0,0,1,0
"248","dauntles",0,0,0,0,0,0,0
"249","debonair",0,0,0,0,0,0,0
"250","deceitfu",0,0,0,0,0,0,0
"251","deceivab",0,0,0,0,0,0,0
"252","deceptiv",0,0,0,0,0,0,0
"253","decisive",5,1,1,0,1,1,1
"254","dedicate",0,0,0,0,0,0,0
"255","deep",6,1,1,1,1,1,1
"256","defensiv",0,0,0,0,0,0,0
"257","defiant",0,0,0,0,0,0,0
"258","definite",0,0,0,0,0,0,0
"259","delibera",0,0,0,0,0,0,0
"260","deliberv",0,0,0,0,0,0,0
"261","demandin",0,0,0,0,0,0,0
"262","democrat",0,0,0,0,0,0,0
"263","demonstr",0,0,0,0,0,0,0
"264","demure",3,1,1,0,0,0,1
"265","dependab",0,0,0,0,0,0,0
"266","dependen",0,0,0,0,0,0,0
"267","derisive",0,0,0,0,0,0,0
"268","derogato",0,0,0,0,0,0,0
"269","designfu",0,0,0,0,0,0,0
"270","desponde",0,0,0,0,0,0,0
"271","destruct",0,0,0,0,0,0,0
"272","detached",0,0,0,0,0,0,0
"273","determin",0,0,0,0,0,0,0
"274","devilish",1,0,0,1,0,0,0
"275","devilmay",0,0,0,0,0,0,0
"276","devious",0,0,0,0,0,0,0
"277","devout",0,0,0,0,0,0,0
"278","dictator",0,0,0,0,0,0,0
"279","dignifie",0,0,0,0,0,0,0
"280","digressi",0,0,0,0,0,0,0
"281","diligent",0,0,0,0,0,0,0
"282","diplomat",0,0,0,0,0,0,0
"283","direct",6,1,1,1,1,1,1
"284","discerni",0,0,0,0,0,0,0
"285","discoura",0,0,0,0,0,0,0
"286","discourt",0,0,0,0,0,0,0
"287","discreet",3,1,1,0,1,0,0
"288","discrimi",0,0,0,0,0,0,0
"289","disdainf",0,0,0,0,0,0,0
"290","disguisl",0,0,0,0,0,0,0
"291","dishones",0,0,0,0,0,0,0
"292","disoblig",0,0,0,0,0,0,0
"293","disorder",0,0,0,0,0,0,0
"294","disorgan",0,0,0,0,0,0,0
"295","dispassi",0,0,0,0,0,0,0
"296","disregar",0,0,0,0,0,0,0
"297","disrespe",0,0,0,0,0,0,0
"298","disrupti",0,0,0,0,0,0,0
"299","dissatis",0,0,0,0,0,0,0
"300","dissensu",0,0,0,0,0,0,0
"301","dissocia",0,0,0,0,0,0,0
"302","distant",6,1,1,1,1,1,1
"303","distract",0,0,0,0,0,0,0
"304","distrust",0,0,0,0,0,0,0
"305","divertib",0,0,0,0,0,0,0
"306","docile",0,0,0,0,0,0,0
"307","doctrina",0,0,0,0,0,0,0
"308","dogged",0,0,0,0,0,0,0
"309","dogmatic",0,0,0,0,0,0,0
"310","doleful",2,1,0,0,0,1,0
"311","dominant",0,0,0,0,0,0,0
"312","domineer",0,0,0,0,0,0,0
"313","doublefa",0,0,0,0,0,0,0
"314","doubleto",0,0,0,0,0,0,0
"315","downtoea",0,0,0,0,0,0,0
"316","dreamy",0,0,0,0,0,0,0
"317","dull",5,1,0,1,1,1,1
"318","dullwitt",0,0,0,0,0,0,0
"319","durable",3,1,1,0,1,0,0
"320","dutiful",2,1,0,0,1,0,0
"321","dynamic",0,0,0,0,0,0,0
"322","eager",6,1,1,1,1,1,1
"323","eagleeye",0,0,0,0,0,0,0
"324","earnest",6,1,1,1,1,1,1
"325","earthlym",0,0,0,0,0,0,0
"326","earthlyw",0,0,0,0,0,0,0
"327","earthy",0,0,0,0,0,0,0
"328","easeless",0,0,0,0,0,0,0
"329","easygoin",0,0,0,0,0,0,0
"330","economic",0,0,0,0,0,0,0
"331","educable",0,0,0,0,0,0,0
"332","educated",0,0,0,0,0,0,0
"333","effemina",0,0,0,0,0,0,0
"334","efferves",0,0,0,0,0,0,0
"335","efficien",0,0,0,0,0,0,0
"336","egocentr",0,0,0,0,0,0,0
"337","egotisti",0,0,0,0,0,0,0
"338","elegant",6,1,1,1,1,1,1
"339","elfish",0,0,0,0,0,0,0
"340","eloquent",3,0,1,0,1,1,0
"341","elusive",0,0,0,0,0,0,0
"342","embitter",0,0,0,0,0,0,0
"343","emotiona",0,0,0,0,0,0,0
"344","emotionl",0,0,0,0,0,0,0
"345","empathic",0,0,0,0,0,0,0
"346","emphatic",1,0,0,0,0,1,0
"347","encyclop",0,0,0,0,0,0,0
"348","energeti",0,0,0,0,0,0,0
"349","enlighte",0,0,0,0,0,0,0
"350","enterpri",0,0,0,0,0,0,0
"351","enthusia",0,0,0,0,0,0,0
"352","envious",1,1,0,0,0,0,0
"353","equalita",0,0,0,0,0,0,0
"354","erratic",0,0,0,0,0,0,0
"355","ethical",0,0,0,0,0,0,0
"356","evangeli",0,0,0,0,0,0,0
"357","evasive",0,0,0,0,0,0,0
"358","exact",6,1,1,1,1,1,1
"359","exacting",0,0,0,0,0,0,0
"360","exaggera",0,0,0,0,0,0,0
"361","excessiv",0,0,0,0,0,0,0
"362","excitabl",0,0,0,0,0,0,0
"363","exclusiv",0,0,0,0,0,0,0
"364","exhaustb",0,0,0,0,0,0,0
"365","exhaustv",0,0,0,0,0,0,0
"366","exhibiti",0,0,0,0,0,0,0
"367","expansiv",0,0,0,0,0,0,0
"368","explicit",3,0,0,1,1,1,0
"369","exploita",0,0,0,0,0,0,0
"370","explosiv",0,0,0,0,0,0,0
"371","expressi",0,0,0,0,0,0,0
"372","extravag",0,0,0,0,0,0,0
"373","extrover",0,0,0,0,0,0,0
"374","facetiou",0,0,0,0,0,0,0
"375","factious",0,0,0,0,0,0,0
"376","fainthea",0,0,0,0,0,0,0
"377","fairmind",0,0,0,0,0,0,0
"378","fairnatu",0,0,0,0,0,0,0
"379","faithful",5,1,1,1,0,1,1
"380","falsehea",0,0,0,0,0,0,0
"381","fanatica",0,0,0,0,0,0,0
"382","fanciful",3,1,1,0,0,0,1
"383","fancyfre",0,0,0,0,0,0,0
"384","farseein",0,0,0,0,0,0,0
"385","fastidio",0,0,0,0,0,0,0
"386","fatalist",0,0,0,0,0,0,0
"387","fatiguel",0,0,0,0,0,0,0
"388","faultfin",0,0,0,0,0,0,0
"389","fearful",6,1,1,1,1,1,1
"390","fearless",3,1,1,0,1,0,0
"391","feelingf",0,0,0,0,0,0,0
"392","feelingl",0,0,0,0,0,0,0
"393","feminine",3,1,1,0,0,0,1
"394","fervent",2,0,1,0,0,0,1
"395","fickle",2,0,0,1,0,0,1
"396","fidgety",0,0,0,0,0,0,0
"397","fierce",0,0,0,0,0,0,0
"398","fiery",0,0,0,0,0,0,0
"399","finicky",0,0,0,0,0,0,0
"400","firm",4,1,0,1,0,1,1
"401","flamboya",0,0,0,0,0,0,0
"402","flammabl",0,0,0,0,0,0,0
"403","flattera",0,0,0,0,0,0,0
"404","flaunty",0,0,0,0,0,0,0
"405","flexible",0,0,0,0,0,0,0
"406","flighty",0,0,0,0,0,0,0
"407","flippant",0,0,0,0,0,0,0
"408","flirtati",0,0,0,0,0,0,0
"409","fluttery",0,0,0,0,0,0,0
"410","folksy",0,0,0,0,0,0,0
"411","foolhard",0,0,0,0,0,0,0
"412","foolish",6,1,1,1,1,1,1
"413","footloos",0,0,0,0,0,0,0
"414","forbeari",0,0,0,0,0,0,0
"415","forceful",0,0,0,0,0,0,0
"416","forceles",0,0,0,0,0,0,0
"417","forcible",0,0,0,0,0,0,0
"418","foresigh",0,0,0,0,0,0,0
"419","forethou",0,0,0,0,0,0,0
"420","forgetfu",0,0,0,0,0,0,0
"421","forgivin",0,0,0,0,0,0,0
"422","formal",5,1,1,0,1,1,1
"423","forsigtl",0,0,0,0,0,0,0
"424","forthrig",0,0,0,0,0,0,0
"425","forward",0,0,0,0,0,0,0
"426","forwardl",0,0,0,0,0,0,0
"427","foulmout",0,0,0,0,0,0,0
"428","foxy",0,0,0,0,0,0,0
"429","frank",3,0,1,0,1,0,1
"430","fraterna",0,0,0,0,0,0,0
"431","fraudule",0,0,0,0,0,0,0
"432","freelivi",0,0,0,0,0,0,0
"433","freemind",0,0,0,0,0,0,0
"434","freethin",0,0,0,0,0,0,0
"435","fretful",1,0,0,0,0,0,1
"436","fretless",0,0,0,0,0,0,0
"437","friendly",6,1,1,1,1,1,1
"438","frighten",0,0,0,0,0,0,0
"439","frisky",0,0,0,0,0,0,0
"440","frivolou",0,0,0,0,0,0,0
"441","frolicso",0,0,0,0,0,0,0
"442","frugal",0,0,0,0,0,0,0
"443","fussy",0,0,0,0,0,0,0
"444","gabby",0,0,0,0,0,0,0
"445","gallant",4,1,0,1,1,1,0
"446","generous",6,1,1,1,1,1,1
"447","genial",1,0,0,0,0,0,1
"448","genteel",5,1,1,1,0,1,1
"449","gentle",6,1,1,1,1,1,1
"450","gentlehe",0,0,0,0,0,0,0
"451","gentlema",0,0,0,0,0,0,0
"452","girlish",1,0,1,0,0,0,0
"453","giving",0,0,0,0,0,0,0
"454","glib",0,0,0,0,0,0,0
"455","gloomy",6,1,1,1,1,1,1
"456","gluttono",0,0,0,0,0,0,0
"457","godfeari",0,0,0,0,0,0,0
"458","godless",0,0,0,0,0,0,0
"459","goodhear",0,0,0,0,0,0,0
"460","goodhumo",0,0,0,0,0,0,0
"461","goodnatu",0,0,0,0,0,0,0
"462","goodtemp",0,0,0,0,0,0,0
"463","gossipy",0,0,0,0,0,0,0
"464","graceful",5,1,1,1,1,0,1
"465","graceles",0,0,0,0,0,0,0
"466","gracious",5,1,1,1,0,1,1
"467","greathea",0,0,0,0,0,0,0
"468","greedy",1,0,0,1,0,0,0
"469","gregario",0,0,0,0,0,0,0
"470","gruff",0,0,0,0,0,0,0
"471","grumbly",0,0,0,0,0,0,0
"472","grumpy",0,0,0,0,0,0,0
"473","guileles",0,0,0,0,0,0,0
"474","gullible",0,0,0,0,0,0,0
"475","gushy",0,0,0,0,0,0,0
"476","gutless",0,0,0,0,0,0,0
"477","gutsy",0,0,0,0,0,0,0
"478","haphazar",0,0,0,0,0,0,0
"479","happygol",0,0,0,0,0,0,0
"480","hardened",1,0,1,0,0,0,0
"481","hardhead",0,0,0,0,0,0,0
"482","hardhear",0,0,0,0,0,0,0
"483","hardnose",0,0,0,0,0,0,0
"484","hardshel",0,0,0,0,0,0,0
"485","hardwork",0,0,0,0,0,0,0
"486","harsh",1,1,0,0,0,0,0
"487","hasty",5,1,1,0,1,1,1
"488","haughty",2,0,0,0,0,1,1
"489","headlong",0,0,0,0,0,0,0
"490","headstro",0,0,0,0,0,0,0
"491","heartles",0,0,0,0,0,0,0
"492","hearty",6,1,1,1,1,1,1
"493","hectic",1,0,1,0,0,0,0
"494","heedful",0,0,0,0,0,0,0
"495","heedless",3,0,1,1,1,0,0
"496","helpful",0,0,0,0,0,0,0
"497","heretica",0,0,0,0,0,0,0
"498","hermitis",0,0,0,0,0,0,0
"499","heroic",1,0,0,1,0,0,0
"500","highfalu",0,0,0,0,0,0,0
"501","highhand",0,0,0,0,0,0,0
"502","highmind",0,0,0,0,0,0,0
"503","highprin",0,0,0,0,0,0,0
"504","highspir",0,0,0,0,0,0,0
"505","highstru",0,0,0,0,0,0,0
"506","hitormis",0,0,0,0,0,0,0
"507","hoggish",0,0,0,0,0,0,0
"508","homespun",0,0,0,0,0,0,0
"509","homicida",0,0,0,0,0,0,0
"510","honest",6,1,1,1,1,1,1
"511","hospitab",0,0,0,0,0,0,0
"512","hostile",1,0,0,0,0,0,1
"513","hotblood",0,0,0,0,0,0,0
"514","hottempe",0,0,0,0,0,0,0
"515","humane",0,0,0,0,0,0,0
"516","humanita",0,0,0,0,0,0,0
"517","humble",6,1,1,1,1,1,1
"518","humorles",0,0,0,0,0,0,0
"519","humorous",0,0,0,0,0,0,0
"520","hypercri",0,0,0,0,0,0,0
"521","hypocrit",0,0,0,0,0,0,0
"522","hypsensi",0,0,0,0,0,0,0
"523","hypsensu",0,0,0,0,0,0,0
"524","icy",0,0,0,0,0,0,0
"525","idealist",0,0,0,0,0,0,0
"526","ignorant",6,1,1,1,1,1,1
"527","illhumor",0,0,0,0,0,0,0
"528","illitera",0,0,0,0,0,0,0
"529","illmanne",0,0,0,0,0,0,0
"530","illnatur",0,0,0,0,0,0,0
"531","illogica",0,0,0,0,0,0,0
"532","illtempe",0,0,0,0,0,0,0
"533","illwille",0,0,0,0,0,0,0
"534","imaginat",0,0,0,0,0,0,0
"535","imitativ",0,0,0,0,0,0,0
"536","immature",0,0,0,0,0,0,0
"537","immodera",0,0,0,0,0,0,0
"538","immodest",0,0,0,0,0,0,0
"539","immovabl",0,0,0,0,0,0,0
"540","impartia",0,0,0,0,0,0,0
"541","impassiv",0,0,0,0,0,0,0
"542","impatien",0,0,0,0,0,0,0
"543","impercep",0,0,0,0,0,0,0
"544","imperson",0,0,0,0,0,0,0
"545","impertin",0,0,0,0,0,0,0
"546","impertur",0,0,0,0,0,0,0
"547","impetuou",0,0,0,0,0,0,0
"548","impious",0,0,0,0,0,0,0
"549","impish",0,0,0,0,0,0,0
"550","impolite",1,1,0,0,0,0,0
"551","impracti",0,0,0,0,0,0,0
"552","imprecis",0,0,0,0,0,0,0
"553","impresnb",0,0,0,0,0,0,0
"554","impressb",0,0,0,0,0,0,0
"555","impruden",0,0,0,0,0,0,0
"556","impudent",4,1,1,1,0,1,0
"557","impulsiv",0,0,0,0,0,0,0
"558","inaccura",0,0,0,0,0,0,0
"559","inaggres",0,0,0,0,0,0,0
"560","inarticu",0,0,0,0,0,0,0
"561","incautio",0,0,0,0,0,0,0
"562","incoerci",0,0,0,0,0,0,0
"563","incompli",0,0,0,0,0,0,0
"564","inconfid",0,0,0,0,0,0,0
"565","inconfin",0,0,0,0,0,0,0
"566","incongen",0,0,0,0,0,0,0
"567","inconsid",0,0,0,0,0,0,0
"568","inconsis",0,0,0,0,0,0,0
"569","inconsta",0,0,0,0,0,0,0
"570","incontro",0,0,0,0,0,0,0
"571","inconvin",0,0,0,0,0,0,0
"572","incorrtb",0,0,0,0,0,0,0
"573","incorrup",0,0,0,0,0,0,0
"574","incuriou",0,0,0,0,0,0,0
"575","indecisi",0,0,0,0,0,0,0
"576","indefati",0,0,0,0,0,0,0
"577","indefini",0,0,0,0,0,0,0
"578","indelibe",0,0,0,0,0,0,0
"579","indelica",0,0,0,0,0,0,0
"580","independ",0,0,0,0,0,0,0
"581","indestru",0,0,0,0,0,0,0
"582","indiffer",0,0,0,0,0,0,0
"583","indirect",1,0,0,0,0,1,0
"584","indiscre",0,0,0,0,0,0,0
"585","indivert",0,0,0,0,0,0,0
"586","individu",0,0,0,0,0,0,0
"587","indocile",0,0,0,0,0,0,0
"588","indomita",0,0,0,0,0,0,0
"589","indulgen",0,0,0,0,0,0,0
"590","industri",0,0,0,0,0,0,0
"591","ineffici",0,0,0,0,0,0,0
"592","inelegan",0,0,0,0,0,0,0
"593","ineloque",0,0,0,0,0,0,0
"594","inexact",0,0,0,0,0,0,0
"595","inexcita",0,0,0,0,0,0,0
"596","inexhaus",0,0,0,0,0,0,0
"597","inexperi",0,0,0,0,0,0,0
"598","inexplic",0,0,0,0,0,0,0
"599","inexpres",0,0,0,0,0,0,0
"600","inflexib",0,0,0,0,0,0,0
"601","informal",0,0,0,0,0,0,0
"602","informat",0,0,0,0,0,0,0
"603","informed",0,0,0,0,0,0,0
"604","ingeniou",0,0,0,0,0,0,0
"605","ingenuou",0,0,0,0,0,0,0
"606","ingratia",0,0,0,0,0,0,0
"607","ingratry",0,0,0,0,0,0,0
"608","inharmon",0,0,0,0,0,0,0
"609","inhibite",0,0,0,0,0,0,0
"610","inhospit",0,0,0,0,0,0,0
"611","inhuman",0,0,0,0,0,0,0
"612","inhumane",0,0,0,0,0,0,0
"613","inirrita",0,0,0,0,0,0,0
"614","injudici",0,0,0,0,0,0,0
"615","innovati",0,0,0,0,0,0,0
"616","inquirin",0,0,0,0,0,0,0
"617","inquisit",0,0,0,0,0,0,0
"618","inquisto",0,0,0,0,0,0,0
"619","insecure",0,0,0,0,0,0,0
"620","insensit",0,0,0,0,0,0,0
"621","insensuo",0,0,0,0,0,0,0
"622","insightf",0,0,0,0,0,0,0
"623","insincer",0,0,0,0,0,0,0
"624","insolent",3,1,0,0,0,1,1
"625","instruct",0,0,0,0,0,0,0
"626","insubord",0,0,0,0,0,0,0
"627","insuppre",0,0,0,0,0,0,0
"628","intellec",0,0,0,0,0,0,0
"629","intellig",0,0,0,0,0,0,0
"630","intemper",0,0,0,0,0,0,0
"631","intense",2,0,1,1,0,0,0
"632","intimate",6,1,1,1,1,1,1
"633","intolera",0,0,0,0,0,0,0
"634","intricat",0,0,0,0,0,0,0
"635","introspe",0,0,0,0,0,0,0
"636","introver",0,0,0,0,0,0,0
"637","intrusiv",0,0,0,0,0,0,0
"638","intuitiv",0,0,0,0,0,0,0
"639","invariab",0,0,0,0,0,0,0
"640","inventiv",0,0,0,0,0,0,0
"641","invincib",0,0,0,0,0,0,0
"642","inward",1,1,0,0,0,0,0
"643","ironhear",0,0,0,0,0,0,0
"644","ironical",0,0,0,0,0,0,0
"645","irration",0,0,0,0,0,0,0
"646","irreform",0,0,0,0,0,0,0
"647","irreligi",0,0,0,0,0,0,0
"648","irrepres",0,0,0,0,0,0,0
"649","irresolu",0,0,0,0,0,0,0
"650","irrespon",0,0,0,0,0,0,0
"651","irrestra",0,0,0,0,0,0,0
"652","irrevere",0,0,0,0,0,0,0
"653","irritabl",0,0,0,0,0,0,0
"654","jaunty",0,0,0,0,0,0,0
"655","jealous",6,1,1,1,1,1,1
"656","jocular",0,0,0,0,0,0,0
"657","jolly",0,0,0,0,0,0,0
"658","jovial",0,0,0,0,0,0,0
"659","joyless",0,0,0,0,0,0,0
"660","judiciou",0,0,0,0,0,0,0
"661","just",0,0,0,0,0,0,0
"662","juvenile",1,0,0,0,0,0,1
"663","kind",6,1,1,1,1,1,1
"664","kindhear",0,0,0,0,0,0,0
"665","kindly",0,0,0,0,0,0,0
"666","knavish",0,0,0,0,0,0,0
"667","knowital",0,0,0,0,0,0,0
"668","knowledg",0,0,0,0,0,0,0
"669","lackadai",0,0,0,0,0,0,0
"670","ladylike",1,1,0,0,0,0,0
"671","lamblike",0,0,0,0,0,0,0
"672","languid",4,1,1,1,0,0,1
"673","larcenou",0,0,0,0,0,0,0
"674","laughtls",0,0,0,0,0,0,0
"675","lavish",1,0,0,0,1,0,0
"676","lawabidi",0,0,0,0,0,0,0
"677","lawless",0,0,0,0,0,0,0
"678","lax",0,0,0,0,0,0,0
"679","lazy",3,1,1,1,0,0,0
"680","leadable",0,0,0,0,0,0,0
"681","learned",0,0,0,0,0,0,0
"682","lecherou",0,0,0,0,0,0,0
"683","legalist",0,0,0,0,0,0,0
"684","leisurel",0,0,0,0,0,0,0
"685","leisurls",0,0,0,0,0,0,0
"686","lenient",1,0,0,1,0,0,0
"687","lethargi",0,0,0,0,0,0,0
"688","levelhea",0,0,0,0,0,0,0
"689","lewd",0,0,0,0,0,0,0
"690","lifeless",1,0,0,0,1,0,0
"691","lifewear",0,0,0,0,0,0,0
"692","lighthea",0,0,0,0,0,0,0
"693","lionhear",0,0,0,0,0,0,0
"694","literal",0,0,0,0,0,0,0
"695","literary",2,1,0,1,0,0,0
"696","literate",0,0,0,0,0,0,0
"697","live",0,0,0,0,0,0,0
"698","lively",6,1,1,1,1,1,1
"699","logical",0,0,0,0,0,0,0
"700","longsuff",0,0,0,0,0,0,0
"701","longwind",0,0,0,0,0,0,0
"702","looseton",0,0,0,0,0,0,0
"703","loud",5,1,1,1,0,1,1
"704","loudmout",0,0,0,0,0,0,0
"705","loving",4,0,1,1,1,0,1
"706","loyal",0,0,0,0,0,0,0
"707","lucid",0,0,0,0,0,0,0
"708","lukewarm",0,0,0,0,0,0,0
"709","lustful",0,0,0,0,0,0,0
"710","lustless",0,0,0,0,0,0,0
"711","lusty",0,0,0,0,0,0,0
"712","magister",0,0,0,0,0,0,0
"713","magnamin",0,0,0,0,0,0,0
"714","magnetic",0,0,0,0,0,0,0
"715","malevole",0,0,0,0,0,0,0
"716","maliciou",0,0,0,0,0,0,0
"717","malleabl",0,0,0,0,0,0,0
"718","manipula",0,0,0,0,0,0,0
"719","manipulb",0,0,0,0,0,0,0
"720","manly",3,0,1,0,1,0,1
"721","mannerls",0,0,0,0,0,0,0
"722","mannerly",0,0,0,0,0,0,0
"723","manyside",0,0,0,0,0,0,0
"724","masculin",0,0,0,0,0,0,0
"725","masochis",0,0,0,0,0,0,0
"726","material",0,0,0,0,0,0,0
"727","maternal",4,0,1,1,0,1,1
"728","matterof",0,0,0,0,0,0,0
"729","mature",3,0,0,1,1,1,0
"730","mechanis",0,0,0,0,0,0,0
"731","meddleso",0,0,0,0,0,0,0
"732","meditati",0,0,0,0,0,0,0
"733","meek",0,0,0,0,0,0,0
"734","melancho",0,0,0,0,0,0,0
"735","melodram",0,0,0,0,0,0,0
"736","mercenar",0,0,0,0,0,0,0
"737","merciful",2,0,1,0,1,0,0
"738","merciles",0,0,0,0,0,0,0
"739","merry",4,1,1,0,0,1,1
"740","messy",0,0,0,0,0,0,0
"741","methodic",0,0,0,0,0,0,0
"742","meticulo",0,0,0,0,0,0,0
"743","mild",4,1,1,1,1,0,0
"744","mildhear",0,0,0,0,0,0,0
"745","militant",0,0,0,0,0,0,0
"746","ministra",0,0,0,0,0,0,0
"747","mirthful",0,0,0,0,0,0,0
"748","mirthles",0,0,0,0,0,0,0
"749","mischiev",0,0,0,0,0,0,0
"750","miserly",1,0,0,0,0,1,0
"751","misleada",0,0,0,0,0,0,0
"752","mistrust",0,0,0,0,0,0,0
"753","moderate",5,1,1,1,0,1,1
"754","modest",6,1,1,1,1,1,1
"755","moldable",0,0,0,0,0,0,0
"756","monosyll",0,0,0,0,0,0,0
"757","moody",0,0,0,0,0,0,0
"758","moral",4,1,1,0,1,1,0
"759","moralist",0,0,0,0,0,0,0
"760","moralizi",0,0,0,0,0,0,0
"761","morbid",0,0,0,0,0,0,0
"762","morose",0,0,0,0,0,0,0
"763","mousy",0,0,0,0,0,0,0
"764","muddlehe",0,0,0,0,0,0,0
"765","mulish",0,0,0,0,0,0,0
"766","mundane",0,0,0,0,0,0,0
"767","murderou",0,0,0,0,0,0,0
"768","mushy",0,0,0,0,0,0,0
"769","musical",5,1,1,0,1,1,1
"770","mussy",0,0,0,0,0,0,0
"771","mutinous",0,0,0,0,0,0,0
"772","mystical",0,0,0,0,0,0,0
"773","nagging",0,0,0,0,0,0,0
"774","naive",0,0,0,0,0,0,0
"775","narrow",6,1,1,1,1,1,1
"776","narrowmi",0,0,0,0,0,0,0
"777","natural",6,1,1,1,1,1,1
"778","negative",5,1,1,0,1,1,1
"779","negativi",0,0,0,0,0,0,0
"780","neglectf",0,0,0,0,0,0,0
"781","negligen",0,0,0,0,0,0,0
"782","neighbor",0,0,0,0,0,0,0
"783","nervous",5,1,1,0,1,1,1
"784","nervy",0,0,0,0,0,0,0
"785","niggardl",0,0,0,0,0,0,0
"786","nimblewi",0,0,0,0,0,0,0
"787","noisy",4,1,1,0,0,1,1
"788","nonbelli",0,0,0,0,0,0,0
"789","nonchala",0,0,0,0,0,0,0
"790","noncoerc",0,0,0,0,0,0,0
"791","noncompl",0,0,0,0,0,0,0
"792","nonconfo",0,0,0,0,0,0,0
"793","nonegoti",0,0,0,0,0,0,0
"794","nonexplo",0,0,0,0,0,0,0
"795","nonhosti",0,0,0,0,0,0,0
"796","nonimita",0,0,0,0,0,0,0
"797","noninter",0,0,0,0,0,0,0
"798","nonirrit",0,0,0,0,0,0,0
"799","nonpersi",0,0,0,0,0,0,0
"800","nonratio",0,0,0,0,0,0,0
"801","nonrelig",0,0,0,0,0,0,0
"802","nonrigid",0,0,0,0,0,0,0
"803","nonspiri",0,0,0,0,0,0,0
"804","nonunder",0,0,0,0,0,0,0
"805","nonvaria",0,0,0,0,0,0,0
"806","nonvocal",0,0,0,0,0,0,0
"807","nonvolat",0,0,0,0,0,0,0
"808","nosey",0,0,0,0,0,0,0
"809","objectiv",0,0,0,0,0,0,0
"810","obliging",2,1,0,0,1,0,0
"811","observan",0,0,0,0,0,0,0
"812","obsessiv",0,0,0,0,0,0,0
"813","obstinat",0,0,0,0,0,0,0
"814","obtrusiv",0,0,0,0,0,0,0
"815","oldfashi",0,0,0,0,0,0,0
"816","onesided",0,0,0,0,0,0,0
"817","openhear",0,0,0,0,0,0,0
"818","openmind",0,0,0,0,0,0,0
"819","opiniona",0,0,0,0,0,0,0
"820","opportun",0,0,0,0,0,0,0
"821","optimist",0,0,0,0,0,0,0
"822","orderly",2,0,1,0,0,1,0
"823","organize",0,0,0,0,0,0,0
"824","original",5,1,1,1,1,1,0
"825","ornery",0,0,0,0,0,0,0
"826","ostentat",0,0,0,0,0,0,0
"827","otherwor",0,0,0,0,0,0,0
"828","outgoing",0,0,0,0,0,0,0
"829","outspoke",0,0,0,0,0,0,0
"830","ovactive",0,0,0,0,0,0,0
"831","ovambiti",0,0,0,0,0,0,0
"832","ovbearin",0,0,0,0,0,0,0
"833","ovbitter",0,0,0,0,0,0,0
"834","ovbold",0,0,0,0,0,0,0
"835","ovbookis",0,0,0,0,0,0,0
"836","ovbrave",0,0,0,0,0,0,0
"837","ovbusy",0,0,0,0,0,0,0
"838","ovcarefu",0,0,0,0,0,0,0
"839","ovcaring",0,0,0,0,0,0,0
"840","ovcasual",0,0,0,0,0,0,0
"841","ovcautio",0,0,0,0,0,0,0
"842","ovcharit",0,0,0,0,0,0,0
"843","ovconfid",0,0,0,0,0,0,0
"844","ovconsci",0,0,0,0,0,0,0
"845","ovcredul",0,0,0,0,0,0,0
"846","ovcritic",0,0,0,0,0,0,0
"847","ovcunnin",0,0,0,0,0,0,0
"848","ovcuriou",0,0,0,0,0,0,0
"849","ovdaring",0,0,0,0,0,0,0
"850","ovdilige",0,0,0,0,0,0,0
"851","ovearnes",0,0,0,0,0,0,0
"852","ovelegan",0,0,0,0,0,0,0
"853","ovemotio",0,0,0,0,0,0,0
"854","ovemphat",0,0,0,0,0,0,0
"855","ovexcita",0,0,0,0,0,0,0
"856","ovfastid",0,0,0,0,0,0,0
"857","ovfearfu",0,0,0,0,0,0,0
"858","ovfierce",0,0,0,0,0,0,0
"859","ovforwar",0,0,0,0,0,0,0
"860","ovgreedy",0,0,0,0,0,0,0
"861","ovharsh",0,0,0,0,0,0,0
"862","ovhasty",0,0,0,0,0,0,0
"863","ovimagin",0,0,0,0,0,0,0
"864","ovindulg",0,0,0,0,0,0,0
"865","ovintens",0,0,0,0,0,0,0
"866","ovjealou",0,0,0,0,0,0,0
"867","ovkind",0,0,0,0,0,0,0
"868","ovlogica",0,0,0,0,0,0,0
"869","ovloud",0,0,0,0,0,0,0
"870","ovlusty",0,0,0,0,0,0,0
"871","ovmerry",0,0,0,0,0,0,0
"872","ovmodest",0,0,0,0,0,0,0
"873","ovneat",0,0,0,0,0,0,0
"874","ovnervou",0,0,0,0,0,0,0
"875","ovpartia",0,0,0,0,0,0,0
"876","ovpartic",0,0,0,0,0,0,0
"877","ovpassio",0,0,0,0,0,0,0
"878","ovpatien",0,0,0,0,0,0,0
"879","ovprompt",0,0,0,0,0,0,0
"880","ovproud",0,0,0,0,0,0,0
"881","ovquiet",0,0,0,0,0,0,0
"882","ovrash",0,0,0,0,0,0,0
"883","ovrefine",0,0,0,0,0,0,0
"884","ovrelaxe",0,0,0,0,0,0,0
"885","ovrighte",0,0,0,0,0,0,0
"886","ovrigid",0,0,0,0,0,0,0
"887","ovrigoro",0,0,0,0,0,0,0
"888","ovscrupu",0,0,0,0,0,0,0
"889","ovsensit",0,0,0,0,0,0,0
"890","ovseriou",0,0,0,0,0,0,0
"891","ovsevere",0,0,0,0,0,0,0
"892","ovslow",0,0,0,0,0,0,0
"893","ovsolici",0,0,0,0,0,0,0
"894","ovspeedy",0,0,0,0,0,0,0
"895","ovstrict",0,0,0,0,0,0,0
"896","ovstudio",0,0,0,0,0,0,0
"897","ovsubtle",0,0,0,0,0,0,0
"898","ovsuspic",0,0,0,0,0,0,0
"899","ovtalkat",0,0,0,0,0,0,0
"900","ovthough",0,0,0,0,0,0,0
"901","ovtraine",0,0,0,0,0,0,0
"902","ovtrusti",0,0,0,0,0,0,0
"903","ovvalian",0,0,0,0,0,0,0
"904","ovviolen",0,0,0,0,0,0,0
"905","ovwary",0,0,0,0,0,0,0
"906","ovwomanl",0,0,0,0,0,0,0
"907","ovzealou",0,0,0,0,0,0,0
"908","pacifist",0,0,0,0,0,0,0
"909","painstak",0,0,0,0,0,0,0
"910","particip",0,0,0,0,0,0,0
"911","particul",0,0,0,0,0,0,0
"912","passiona",0,0,0,0,0,0,0
"913","passionl",0,0,0,0,0,0,0
"914","passive",1,0,1,0,0,0,0
"915","patient",0,0,0,0,0,0,0
"916","patroniz",0,0,0,0,0,0,0
"917","peaceful",0,0,0,0,0,0,0
"918","peacemak",0,0,0,0,0,0,0
"919","peevish",1,0,0,0,0,1,0
"920","penetrat",0,0,0,0,0,0,0
"921","pensive",2,1,0,0,1,0,0
"922","peppery",0,0,0,0,0,0,0
"923","peppy",0,0,0,0,0,0,0
"924","percepti",0,0,0,0,0,0,0
"925","perfecti",0,0,0,0,0,0,0
"926","perky",0,0,0,0,0,0,0
"927","persecut",0,0,0,0,0,0,0
"928","persever",0,0,0,0,0,0,0
"929","persiste",0,0,0,0,0,0,0
"930","perspecl",0,0,0,0,0,0,0
"931","persuada",0,0,0,0,0,0,0
"932","persuasi",0,0,0,0,0,0,0
"933","pert",2,1,1,0,0,0,0
"934","perturba",0,0,0,0,0,0,0
"935","pessimis",0,0,0,0,0,0,0
"936","petty",1,0,0,0,0,0,1
"937","philanth",0,0,0,0,0,0,0
"938","philosop",0,0,0,0,0,0,0
"939","philospz",0,0,0,0,0,0,0
"940","picky",0,0,0,0,0,0,0
"941","pigheade",0,0,0,0,0,0,0
"942","pious",0,0,0,0,0,0,0
"943","pitiless",1,0,0,1,0,0,0
"944","placid",3,0,1,1,1,0,0
"945","plaindea",0,0,0,0,0,0,0
"946","plainspo",0,0,0,0,0,0,0
"947","planful",0,0,0,0,0,0,0
"948","planless",0,0,0,0,0,0,0
"949","playful",4,1,1,1,0,1,0
"950","pleasant",6,1,1,1,1,1,1
"951","pleasure",0,0,0,0,0,0,0
"952","pliable",0,0,0,0,0,0,0
"953","pliant",0,0,0,0,0,0,0
"954","plucky",0,0,0,0,0,0,0
"955","poetic",0,0,0,0,0,0,0
"956","poised",0,0,0,0,0,0,0
"957","polished",2,0,0,0,1,1,0
"958","polite",5,1,0,1,1,1,1
"959","politica",0,0,0,0,0,0,0
"960","pompous",2,0,1,0,0,1,0
"961","posed",0,0,0,0,0,0,0
"962","possessi",0,0,0,0,0,0,0
"963","pouty",0,0,0,0,0,0,0
"964","practica",0,0,0,0,0,0,0
"965","prankish",0,0,0,0,0,0,0
"966","prayerfu",0,0,0,0,0,0,0
"967","preachy",0,0,0,0,0,0,0
"968","precise",2,1,0,0,0,0,1
"969","preconde",0,0,0,0,0,0,0
"970","predator",0,0,0,0,0,0,0
"971","predicta",0,0,0,0,0,0,0
"972","prejudic",0,0,0,0,0,0,0
"973","prejudls",0,0,0,0,0,0,0
"974","premedit",0,0,0,0,0,0,0
"975","presumpt",0,0,0,0,0,0,0
"976","pretensf",0,0,0,0,0,0,0
"977","pretensl",0,0,0,0,0,0,0
"978","pretenti",0,0,0,0,0,0,0
"979","prideles",0,0,0,0,0,0,0
"980","prim",0,0,0,0,0,0,0
"981","principl",0,0,0,0,0,0,0
"982","producti",0,0,0,0,0,0,0
"983","profane",0,0,0,0,0,0,0
"984","profound",1,0,0,0,1,0,0
"985","progress",0,0,0,0,0,0,0
"986","prompt",3,1,0,0,1,1,0
"987","proper",6,1,1,1,1,1,1
"988","propheti",0,0,0,0,0,0,0
"989","protecti",0,0,0,0,0,0,0
"990","proud",6,1,1,1,1,1,1
"991","provinci",0,0,0,0,0,0,0
"992","provocab",0,0,0,0,0,0,0
"993","prudent",5,1,1,0,1,1,1
"994","prudish",0,0,0,0,0,0,0
"995","punctual",4,1,1,0,0,1,1
"996","puritani",0,0,0,0,0,0,0
"997","purposef",0,0,0,0,0,0,0
"998","purposel",0,0,0,0,0,0,0
"999","purposiv",0,0,0,0,0,0,0
"1000","quarrels",0,0,0,0,0,0,0
"1001","question",0,0,0,0,0,0,0
"1002","quick",6,1,1,1,1,1,1
"1003","quicktem",0,0,0,0,0,0,0
"1004","quickwit",0,0,0,0,0,0,0
"1005","quiet",6,1,1,1,1,1,1
"1006","quietspo",0,0,0,0,0,0,0
"1007","rambunct",0,0,0,0,0,0,0
"1008","rascally",0,0,0,0,0,0,0
"1009","rash",1,0,0,0,0,0,1
"1010","rational",6,1,1,1,1,1,1
"1011","realisti",0,0,0,0,0,0,0
"1012","reasonab",0,0,0,0,0,0,0
"1013","rebellio",0,0,0,0,0,0,0
"1014","reckless",0,0,0,0,0,0,0
"1015","reclusiv",0,0,0,0,0,0,0
"1016","refined",1,1,0,0,0,0,0
"1017","reflecti",0,0,0,0,0,0,0
"1018","reformat",0,0,0,0,0,0,0
"1019","relaxed",0,0,0,0,0,0,0
"1020","relentle",0,0,0,0,0,0,0
"1021","reliable",0,0,0,0,0,0,0
"1022","reliant",0,0,0,0,0,0,0
"1023","religiou",0,0,0,0,0,0,0
"1024","remorsel",0,0,0,0,0,0,0
"1025","reproach",0,0,0,0,0,0,0
"1026","resentfu",0,0,0,0,0,0,0
"1027","reserved",3,1,1,0,1,0,0
"1028","resilien",0,0,0,0,0,0,0
"1029","resource",0,0,0,0,0,0,0
"1030","respectf",0,0,0,0,0,0,0
"1031","responsi",0,0,0,0,0,0,0
"1032","responsv",0,0,0,0,0,0,0
"1033","restless",4,0,1,1,1,0,1
"1034","restraib",0,0,0,0,0,0,0
"1035","restrain",0,0,0,0,0,0,0
"1036","retaliat",0,0,0,0,0,0,0
"1037","retiring",0,0,0,0,0,0,0
"1038","retortiv",0,0,0,0,0,0,0
"1039","revengef",0,0,0,0,0,0,0
"1040","reverent",0,0,0,0,0,0,0
"1041","rigid",1,0,0,0,1,0,0
"1042","rigorous",0,0,0,0,0,0,0
"1043","risque",0,0,0,0,0,0,0
"1044","ritualis",0,0,0,0,0,0,0
"1045","rivalrou",0,0,0,0,0,0,0
"1046","roguish",0,0,0,0,0,0,0
"1047","rollicki",0,0,0,0,0,0,0
"1048","rootless",0,0,0,0,0,0,0
"1049","rough",4,1,1,0,1,1,0
"1050","rowdy",0,0,0,0,0,0,0
"1051","rude",5,1,1,1,0,1,1
"1052","rugged",0,0,0,0,0,0,0
"1053","ruthless",0,0,0,0,0,0,0
"1054","sacchari",0,0,0,0,0,0,0
"1055","sadistic",0,0,0,0,0,0,0
"1056","saintly",0,0,0,0,0,0,0
"1057","sarcasti",0,0,0,0,0,0,0
"1058","sassy",0,0,0,0,0,0,0
"1059","satiric",0,0,0,0,0,0,0
"1060","saucy",2,0,0,0,0,1,1
"1061","scampish",0,0,0,0,0,0,0
"1062","scandalm",0,0,0,0,0,0,0
"1063","scatterb",0,0,0,0,0,0,0
"1064","scheming",4,0,1,1,1,1,0
"1065","scholarl",0,0,0,0,0,0,0
"1066","scornful",1,1,0,0,0,0,0
"1067","scrappy",0,0,0,0,0,0,0
"1068","scrupulo",0,0,0,0,0,0,0
"1069","seclusiv",0,0,0,0,0,0,0
"1070","secretiv",0,0,0,0,0,0,0
"1071","sedate",3,1,0,1,0,1,0
"1072","selfish",6,1,1,1,1,1,1
"1073","selfless",0,0,0,0,0,0,0
"1074","sensitiv",0,0,0,0,0,0,0
"1075","sensual",0,0,0,0,0,0,0
"1076","sensuous",0,0,0,0,0,0,0
"1077","sentimen",0,0,0,0,0,0,0
"1078","serene",0,0,0,0,0,0,0
"1079","serious",6,1,1,1,1,1,1
"1080","seriousm",0,0,0,0,0,0,0
"1081","servile",0,0,0,0,0,0,0
"1082","severe",6,1,1,1,1,1,1
"1083","sexy",0,0,0,0,0,0,0
"1084","shallow",1,0,0,1,0,0,0
"1085","sharpton",0,0,0,0,0,0,0
"1086","sharpwit",0,0,0,0,0,0,0
"1087","shiftles",0,0,0,0,0,0,0
"1088","shortsig",0,0,0,0,0,0,0
"1089","shortspo",0,0,0,0,0,0,0
"1090","shorttem",0,0,0,0,0,0,0
"1091","showy",0,0,0,0,0,0,0
"1092","shrewd",2,0,0,0,1,0,1
"1093","shrewish",1,0,0,0,0,1,0
"1094","shrinkin",0,0,0,0,0,0,0
"1095","shy",3,0,1,0,1,1,0
"1096","silent",6,1,1,1,1,1,1
"1097","simple",6,1,1,1,1,1,1
"1098","sincere",6,1,1,1,1,1,1
"1099","singlemi",0,0,0,0,0,0,0
"1100","skeptica",0,0,0,0,0,0,0
"1101","slandero",0,0,0,0,0,0,0
"1102","slfasser",0,0,0,0,0,0,0
"1103","slfassur",0,0,0,0,0,0,0
"1104","slfcente",0,0,0,0,0,0,0
"1105","slfconfi",0,0,0,0,0,0,0
"1106","slfconsc",0,0,0,0,0,0,0
"1107","slfconsi",0,0,0,0,0,0,0
"1108","slfcontr",0,0,0,0,0,0,0
"1109","slfcriti",0,0,0,0,0,0,0
"1110","slfdecei",0,0,0,0,0,0,0
"1111","slfdefea",0,0,0,0,0,0,0
"1112","slfdefen",0,0,0,0,0,0,0
"1113","slfdelud",0,0,0,0,0,0,0
"1114","slfdenyi",0,0,0,0,0,0,0
"1115","slfdepre",0,0,0,0,0,0,0
"1116","slfdestr",0,0,0,0,0,0,0
"1117","slfdisci",0,0,0,0,0,0,0
"1118","slfdispa",0,0,0,0,0,0,0
"1119","slfdoubt",0,0,0,0,0,0,0
"1120","slfeffac",0,0,0,0,0,0,0
"1121","slfexami",0,0,0,0,0,0,0
"1122","slfexcus",0,0,0,0,0,0,0
"1123","slfexpre",0,0,0,0,0,0,0
"1124","slfimpor",0,0,0,0,0,0,0
"1125","slfindul",0,0,0,0,0,0,0
"1126","slfpityi",0,0,0,0,0,0,0
"1127","slfposse",0,0,0,0,0,0,0
"1128","slfpunis",0,0,0,0,0,0,0
"1129","slfrelia",0,0,0,0,0,0,0
"1130","slfrepro",0,0,0,0,0,0,0
"1131","slfrespe",0,0,0,0,0,0,0
"1132","slfrestr",0,0,0,0,0,0,0
"1133","slfrevea",0,0,0,0,0,0,0
"1134","slfright",0,0,0,0,0,0,0
"1135","slfsacri",0,0,0,0,0,0,0
"1136","slfsatis",0,0,0,0,0,0,0
"1137","slfseeki",0,0,0,0,0,0,0
"1138","slfsuffi",0,0,0,0,0,0,0
"1139","slfwille",0,0,0,0,0,0,0
"1140","slick",0,0,0,0,0,0,0
"1141","sloppy",0,0,0,0,0,0,0
"1142","slothful",0,0,0,0,0,0,0
"1143","slovenly",1,0,1,0,0,0,0
"1144","slow",0,0,0,0,0,0,0
"1145","slowwitt",0,0,0,0,0,0,0
"1146","sluggish",1,1,0,0,0,0,0
"1147","sly",4,1,0,1,0,1,1
"1148","smart",5,0,1,1,1,1,1
"1149","smoothsp",0,0,0,0,0,0,0
"1150","smug",0,0,0,0,0,0,0
"1151","sneaky",0,0,0,0,0,0,0
"1152","snobbish",0,0,0,0,0,0,0
"1153","snoopy",0,0,0,0,0,0,0
"1154","snooty",0,0,0,0,0,0,0
"1155","sobermin",0,0,0,0,0,0,0
"1156","sociable",2,0,1,0,0,0,1
"1157","social",5,1,1,1,1,1,0
"1158","softhear",0,0,0,0,0,0,0
"1159","softshel",0,0,0,0,0,0,0
"1160","softspok",0,0,0,0,0,0,0
"1161","solemn",5,1,1,1,0,1,1
"1162","solicito",0,0,0,0,0,0,0
"1163","somber",0,0,0,0,0,0,0
"1164","sophisti",0,0,0,0,0,0,0
"1165","sour",1,1,0,0,0,0,0
"1166","sparklin",0,0,0,0,0,0,0
"1167","speedy",6,1,1,1,1,1,1
"1168","spineles",0,0,0,0,0,0,0
"1169","spirited",3,1,1,0,0,0,1
"1170","spiritle",0,0,0,0,0,0,0
"1171","spiritua",0,0,0,0,0,0,0
"1172","spiteful",0,0,0,0,0,0,0
"1173","spontane",0,0,0,0,0,0,0
"1174","sportsma",0,0,0,0,0,0,0
"1175","sprightl",0,0,0,0,0,0,0
"1176","spry",0,0,0,0,0,0,0
"1177","spunky",0,0,0,0,0,0,0
"1178","squeamis",0,0,0,0,0,0,0
"1179","stable",3,1,1,0,0,0,1
"1180","stalwart",0,0,0,0,0,0,0
"1181","standoff",0,0,0,0,0,0,0
"1182","statesma",0,0,0,0,0,0,0
"1183","steadfas",0,0,0,0,0,0,0
"1184","steady",6,1,1,1,1,1,1
"1185","stern",0,0,0,0,0,0,0
"1186","stingy",0,0,0,0,0,0,0
"1187","stormy",3,1,1,1,0,0,0
"1188","stouthea",0,0,0,0,0,0,0
"1189","straight",0,0,0,0,0,0,0
"1190","straitla",0,0,0,0,0,0,0
"1191","strict",5,1,1,1,1,0,1
"1192","stringen",0,0,0,0,0,0,0
"1193","strongmi",0,0,0,0,0,0,0
"1194","stubborn",2,0,0,1,0,0,1
"1195","stuckup",0,0,0,0,0,0,0
"1196","studious",2,0,1,0,0,1,0
"1197","stuffy",1,0,0,0,0,1,0
"1198","suave",0,0,0,0,0,0,0
"1199","subjecti",0,0,0,0,0,0,0
"1200","submissi",0,0,0,0,0,0,0
"1201","sugary",0,0,0,0,0,0,0
"1202","suggesti",0,0,0,0,0,0,0
"1203","sulky",0,0,0,0,0,0,0
"1204","sullen",2,0,1,1,0,0,0
"1205","sultry",0,0,0,0,0,0,0
"1206","sunny",1,0,0,0,1,0,0
"1207","superfic",0,0,0,0,0,0,0
"1208","supersen",0,0,0,0,0,0,0
"1209","supersti",0,0,0,0,0,0,0
"1210","surly",0,0,0,0,0,0,0
"1211","suspicio",0,0,0,0,0,0,0
"1212","swellhea",0,0,0,0,0,0,0
"1213","sympathe",0,0,0,0,0,0,0
"1214","systemat",0,0,0,0,0,0,0
"1215","taciturn",0,0,0,0,0,0,0
"1216","tactful",0,0,0,0,0,0,0
"1217","tactless",0,0,0,0,0,0,0
"1218","talkativ",0,0,0,0,0,0,0
"1219","tame",2,0,1,0,0,0,1
"1220","tasteful",1,0,0,1,0,0,0
"1221","tasteles",0,0,0,0,0,0,0
"1222","teachabl",0,0,0,0,0,0,0
"1223","temperam",0,0,0,0,0,0,0
"1224","temperat",0,0,0,0,0,0,0
"1225","tempestu",0,0,0,0,0,0,0
"1226","temptabl",0,0,0,0,0,0,0
"1227","tenaciou",0,0,0,0,0,0,0
"1228","tender",4,1,1,0,1,1,0
"1229","tenderhe",0,0,0,0,0,0,0
"1230","tendermi",0,0,0,0,0,0,0
"1231","tense",0,0,0,0,0,0,0
"1232","tentativ",0,0,0,0,0,0,0
"1233","terse",0,0,0,0,0,0,0
"1234","testy",0,0,0,0,0,0,0
"1235","thickhea",0,0,0,0,0,0,0
"1236","thickski",0,0,0,0,0,0,0
"1237","thickwit",0,0,0,0,0,0,0
"1238","thinskin",0,0,0,0,0,0,0
"1239","thorough",6,1,1,1,1,1,1
"1240","thorougo",0,0,0,0,0,0,0
"1241","thoughtf",0,0,0,0,0,0,0
"1242","thoughtl",0,0,0,0,0,0,0
"1243","thriftle",0,0,0,0,0,0,0
"1244","thrifty",0,0,0,0,0,0,0
"1245","tidy",2,0,0,1,0,0,1
"1246","tight",0,0,0,0,0,0,0
"1247","tightlip",0,0,0,0,0,0,0
"1248","timid",1,0,1,0,0,0,0
"1249","timorous",0,0,0,0,0,0,0
"1250","tireless",0,0,0,0,0,0,0
"1251","tolerant",0,0,0,0,0,0,0
"1252","touchy",0,0,0,0,0,0,0
"1253","tough",1,0,1,0,0,0,0
"1254","toughmin",0,0,0,0,0,0,0
"1255","traditio",0,0,0,0,0,0,0
"1256","transpar",0,0,0,0,0,0,0
"1257","treacher",0,0,0,0,0,0,0
"1258","tricky",0,0,0,0,0,0,0
"1259","trustful",0,0,0,0,0,0,0
"1260","trustwor",0,0,0,0,0,0,0
"1261","truthful",0,0,0,0,0,0,0
"1262","truthles",0,0,0,0,0,0,0
"1263","twitchy",0,0,0,0,0,0,0
"1264","tyrannic",0,0,0,0,0,0,0
"1265","ultconse",0,0,0,0,0,0,0
"1266","ultcriti",0,0,0,0,0,0,0
"1267","ultdemoc",0,0,0,0,0,0,0
"1268","ultfasti",0,0,0,0,0,0,0
"1269","ultintel",0,0,0,0,0,0,0
"1270","ultrefin",0,0,0,0,0,0,0
"1271","ultrelig",0,0,0,0,0,0,0
"1272","ultsensu",0,0,0,0,0,0,0
"1273","ultsenti",0,0,0,0,0,0,0
"1274","ultspiri",0,0,0,0,0,0,0
"1275","unaccess",0,0,0,0,0,0,0
"1276","unaccomm",0,0,0,0,0,0,0
"1277","unaccomp",0,0,0,0,0,0,0
"1278","unadapta",0,0,0,0,0,0,0
"1279","unadulte",0,0,0,0,0,0,0
"1280","unadvent",0,0,0,0,0,0,0
"1281","unaffabl",0,0,0,0,0,0,0
"1282","unaffctn",0,0,0,0,0,0,0
"1283","unaffecd",0,0,0,0,0,0,0
"1284","unaggres",0,0,0,0,0,0,0
"1285","unagreea",0,0,0,0,0,0,0
"1286","unaiding",0,0,0,0,0,0,0
"1287","unalert",0,0,0,0,0,0,0
"1288","unaltera",0,0,0,0,0,0,0
"1289","unambiti",0,0,0,0,0,0,0
"1290","unamiabl",0,0,0,0,0,0,0
"1291","unamusab",0,0,0,0,0,0,0
"1292","unanalyt",0,0,0,0,0,0,0
"1293","unanchor",0,0,0,0,0,0,0
"1294","unanimat",0,0,0,0,0,0,0
"1295","unapproa",0,0,0,0,0,0,0
"1296","unargume",0,0,0,0,0,0,0
"1297","unartist",0,0,0,0,0,0,0
"1298","unaspiri",0,0,0,0,0,0,0
"1299","unassert",0,0,0,0,0,0,0
"1300","unassist",0,0,0,0,0,0,0
"1301","unassumi",0,0,0,0,0,0,0
"1302","unassure",0,0,0,0,0,0,0
"1303","unauthor",0,0,0,0,0,0,0
"1304","unbashfu",0,0,0,0,0,0,0
"1305","unbellig",0,0,0,0,0,0,0
"1306","unbendab",0,0,0,0,0,0,0
"1307","unbendin",0,0,0,0,0,0,0
"1308","unbenevo",0,0,0,0,0,0,0
"1309","unbewail",0,0,0,0,0,0,0
"1310","unbiased",1,1,0,0,0,0,0
"1311","unbigote",0,0,0,0,0,0,0
"1312","unblushi",0,0,0,0,0,0,0
"1313","unboastf",0,0,0,0,0,0,0
"1314","unbold",0,0,0,0,0,0,0
"1315","unbookis",0,0,0,0,0,0,0
"1316","unbridle",0,0,0,0,0,0,0
"1317","unbusine",0,0,0,0,0,0,0
"1318","uncalcul",0,0,0,0,0,0,0
"1319","uncandid",1,0,0,1,0,0,0
"1320","uncarefu",0,0,0,0,0,0,0
"1321","uncautio",0,0,0,0,0,0,0
"1322","unceremo",0,0,0,0,0,0,0
"1323","unchange",0,0,0,0,0,0,0
"1324","unchangi",0,0,0,0,0,0,0
"1325","uncharit",0,0,0,0,0,0,0
"1326","unchaste",0,0,0,0,0,0,0
"1327","uncheerf",0,0,0,0,0,0,0
"1328","uncheery",0,0,0,0,0,0,0
"1329","unchival",0,0,0,0,0,0,0
"1330","uncivil",3,0,0,1,0,1,1
"1331","uncivili",0,0,0,0,0,0,0
"1332","uncommun",0,0,0,0,0,0,0
"1333","uncompan",0,0,0,0,0,0,0
"1334","uncompas",0,0,0,0,0,0,0
"1335","uncompet",0,0,0,0,0,0,0
"1336","uncompln",0,0,0,0,0,0,0
"1337","uncompls",0,0,0,0,0,0,0
"1338","uncompro",0,0,0,0,0,0,0
"1339","unconcea",0,0,0,0,0,0,0
"1340","unconcil",0,0,0,0,0,0,0
"1341","unconfid",0,0,0,0,0,0,0
"1342","unconfig",0,0,0,0,0,0,0
"1343","unconfor",0,0,0,0,0,0,0
"1344","unconsci",0,0,0,0,0,0,0
"1345","unconstb",0,0,0,0,0,0,0
"1346","unconstr",0,0,0,0,0,0,0
"1347","unconstu",0,0,0,0,0,0,0
"1348","uncontra",0,0,0,0,0,0,0
"1349","uncontri",0,0,0,0,0,0,0
"1350","uncontro",0,0,0,0,0,0,0
"1351","unconven",0,0,0,0,0,0,0
"1352","uncooper",0,0,0,0,0,0,0
"1353","uncordia",0,0,0,0,0,0,0
"1354","uncourte",0,0,0,0,0,0,0
"1355","uncourtl",0,0,0,0,0,0,0
"1356","uncouth",0,0,0,0,0,0,0
"1357","uncrafty",0,0,0,0,0,0,0
"1358","uncreati",0,0,0,0,0,0,0
"1359","uncritic",0,0,0,0,0,0,0
"1360","uncultiv",0,0,0,0,0,0,0
"1361","uncultur",0,0,0,0,0,0,0
"1362","uncunnin",0,0,0,0,0,0,0
"1363","uncurbab",0,0,0,0,0,0,0
"1364","uncuriou",0,0,0,0,0,0,0
"1365","undeceiv",0,0,0,0,0,0,0
"1366","undecept",0,0,0,0,0,0,0
"1367","undefeat",0,0,0,0,0,0,0
"1368","undelayi",0,0,0,0,0,0,0
"1369","undelibe",0,0,0,0,0,0,0
"1370","undelibv",0,0,0,0,0,0,0
"1371","undemand",0,0,0,0,0,0,0
"1372","undemocr",0,0,0,0,0,0,0
"1373","undemons",0,0,0,0,0,0,0
"1374","undepend",0,0,0,0,0,0,0
"1375","underhan",0,0,0,0,0,0,0
"1376","underoga",0,0,0,0,0,0,0
"1377","understa",0,0,0,0,0,0,0
"1378","underwit",0,0,0,0,0,0,0
"1379","undespai",0,0,0,0,0,0,0
"1380","undespon",0,0,0,0,0,0,0
"1381","undeviat",0,0,0,0,0,0,0
"1382","undeviou",0,0,0,0,0,0,0
"1383","undevout",0,0,0,0,0,0,0
"1384","undignif",0,0,0,0,0,0,0
"1385","undilige",0,0,0,0,0,0,0
"1386","undiplom",0,0,0,0,0,0,0
"1387","undisapp",0,0,0,0,0,0,0
"1388","undiscer",0,0,0,0,0,0,0
"1389","undiscip",0,0,0,0,0,0,0
"1390","undiscou",0,0,0,0,0,0,0
"1391","undiscri",0,0,0,0,0,0,0
"1392","undisgui",0,0,0,0,0,0,0
"1393","undistur",0,0,0,0,0,0,0
"1394","undivert",0,0,0,0,0,0,0
"1395","undogmat",0,0,0,0,0,0,0
"1396","undramat",0,0,0,0,0,0,0
"1397","undutifu",0,0,0,0,0,0,0
"1398","uneager",0,0,0,0,0,0,0
"1399","unearnes",0,0,0,0,0,0,0
"1400","uneconom",0,0,0,0,0,0,0
"1401","uneducat",0,0,0,0,0,0,0
"1402","unelusiv",0,0,0,0,0,0,0
"1403","unembitt",0,0,0,0,0,0,0
"1404","unemotio",0,0,0,0,0,0,0
"1405","unemphat",0,0,0,0,0,0,0
"1406","unenligh",0,0,0,0,0,0,0
"1407","unenterp",0,0,0,0,0,0,0
"1408","unenthus",0,0,0,0,0,0,0
"1409","unenviou",0,0,0,0,0,0,0
"1410","unerring",0,0,0,0,0,0,0
"1411","unethica",0,0,0,0,0,0,0
"1412","unexacti",0,0,0,0,0,0,0
"1413","unexcita",0,0,0,0,0,0,0
"1414","unexpans",0,0,0,0,0,0,0
"1415","unexplos",0,0,0,0,0,0,0
"1416","unextrav",0,0,0,0,0,0,0
"1417","unfailin",0,0,0,0,0,0,0
"1418","unfair",1,1,0,0,0,0,0
"1419","unfaithf",0,0,0,0,0,0,0
"1420","unfalter",0,0,0,0,0,0,0
"1421","unfearin",0,0,0,0,0,0,0
"1422","unfeelin",0,0,0,0,0,0,0
"1423","unfeigni",0,0,0,0,0,0,0
"1424","unfemini",0,0,0,0,0,0,0
"1425","unflinch",0,0,0,0,0,0,0
"1426","unfluctu",0,0,0,0,0,0,0
"1427","unfluent",0,0,0,0,0,0,0
"1428","unforbea",0,0,0,0,0,0,0
"1429","unforcib",0,0,0,0,0,0,0
"1430","unforget",0,0,0,0,0,0,0
"1431","unforgiv",0,0,0,0,0,0,0
"1432","unforsee",0,0,0,0,0,0,0
"1433","unfrater",0,0,0,0,0,0,0
"1434","unfriend",0,0,0,0,0,0,0
"1435","unfrugal",0,0,0,0,0,0,0
"1436","ungallan",0,0,0,0,0,0,0
"1437","ungenero",0,0,0,0,0,0,0
"1438","ungentee",0,0,0,0,0,0,0
"1439","ungentle",0,0,0,0,0,0,0
"1440","ungentlm",0,0,0,0,0,0,0
"1441","ungiving",0,0,0,0,0,0,0
"1442","ungovern",0,0,0,0,0,0,0
"1443","ungracef",0,0,0,0,0,0,0
"1444","ungracio",0,0,0,0,0,0,0
"1445","ungregar",0,0,0,0,0,0,0
"1446","ungrudgi",0,0,0,0,0,0,0
"1447","unguarde",0,0,0,0,0,0,0
"1448","unharden",0,0,0,0,0,0,0
"1449","unhardy",0,0,0,0,0,0,0
"1450","unharmin",0,0,0,0,0,0,0
"1451","unhasty",0,0,0,0,0,0,0
"1452","unheedfu",0,0,0,0,0,0,0
"1453","unhelpfu",0,0,0,0,0,0,0
"1454","unheroic",0,0,0,0,0,0,0
"1455","unhurrie",0,0,0,0,0,0,0
"1456","unimagin",0,0,0,0,0,0,0
"1457","unimpass",0,0,0,0,0,0,0
"1458","unimpati",0,0,0,0,0,0,0
"1459","unimpres",0,0,0,0,0,0,0
"1460","unimprsn",0,0,0,0,0,0,0
"1461","unindulg",0,0,0,0,0,0,0
"1462","unindust",0,0,0,0,0,0,0
"1463","uninform",0,0,0,0,0,0,0
"1464","uningeni",0,0,0,0,0,0,0
"1465","uninhite",0,0,0,0,0,0,0
"1466","uninquir",0,0,0,0,0,0,0
"1467","uninquis",0,0,0,0,0,0,0
"1468","unintlct",0,0,0,0,0,0,0
"1469","unintlgt",0,0,0,0,0,0,0
"1470","unintros",0,0,0,0,0,0,0
"1471","uninvent",0,0,0,0,0,0,0
"1472","uninvest",0,0,0,0,0,0,0
"1473","unjealou",0,0,0,0,0,0,0
"1474","unjoyful",0,0,0,0,0,0,0
"1475","unkind",5,1,1,1,1,0,1
"1476","unkindly",0,0,0,0,0,0,0
"1477","unladyli",0,0,0,0,0,0,0
"1478","unlearne",0,0,0,0,0,0,0
"1479","unlitera",0,0,0,0,0,0,0
"1480","unlively",0,0,0,0,0,0,0
"1481","unloving",0,0,0,0,0,0,0
"1482","unmaiden",0,0,0,0,0,0,0
"1483","unmalici",0,0,0,0,0,0,0
"1484","unmallea",0,0,0,0,0,0,0
"1485","unmanly",0,0,0,0,0,0,0
"1486","unmanner",0,0,0,0,0,0,0
"1487","unmascul",0,0,0,0,0,0,0
"1488","unmeddli",0,0,0,0,0,0,0
"1489","unmeek",0,0,0,0,0,0,0
"1490","unmelanc",0,0,0,0,0,0,0
"1491","unmercen",0,0,0,0,0,0,0
"1492","unmercif",0,0,0,0,0,0,0
"1493","unmerry",0,0,0,0,0,0,0
"1494","unmethod",0,0,0,0,0,0,0
"1495","unmild",0,0,0,0,0,0,0
"1496","unmindfu",0,0,0,0,0,0,0
"1497","unmirthf",0,0,0,0,0,0,0
"1498","unmodifi",0,0,0,0,0,0,0
"1499","unmoralz",0,0,0,0,0,0,0
"1500","unmovabl",0,0,0,0,0,0,0
"1501","unneighb",0,0,0,0,0,0,0
"1502","unniggar",0,0,0,0,0,0,0
"1503","unobligi",0,0,0,0,0,0,0
"1504","unobserv",0,0,0,0,0,0,0
"1505","unobtrus",0,0,0,0,0,0,0
"1506","unorigin",0,0,0,0,0,0,0
"1507","unostent",0,0,0,0,0,0,0
"1508","unpardon",0,0,0,0,0,0,0
"1509","unpartis",0,0,0,0,0,0,0
"1510","unpeacea",0,0,0,0,0,0,0
"1511","unpercep",0,0,0,0,0,0,0
"1512","unperson",0,0,0,0,0,0,0
"1513","unpersud",0,0,0,0,0,0,0
"1514","unpersus",0,0,0,0,0,0,0
"1515","unphilan",0,0,0,0,0,0,0
"1516","unphilos",0,0,0,0,0,0,0
"1517","unpityin",0,0,0,0,0,0,0
"1518","unpleasa",0,0,0,0,0,0,0
"1519","unpliabl",0,0,0,0,0,0,0
"1520","unpoised",0,0,0,0,0,0,0
"1521","unpolish",0,0,0,0,0,0,0
"1522","unpolite",0,0,0,0,0,0,0
"1523","unpoliti",0,0,0,0,0,0,0
"1524","unpreach",0,0,0,0,0,0,0
"1525","unpredic",0,0,0,0,0,0,0
"1526","unpresum",0,0,0,0,0,0,0
"1527","unpretnd",0,0,0,0,0,0,0
"1528","unpretnt",0,0,0,0,0,0,0
"1529","unprinci",0,0,0,0,0,0,0
"1530","unproduc",0,0,0,0,0,0,0
"1531","unprogre",0,0,0,0,0,0,0
"1532","unprovin",0,0,0,0,0,0,0
"1533","unpunctu",0,0,0,0,0,0,0
"1534","unpurpos",0,0,0,0,0,0,0
"1535","unquesti",0,0,0,0,0,0,0
"1536","unrealis",0,0,0,0,0,0,0
"1537","unreasbl",0,0,0,0,0,0,0
"1538","unreasng",0,0,0,0,0,0,0
"1539","unrecept",0,0,0,0,0,0,0
"1540","unrefine",0,0,0,0,0,0,0
"1541","unreflec",0,0,0,0,0,0,0
"1542","unreined",0,0,0,0,0,0,0
"1543","unrelaxi",0,0,0,0,0,0,0
"1544","unrelent",0,0,0,0,0,0,0
"1545","unreliab",0,0,0,0,0,0,0
"1546","unreligi",0,0,0,0,0,0,0
"1547","unrepres",0,0,0,0,0,0,0
"1548","unreproc",0,0,0,0,0,0,0
"1549","unreserv",0,0,0,0,0,0,0
"1550","unrespec",0,0,0,0,0,0,0
"1551","unrespon",0,0,0,0,0,0,0
"1552","unrestbl",0,0,0,0,0,0,0
"1553","unrestin",0,0,0,0,0,0,0
"1554","unrestra",0,0,0,0,0,0,0
"1555","unreveal",0,0,0,0,0,0,0
"1556","unreveng",0,0,0,0,0,0,0
"1557","unromant",0,0,0,0,0,0,0
"1558","unrude",0,0,0,0,0,0,0
"1559","unruly",0,0,0,0,0,0,0
"1560","unsaintl",0,0,0,0,0,0,0
"1561","unsatisf",0,0,0,0,0,0,0
"1562","unschola",0,0,0,0,0,0,0
"1563","unschool",0,0,0,0,0,0,0
"1564","unscornf",0,0,0,0,0,0,0
"1565","unscrupu",0,0,0,0,0,0,0
"1566","unsearch",0,0,0,0,0,0,0
"1567","unselfco",0,0,0,0,0,0,0
"1568","unselfis",0,0,0,0,0,0,0
"1569","unsentim",0,0,0,0,0,0,0
"1570","unsevere",0,0,0,0,0,0,0
"1571","unshakab",0,0,0,0,0,0,0
"1572","unshrink",0,0,0,0,0,0,0
"1573","unshy",0,0,0,0,0,0,0
"1574","unskepti",0,0,0,0,0,0,0
"1575","unsly",0,0,0,0,0,0,0
"1576","unsmilin",0,0,0,0,0,0,0
"1577","unsociab",0,0,0,0,0,0,0
"1578","unsocial",0,0,0,0,0,0,0
"1579","unsolemn",0,0,0,0,0,0,0
"1580","unsolici",0,0,0,0,0,0,0
"1581","unsophis",0,0,0,0,0,0,0
"1582","unsparkl",0,0,0,0,0,0,0
"1583","unspeaki",0,0,0,0,0,0,0
"1584","unspirit",0,0,0,0,0,0,0
"1585","unsponta",0,0,0,0,0,0,0
"1586","unsports",0,0,0,0,0,0,0
"1587","unstable",0,0,0,0,0,0,0
"1588","unsteadf",0,0,0,0,0,0,0
"1589","unstirra",0,0,0,0,0,0,0
"1590","unstormy",0,0,0,0,0,0,0
"1591","unstudio",0,0,0,0,0,0,0
"1592","unsubdua",0,0,0,0,0,0,0
"1593","unsubmis",0,0,0,0,0,0,0
"1594","unsunny",0,0,0,0,0,0,0
"1595","unsure",0,0,0,0,0,0,0
"1596","unsuspic",0,0,0,0,0,0,0
"1597","unswayab",0,0,0,0,0,0,0
"1598","unswervi",0,0,0,0,0,0,0
"1599","unsympat",0,0,0,0,0,0,0
"1600","unsystem",0,0,0,0,0,0,0
"1601","untalkat",0,0,0,0,0,0,0
"1602","untamabl",0,0,0,0,0,0,0
"1603","untastef",0,0,0,0,0,0,0
"1604","untaught",1,0,1,0,0,0,0
"1605","unteacha",0,0,0,0,0,0,0
"1606","untempta",0,0,0,0,0,0,0
"1607","untender",0,0,0,0,0,0,0
"1608","untheatr",0,0,0,0,0,0,0
"1609","unthinki",0,0,0,0,0,0,0
"1610","unthorou",0,0,0,0,0,0,0
"1611","unthrift",0,0,0,0,0,0,0
"1612","untidy",0,0,0,0,0,0,0
"1613","untiring",0,0,0,0,0,0,0
"1614","untraine",0,0,0,0,0,0,0
"1615","untransp",0,0,0,0,0,0,0
"1616","untrustf",0,0,0,0,0,0,0
"1617","untrustw",0,0,0,0,0,0,0
"1618","untruthf",0,0,0,0,0,0,0
"1619","untutore",0,0,0,0,0,0,0
"1620","unvacill",0,0,0,0,0,0,0
"1621","unvain",0,0,0,0,0,0,0
"1622","unvalian",0,0,0,0,0,0,0
"1623","unvaryin",0,0,0,0,0,0,0
"1624","unventur",0,0,0,0,0,0,0
"1625","unversed",0,0,0,0,0,0,0
"1626","unvigila",0,0,0,0,0,0,0
"1627","unvigoro",0,0,0,0,0,0,0
"1628","unvindic",0,0,0,0,0,0,0
"1629","unvision",0,0,0,0,0,0,0
"1630","unvocal",0,0,0,0,0,0,0
"1631","unvolupt",0,0,0,0,0,0,0
"1632","unwarlik",0,0,0,0,0,0,0
"1633","unwary",0,0,0,0,0,0,0
"1634","unwastef",0,0,0,0,0,0,0
"1635","unwatchf",0,0,0,0,0,0,0
"1636","unwaveri",0,0,0,0,0,0,0
"1637","unwild",0,0,0,0,0,0,0
"1638","unwillfu",0,0,0,0,0,0,0
"1639","unwily",0,0,0,0,0,0,0
"1640","unwise",2,0,1,0,1,0,0
"1641","unwitty",0,0,0,0,0,0,0
"1642","unworldl",0,0,0,0,0,0,0
"1643","unyieldi",0,0,0,0,0,0,0
"1644","unzealou",0,0,0,0,0,0,0
"1645","urbane",0,0,0,0,0,0,0
"1646","vague",2,0,0,0,1,1,0
"1647","vain",6,1,1,1,1,1,1
"1648","valiant",0,0,0,0,0,0,0
"1649","valorous",0,0,0,0,0,0,0
"1650","variable",0,0,0,0,0,0,0
"1651","vengeful",0,0,0,0,0,0,0
"1652","ventures",0,0,0,0,0,0,0
"1653","venturou",0,0,0,0,0,0,0
"1654","verbal",2,1,0,0,0,0,1
"1655","verbose",0,0,0,0,0,0,0
"1656","versatil",0,0,0,0,0,0,0
"1657","vibrant",0,0,0,0,0,0,0
"1658","vigorles",0,0,0,0,0,0,0
"1659","vigorous",3,0,0,1,1,0,1
"1660","vindicti",0,0,0,0,0,0,0
"1661","violent",6,1,1,1,1,1,1
"1662","virile",0,0,0,0,0,0,0
"1663","visionar",0,0,0,0,0,0,0
"1664","vivaciou",0,0,0,0,0,0,0
"1665","vivid",0,0,0,0,0,0,0
"1666","vocal",1,1,0,0,0,0,0
"1667","volatile",0,0,0,0,0,0,0
"1668","volcanic",0,0,0,0,0,0,0
"1669","voluptuo",0,0,0,0,0,0,0
"1670","warlike",0,0,0,0,0,0,0
"1671","warm",6,1,1,1,1,1,1
"1672","warmhear",0,0,0,0,0,0,0
"1673","warmthle",0,0,0,0,0,0,0
"1674","wary",1,0,0,0,1,0,0
"1675","wasteful",1,0,1,0,0,0,0
"1676","weakhear",0,0,0,0,0,0,0
"1677","weakknee",0,0,0,0,0,0,0
"1678","weakspir",0,0,0,0,0,0,0
"1679","weariles",0,0,0,0,0,0,0
"1680","weepy",0,0,0,0,0,0,0
"1681","wellmann",0,0,0,0,0,0,0
"1682","wellread",0,0,0,0,0,0,0
"1683","wellspok",0,0,0,0,0,0,0
"1684","whimsica",0,0,0,0,0,0,0
"1685","whiny",0,0,0,0,0,0,0
"1686","wideawak",0,0,0,0,0,0,0
"1687","wild",6,1,1,1,1,1,1
"1688","willful",0,0,0,0,0,0,0
"1689","wily",0,0,0,0,0,0,0
"1690","wise",5,1,0,1,1,1,1
"1691","wishful",0,0,0,0,0,0,0
"1692","wishywas",0,0,0,0,0,0,0
"1693","withdrwg",0,0,0,0,0,0,0
"1694","withdrwn",0,0,0,0,0,0,0
"1695","witless",0,0,0,0,0,0,0
"1696","witty",2,1,0,0,0,0,1
"1697","womanly",2,1,1,0,0,0,0
"1698","wordy",0,0,0,0,0,0,0
"1699","worldly",5,0,1,1,1,1,1
"1700","worldlym",0,0,0,0,0,0,0
"1701","worldlyw",0,0,0,0,0,0,0
"1702","worldwea",0,0,0,0,0,0,0
"1703","worriles",0,0,0,0,0,0,0
"1704","worrying",0,0,0,0,0,0,0
"1705","worshipf",0,0,0,0,0,0,0
"1706","zany",0,0,0,0,0,0,0
"1707","zealless",0,0,0,0,0,0,0
"1708","zealous",1,0,0,0,0,0,1
"1709","zestful",0,0,0,0,0,0,0
