"","Words","count.present","A Tale of Two Cities","Barnaby Rudge","Bleak House","David Copperfield","Dombey and Son","Great Expectations","Hard Times","Little Dorrit","Martin Chuzzlewit","Mystery of Edwin Drood","Nicholas Nickleby","Oliver Twist","Our Mutual Friend","Pickwick","The Old Curiosity Shop"
"1","abrupt",15,1,1,1,1,1,1,1,1,1,1,1,1,1,1,1
"2","active",15,1,1,1,1,1,1,1,1,1,1,1,1,1,1,1
"3","amiable",15,1,1,1,1,1,1,1,1,1,1,1,1,1,1,1
"4","anxious",15,1,1,1,1,1,1,1,1,1,1,1,1,1,1,1
"5","awkward",15,1,1,1,1,1,1,1,1,1,1,1,1,1,1,1
"6","bitter",15,1,1,1,1,1,1,1,1,1,1,1,1,1,1,1
"7","bold",15,1,1,1,1,1,1,1,1,1,1,1,1,1,1,1
"8","bright",15,1,1,1,1,1,1,1,1,1,1,1,1,1,1,1
"9","calm",15,1,1,1,1,1,1,1,1,1,1,1,1,1,1,1
"10","capable",15,1,1,1,1,1,1,1,1,1,1,1,1,1,1,1
"11","careful",15,1,1,1,1,1,1,1,1,1,1,1,1,1,1,1
"12","careless",15,1,1,1,1,1,1,1,1,1,1,1,1,1,1,1
"13","certain",15,1,1,1,1,1,1,1,1,1,1,1,1,1,1,1
"14","cheerful",15,1,1,1,1,1,1,1,1,1,1,1,1,1,1,1
"15","coarse",15,1,1,1,1,1,1,1,1,1,1,1,1,1,1,1
"16","cold",15,1,1,1,1,1,1,1,1,1,1,1,1,1,1,1
"17","confused",15,1,1,1,1,1,1,1,1,1,1,1,1,1,1,1
"18","constant",15,1,1,1,1,1,1,1,1,1,1,1,1,1,1,1
"19","cool",15,1,1,1,1,1,1,1,1,1,1,1,1,1,1,1
"20","cruel",15,1,1,1,1,1,1,1,1,1,1,1,1,1,1,1
"21","curious",15,1,1,1,1,1,1,1,1,1,1,1,1,1,1,1
"22","deep",15,1,1,1,1,1,1,1,1,1,1,1,1,1,1,1
"23","direct",15,1,1,1,1,1,1,1,1,1,1,1,1,1,1,1
"24","distant",15,1,1,1,1,1,1,1,1,1,1,1,1,1,1,1
"25","dull",15,1,1,1,1,1,1,1,1,1,1,1,1,1,1,1
"26","eager",15,1,1,1,1,1,1,1,1,1,1,1,1,1,1,1
"27","exact",15,1,1,1,1,1,1,1,1,1,1,1,1,1,1,1
"28","fearful",15,1,1,1,1,1,1,1,1,1,1,1,1,1,1,1
"29","fierce",15,1,1,1,1,1,1,1,1,1,1,1,1,1,1,1
"30","foolish",15,1,1,1,1,1,1,1,1,1,1,1,1,1,1,1
"31","formal",15,1,1,1,1,1,1,1,1,1,1,1,1,1,1,1
"32","friendly",15,1,1,1,1,1,1,1,1,1,1,1,1,1,1,1
"33","genteel",15,1,1,1,1,1,1,1,1,1,1,1,1,1,1,1
"34","gentle",15,1,1,1,1,1,1,1,1,1,1,1,1,1,1,1
"35","gloomy",15,1,1,1,1,1,1,1,1,1,1,1,1,1,1,1
"36","gracious",15,1,1,1,1,1,1,1,1,1,1,1,1,1,1,1
"37","hasty",15,1,1,1,1,1,1,1,1,1,1,1,1,1,1,1
"38","honest",15,1,1,1,1,1,1,1,1,1,1,1,1,1,1,1
"39","humble",15,1,1,1,1,1,1,1,1,1,1,1,1,1,1,1
"40","ignorant",15,1,1,1,1,1,1,1,1,1,1,1,1,1,1,1
"41","loud",15,1,1,1,1,1,1,1,1,1,1,1,1,1,1,1
"42","modest",15,1,1,1,1,1,1,1,1,1,1,1,1,1,1,1
"43","moral",15,1,1,1,1,1,1,1,1,1,1,1,1,1,1,1
"44","narrow",15,1,1,1,1,1,1,1,1,1,1,1,1,1,1,1
"45","natural",15,1,1,1,1,1,1,1,1,1,1,1,1,1,1,1
"46","nervous",15,1,1,1,1,1,1,1,1,1,1,1,1,1,1,1
"47","original",15,1,1,1,1,1,1,1,1,1,1,1,1,1,1,1
"48","pleasant",15,1,1,1,1,1,1,1,1,1,1,1,1,1,1,1
"49","polite",15,1,1,1,1,1,1,1,1,1,1,1,1,1,1,1
"50","profound",15,1,1,1,1,1,1,1,1,1,1,1,1,1,1,1
"51","proud",15,1,1,1,1,1,1,1,1,1,1,1,1,1,1,1
"52","quick",15,1,1,1,1,1,1,1,1,1,1,1,1,1,1,1
"53","quiet",15,1,1,1,1,1,1,1,1,1,1,1,1,1,1,1
"54","restless",15,1,1,1,1,1,1,1,1,1,1,1,1,1,1,1
"55","rough",15,1,1,1,1,1,1,1,1,1,1,1,1,1,1,1
"56","serious",15,1,1,1,1,1,1,1,1,1,1,1,1,1,1,1
"57","severe",15,1,1,1,1,1,1,1,1,1,1,1,1,1,1,1
"58","silent",15,1,1,1,1,1,1,1,1,1,1,1,1,1,1,1
"59","solemn",15,1,1,1,1,1,1,1,1,1,1,1,1,1,1,1
"60","steady",15,1,1,1,1,1,1,1,1,1,1,1,1,1,1,1
"61","stern",15,1,1,1,1,1,1,1,1,1,1,1,1,1,1,1
"62","strict",15,1,1,1,1,1,1,1,1,1,1,1,1,1,1,1
"63","sullen",15,1,1,1,1,1,1,1,1,1,1,1,1,1,1,1
"64","tight",15,1,1,1,1,1,1,1,1,1,1,1,1,1,1,1
"65","vague",15,1,1,1,1,1,1,1,1,1,1,1,1,1,1,1
"66","vain",15,1,1,1,1,1,1,1,1,1,1,1,1,1,1,1
"67","violent",15,1,1,1,1,1,1,1,1,1,1,1,1,1,1,1
"68","warm",15,1,1,1,1,1,1,1,1,1,1,1,1,1,1,1
"69","wild",15,1,1,1,1,1,1,1,1,1,1,1,1,1,1,1
"70","wise",15,1,1,1,1,1,1,1,1,1,1,1,1,1,1,1
"71","childish",14,0,1,1,1,1,1,1,1,1,1,1,1,1,1,1
"72","cordial",14,1,1,1,1,1,1,1,1,1,1,1,0,1,1,1
"73","cunning",14,1,1,1,1,1,1,1,0,1,1,1,1,1,1,1
"74","devilish",14,0,1,1,1,1,1,1,1,1,1,1,1,1,1,1
"75","discreet",14,1,1,1,1,1,1,1,0,1,1,1,1,1,1,1
"76","earnest",14,1,1,1,1,1,0,1,1,1,1,1,1,1,1,1
"77","elegant",14,0,1,1,1,1,1,1,1,1,1,1,1,1,1,1
"78","faithful",14,1,1,1,1,1,1,1,1,1,0,1,1,1,1,1
"79","frank",14,0,1,1,1,1,1,1,1,1,1,1,1,1,1,1
"80","gallant",14,1,1,1,1,1,1,0,1,1,1,1,1,1,1,1
"81","generous",14,1,1,1,1,1,1,0,1,1,1,1,1,1,1,1
"82","gruff",14,1,1,1,1,1,1,0,1,1,1,1,1,1,1,1
"83","jolly",14,0,1,1,1,1,1,1,1,1,1,1,1,1,1,1
"84","kind",14,0,1,1,1,1,1,1,1,1,1,1,1,1,1,1
"85","lively",14,1,1,1,1,1,1,0,1,1,1,1,1,1,1,1
"86","loving",14,1,1,1,1,1,1,1,1,1,1,1,1,1,0,1
"87","mild",14,0,1,1,1,1,1,1,1,1,1,1,1,1,1,1
"88","moderate",14,1,1,1,1,1,1,0,1,1,1,1,1,1,1,1
"89","musical",14,1,1,1,1,1,1,0,1,1,1,1,1,1,1,1
"90","peaceful",14,1,1,1,1,1,1,1,1,1,0,1,1,1,1,1
"91","proper",14,1,1,1,1,1,1,1,1,1,0,1,1,1,1,1
"92","selfish",14,1,1,1,1,1,0,1,1,1,1,1,1,1,1,1
"93","simple",14,1,1,1,1,1,1,1,1,1,0,1,1,1,1,1
"94","social",14,1,1,1,1,1,1,1,1,1,1,1,0,1,1,1
"95","timid",14,1,1,1,1,1,0,1,1,1,1,1,1,1,1,1
"96","unkind",14,1,1,1,1,1,1,1,1,0,1,1,1,1,1,1
"97","vigorous",14,1,1,1,1,1,1,0,1,1,1,1,1,1,1,1
"98","accurate",13,1,0,1,1,1,1,1,1,1,1,1,1,1,1,0
"99","animated",13,1,0,1,1,1,1,0,1,1,1,1,1,1,1,1
"100","blunt",13,1,1,1,1,1,1,0,1,1,0,1,1,1,1,1
"101","brisk",13,1,1,1,1,1,0,0,1,1,1,1,1,1,1,1
"102","cautious",13,1,1,1,0,1,1,1,1,1,0,1,1,1,1,1
"103","civil",13,0,1,1,1,1,0,1,1,1,1,1,1,1,1,1
"104","clever",13,0,1,1,1,1,1,1,1,1,0,1,1,1,1,1
"105","daring",13,1,1,1,1,1,1,1,1,1,1,0,0,1,1,1
"106","dutiful",13,1,0,1,1,1,0,1,1,1,1,1,1,1,1,1
"107","emphatic",13,1,1,1,1,1,1,0,1,1,0,1,1,1,1,1
"108","fervent",13,1,1,1,1,1,1,0,1,1,0,1,1,1,1,1
"109","fiery",13,0,1,1,1,1,1,1,1,1,1,1,0,1,1,1
"110","graceful",13,0,1,1,0,1,1,1,1,1,1,1,1,1,1,1
"111","greedy",13,1,1,1,1,1,1,1,0,1,1,1,0,1,1,1
"112","hearty",13,0,1,1,1,1,1,0,1,1,1,1,1,1,1,1
"113","heedless",13,1,1,1,1,1,0,1,1,1,1,0,1,1,1,1
"114","intense",13,1,1,1,1,1,0,1,1,1,1,1,1,1,1,0
"115","intimate",13,1,1,1,1,1,1,0,1,1,0,1,1,1,1,1
"116","merciful",13,1,1,0,1,1,1,1,1,1,0,1,1,1,1,1
"117","merry",13,1,1,1,1,1,0,0,1,1,1,1,1,1,1,1
"118","negative",13,1,1,1,1,1,1,0,1,1,1,0,1,1,1,1
"119","noisy",13,0,1,1,0,1,1,1,1,1,1,1,1,1,1,1
"120","pious",13,0,1,1,1,1,1,1,1,1,1,1,0,1,1,1
"121","punctual",13,0,1,1,1,1,1,1,1,1,1,1,1,1,1,0
"122","rigid",13,0,1,1,1,1,0,1,1,1,1,1,1,1,1,1
"123","rude",13,0,1,1,1,1,1,1,1,1,0,1,1,1,1,1
"124","scornful",13,0,1,1,1,1,1,1,1,1,0,1,1,1,1,1
"125","serene",13,1,1,1,1,1,1,1,1,1,1,0,0,1,1,1
"126","shrewd",13,1,1,1,0,1,0,1,1,1,1,1,1,1,1,1
"127","sincere",13,1,1,1,1,1,1,1,1,1,1,1,0,0,1,1
"128","smart",13,0,1,1,1,1,1,0,1,1,1,1,1,1,1,1
"129","stable",13,1,1,1,1,1,1,1,1,1,0,1,0,1,1,1
"130","sunny",13,1,1,1,1,1,1,1,1,1,0,1,0,1,1,1
"131","chaste",12,1,1,1,0,1,0,1,1,1,1,1,1,0,1,1
"132","dainty",12,1,1,1,0,1,0,0,1,1,1,1,1,1,1,1
"133","doleful",12,1,1,1,1,1,1,1,1,1,1,1,0,1,0,0
"134","feminine",12,1,1,1,0,1,1,0,0,1,1,1,1,1,1,1
"135","genial",12,1,1,1,1,1,1,0,1,1,1,1,0,1,0,1
"136","haughty",12,1,1,1,1,1,1,0,1,1,0,1,1,1,1,0
"137","jealous",12,0,1,1,1,1,1,0,1,1,0,1,1,1,1,1
"138","languid",12,0,1,1,1,1,0,1,1,1,0,1,1,1,1,1
"139","lazy",12,1,1,0,1,1,1,0,0,1,1,1,1,1,1,1
"140","live",12,1,1,1,1,1,1,0,0,1,1,1,1,1,1,0
"141","manly",12,0,1,1,1,1,1,0,1,1,1,1,0,1,1,1
"142","placid",12,1,1,1,1,1,1,0,1,1,0,1,0,1,1,1
"143","playful",12,0,1,1,1,1,1,0,1,1,0,1,1,1,1,1
"144","precise",12,1,1,1,0,1,1,0,1,1,1,1,1,1,1,0
"145","prudent",12,0,1,1,1,1,1,0,1,1,1,1,1,0,1,1
"146","shy",12,1,1,1,1,1,1,1,1,1,1,0,0,1,0,1
"147","sly",12,1,1,1,0,1,1,0,1,1,0,1,1,1,1,1
"148","tough",12,0,1,1,1,1,1,1,1,1,0,1,0,1,1,1
"149","womanly",12,0,0,1,1,1,1,1,1,1,1,1,1,1,1,0
"150","worldly",12,1,1,1,1,1,1,0,1,1,0,1,1,1,1,0
"151","affable",11,0,1,1,1,1,1,0,1,1,1,1,0,1,1,0
"152","bashful",11,0,0,1,1,1,1,0,1,1,0,1,1,1,1,1
"153","boyish",11,0,1,1,1,1,1,0,0,1,1,1,0,1,1,1
"154","casual",11,1,1,1,1,1,0,0,1,1,0,1,0,1,1,1
"155","clumsy",11,1,1,1,1,1,1,0,1,1,0,1,0,1,1,0
"156","critical",11,0,1,1,1,1,1,0,0,0,1,1,1,1,1,1
"157","definite",11,1,1,1,1,1,1,0,0,1,1,1,0,1,1,0
"158","envious",11,0,1,1,1,1,1,0,0,1,1,1,0,1,1,1
"159","firm",11,0,1,1,1,1,1,0,1,1,1,1,1,1,0,0
"160","harsh",11,1,1,1,1,1,0,0,1,1,0,1,0,1,1,1
"161","insolent",11,1,0,1,0,1,0,0,1,1,1,1,1,1,1,1
"162","inward",11,1,1,1,1,1,1,0,1,1,0,1,1,0,1,0
"163","mature",11,1,0,1,1,1,0,1,1,1,0,1,1,1,0,1
"164","meek",11,0,1,1,1,1,1,1,1,1,0,1,0,1,1,0
"165","rational",11,0,1,1,1,1,0,1,1,1,0,1,1,1,1,0
"166","reckless",11,1,1,0,0,1,1,0,1,1,0,1,1,1,1,1
"167","rugged",11,1,1,1,1,1,0,1,1,1,1,0,0,0,1,1
"168","shallow",11,0,1,1,1,0,1,0,1,1,1,0,1,1,1,1
"169","sour",11,0,1,1,0,1,1,1,1,1,0,1,0,1,1,1
"170","sulky",11,0,0,1,1,1,1,1,0,1,0,1,1,1,1,1
"171","thorough",11,1,1,1,1,1,0,1,1,1,0,1,1,1,0,0
"172","verbal",11,1,0,1,1,1,1,0,1,1,0,1,0,1,1,1
"173","zealous",11,1,1,1,1,1,1,0,1,1,0,1,1,0,1,0
"174","boastful",10,1,0,1,1,0,0,1,1,1,0,1,0,1,1,1
"175","contrary",10,0,1,1,1,1,0,1,1,0,1,0,1,1,1,0
"176","dreamy",10,0,1,0,1,1,1,1,1,1,1,1,0,0,0,1
"177","earthy",10,0,1,1,1,1,1,0,0,1,1,0,0,1,1,1
"178","impudent",10,0,0,0,1,1,0,0,1,1,1,1,1,1,1,1
"179","passive",10,0,1,0,1,0,0,1,1,1,1,1,0,1,1,1
"180","servile",10,0,1,1,1,0,1,1,1,1,1,0,0,1,1,0
"181","stormy",10,1,1,0,1,1,1,0,1,1,0,1,0,1,1,0
"182","surly",10,0,1,1,1,0,1,0,1,1,0,0,1,1,1,1
"183","vivid",10,1,1,0,1,1,1,0,1,1,0,1,1,0,1,0
"184","wary",10,1,0,1,1,1,0,1,0,1,0,0,1,1,1,1
"185","aloof",9,0,1,1,1,1,0,0,1,1,0,0,1,1,1,0
"186","bland",9,0,1,1,1,1,0,0,1,1,1,0,0,1,1,0
"187","candid",9,0,1,1,0,0,0,1,1,1,1,0,0,1,1,1
"188","dogged",9,1,1,1,0,1,1,0,0,1,0,1,1,0,1,0
"189","eloquent",9,1,0,1,1,1,0,0,0,1,1,0,0,1,1,1
"190","explicit",9,1,1,1,0,0,1,0,1,0,0,1,1,1,1,0
"191","forcible",9,1,1,1,0,1,0,0,1,1,1,0,0,0,1,1
"192","frugal",9,1,1,1,0,1,0,0,0,1,0,1,0,1,1,1
"193","juvenile",9,0,0,1,1,1,1,1,0,1,0,1,1,0,1,0
"194","lavish",9,0,1,1,0,1,1,0,0,1,1,1,0,1,1,0
"195","lifeless",9,1,1,1,1,1,1,0,0,0,0,1,1,0,1,0
"196","moody",9,1,0,0,1,1,1,0,1,0,1,0,0,1,1,1
"197","orderly",9,1,1,1,1,1,1,0,0,1,1,0,0,1,0,0
"198","prompt",9,0,0,1,1,1,0,0,1,1,1,1,1,0,1,0
"199","rash",9,0,1,1,1,1,1,0,0,1,0,1,0,1,1,0
"200","sultry",9,1,1,1,0,0,0,1,1,1,0,0,1,1,0,1
"201","tame",9,1,1,0,0,1,1,0,1,1,1,0,0,0,1,1
"202","tidy",9,0,1,1,1,1,0,1,0,1,0,1,1,1,0,0
"203","abstract",8,0,1,1,1,0,0,0,1,1,0,1,0,0,1,1
"204","brutal",8,0,1,1,1,1,1,0,0,1,0,1,0,0,1,0
"205","courtly",8,1,1,1,1,1,0,0,1,1,1,0,0,0,0,0
"206","crafty",8,0,1,0,1,1,0,0,1,0,0,1,1,1,0,1
"207","defiant",8,0,0,1,1,1,1,1,1,1,0,0,0,1,0,0
"208","humorous",8,0,0,0,0,1,0,0,1,1,1,1,1,0,1,1
"209","jovial",8,0,1,0,1,1,0,0,0,1,0,1,0,1,1,1
"210","morbid",8,0,1,0,1,1,0,0,1,1,1,0,0,1,1,0
"211","morose",8,1,0,1,1,0,1,0,0,0,0,1,0,1,1,1
"212","peevish",8,1,1,0,0,1,0,1,1,1,0,1,1,0,0,0
"213","sluggish",8,0,1,0,1,1,1,0,1,0,0,1,0,1,0,1
"214","speedy",8,0,1,1,0,0,0,0,1,1,0,1,1,0,1,1
"215","spirited",8,0,0,0,0,1,0,1,1,0,1,1,1,0,1,1
"216","timorous",8,1,1,0,1,0,0,0,1,0,0,1,0,1,1,1
"217","uncouth",8,0,1,1,0,0,0,0,0,1,1,1,1,0,1,1
"218","decisive",7,0,0,1,1,1,1,0,0,0,0,1,1,0,1,0
"219","derisive",7,0,0,0,1,1,0,0,1,1,0,1,0,1,0,1
"220","fanciful",7,0,1,0,1,1,0,1,1,1,0,0,0,1,0,0
"221","girlish",7,1,0,1,1,1,0,0,1,1,0,0,0,0,1,0
"222","hardened",7,0,0,1,0,0,1,1,0,0,0,1,1,1,1,0
"223","humane",7,1,0,1,0,0,0,0,1,1,0,0,1,0,1,1
"224","literal",7,0,0,1,1,0,0,0,1,1,0,1,0,1,0,1
"225","literary",7,0,0,0,0,1,0,0,0,1,0,1,1,1,1,1
"226","logical",7,0,1,0,1,1,1,0,0,1,0,1,0,1,0,0
"227","maternal",7,1,0,1,0,1,0,0,1,0,0,1,0,1,1,0
"228","patient",7,0,1,1,1,0,0,1,0,0,1,1,0,1,0,0
"229","pensive",7,1,0,0,1,1,0,0,0,1,0,1,0,1,0,1
"230","petty",7,0,1,1,1,0,0,0,0,0,0,1,1,0,1,1
"231","polished",7,1,1,0,1,1,0,0,1,1,0,0,0,0,1,0
"232","pompous",7,0,0,0,0,1,0,0,1,1,0,1,0,1,1,1
"233","reserved",7,1,0,0,0,1,1,1,1,0,0,0,0,1,1,0
"234","spiteful",7,0,0,0,0,0,1,0,1,1,0,1,0,1,1,1
"235","studious",7,1,0,1,1,1,0,0,0,0,1,0,0,1,1,0
"236","untidy",7,1,0,1,1,0,0,0,1,0,1,1,1,0,0,0
"237","untiring",7,1,0,1,1,1,1,0,0,0,0,1,0,0,0,1
"238","vocal",7,0,0,1,0,0,0,1,1,1,1,0,0,1,0,1
"239","angelic",6,0,1,0,1,1,0,0,1,1,0,1,0,0,0,0
"240","careworn",6,0,1,1,1,1,0,0,0,0,0,1,0,1,0,0
"241","chatty",6,0,0,1,0,1,0,1,0,1,0,1,0,1,0,0
"242","coherent",6,0,0,1,0,1,1,0,1,1,0,0,0,0,1,0
"243","cowardly",6,0,1,0,0,0,1,0,0,1,0,1,1,1,0,0
"244","fickle",6,0,1,1,1,1,0,0,0,0,0,1,0,1,0,0
"245","hostile",6,1,0,1,0,0,0,1,0,1,0,1,0,0,1,0
"246","ironical",6,0,1,0,0,0,0,0,1,1,0,1,1,1,0,0
"247","jocular",6,0,0,1,1,1,0,1,1,0,0,1,0,0,0,0
"248","loyal",6,1,1,1,1,0,0,0,0,0,1,0,0,0,1,0
"249","unfair",6,1,0,1,0,0,1,0,1,1,0,0,1,0,0,0
"250","wily",6,0,1,0,0,0,0,0,0,1,0,1,1,1,1,0
"251","abusive",5,0,0,1,1,0,0,1,0,0,0,0,0,1,1,0
"252","affected",5,0,0,0,1,1,0,0,0,0,0,1,1,0,1,0
"253","alert",5,1,1,1,0,1,0,0,0,0,0,0,0,1,0,0
"254","amicable",5,0,0,1,0,1,0,0,0,1,1,1,0,0,0,0
"255","amorous",5,0,1,0,0,0,0,0,0,0,0,1,1,0,1,1
"256","artistic",5,0,0,1,1,0,0,0,1,0,1,0,0,1,0,0
"257","buoyant",5,0,0,0,0,0,0,1,0,1,0,1,0,1,1,0
"258","covetous",5,0,0,0,0,1,0,0,0,1,0,1,1,1,0,0
"259","diligent",5,0,0,1,1,1,0,0,1,0,0,0,0,0,0,1
"260","heroic",5,0,0,0,1,0,0,0,0,0,0,1,1,1,1,0
"261","impious",5,0,1,0,1,0,0,0,1,0,0,1,1,0,0,0
"262","indirect",5,0,0,0,0,0,0,0,1,0,1,1,0,1,1,0
"263","inhuman",5,0,0,0,0,0,0,1,0,0,0,1,1,1,1,0
"264","lenient",5,0,0,1,0,1,0,0,1,1,1,0,0,0,0,0
"265","refined",5,1,1,1,0,0,1,1,0,0,0,0,0,0,0,0
"266","roguish",5,0,1,0,1,0,0,0,0,1,0,0,0,0,1,1
"267","ruthless",5,1,0,0,1,1,0,0,0,0,0,0,0,1,1,0
"268","sedate",5,0,0,0,1,1,0,0,1,0,1,0,0,0,1,0
"269","showy",5,0,0,0,0,0,1,0,1,1,0,0,0,1,0,1
"270","slovenly",5,0,0,0,0,1,1,0,0,0,1,1,0,0,1,0
"271","sociable",5,0,0,1,0,1,1,0,0,1,0,0,0,1,0,0
"272","stubborn",5,0,0,0,1,1,0,0,1,1,0,0,0,1,0,0
"273","tender",5,1,1,1,0,1,0,0,1,0,0,0,0,0,0,0
"274","tense",5,0,0,0,0,0,1,1,1,1,0,0,0,1,0,0
"275","trustful",5,0,0,1,1,1,0,0,0,1,0,0,0,0,0,1
"276","unerring",5,0,1,1,0,0,0,1,0,0,0,1,0,0,1,0
"277","volatile",5,0,0,0,1,0,1,0,0,1,0,1,0,0,1,0
"278","warlike",5,0,1,0,0,1,0,0,0,0,0,1,1,0,1,0
"279","breezy",4,0,1,0,0,0,0,0,0,1,1,0,0,0,0,1
"280","complex",4,0,1,1,0,0,0,0,0,0,0,0,0,1,1,0
"281","demure",4,0,1,1,1,1,0,0,0,0,0,0,0,0,0,0
"282","docile",4,1,0,0,0,1,0,0,0,0,0,1,0,0,0,1
"283","dominant",4,1,0,0,1,1,1,0,0,0,0,0,0,0,0,0
"284","evasive",4,0,0,0,0,0,0,0,0,1,0,1,1,1,0,0
"285","exacting",4,0,0,0,0,1,0,0,0,1,1,0,0,1,0,0
"286","fretful",4,0,0,0,1,1,1,0,0,0,0,1,0,0,0,0
"287","glib",4,0,0,1,0,0,0,0,0,1,0,0,0,1,0,1
"288","jaunty",4,0,1,0,1,0,0,0,0,1,0,0,0,0,1,0
"289","lucid",4,0,0,0,1,0,1,0,1,0,0,1,0,0,0,0
"290","lukewarm",4,0,0,0,1,0,0,0,1,0,0,1,0,0,0,1
"291","lusty",4,0,1,1,0,0,0,0,0,0,1,1,0,0,0,0
"292","magnetic",4,0,0,0,0,1,0,0,0,1,0,1,0,1,0,0
"293","miserly",4,0,0,1,0,0,1,0,0,0,1,0,0,1,0,0
"294","pliant",4,0,1,0,1,0,0,0,0,0,0,0,0,0,1,1
"295","poetic",4,0,0,0,0,0,1,0,0,0,0,1,0,0,1,1
"296","profane",4,0,1,0,0,0,0,0,0,0,0,0,1,1,1,0
"297","reliable",4,0,0,1,0,1,1,0,1,0,0,0,0,0,0,0
"298","scheming",4,0,0,0,0,1,0,0,1,0,0,0,1,1,0,0
"299","sloppy",4,0,0,0,1,0,0,0,0,0,0,1,0,1,0,1
"300","testy",4,0,1,1,0,0,0,0,1,0,0,0,0,0,1,0
"301","truthful",4,0,1,0,1,0,0,0,0,1,0,0,0,1,0,0
"302","unpolite",4,0,1,1,0,0,0,0,0,0,0,0,0,1,1,0
"303","arrogant",3,0,0,1,0,1,0,1,0,0,0,0,0,0,0,0
"304","austere",3,0,0,1,0,1,0,0,1,0,0,0,0,0,0,0
"305","bristly",3,0,0,0,0,1,0,0,0,0,0,1,0,0,1,0
"306","callous",3,0,0,1,0,1,1,0,0,0,0,0,0,0,0,0
"307","caustic",3,0,0,0,0,0,0,1,1,1,0,0,0,0,0,0
"308","concise",3,0,0,1,0,0,0,0,0,0,0,0,1,0,0,1
"309","devious",3,0,0,1,0,0,0,0,0,1,0,0,1,0,0,0
"310","devout",3,0,1,0,0,0,0,0,0,1,0,0,0,1,0,0
"311","fidgety",3,0,0,1,0,0,0,0,1,0,0,0,0,0,0,1
"312","flighty",3,0,0,0,1,0,1,0,0,0,0,1,0,0,0,0
"313","forward",3,0,0,1,1,1,0,0,0,0,0,0,0,0,0,0
"314","helpful",3,1,0,0,1,0,0,0,0,0,0,0,0,1,0,0
"315","impish",3,0,0,0,0,0,0,0,0,0,1,0,0,1,0,1
"316","just",3,1,0,0,1,0,0,0,0,0,0,1,0,0,0,0
"317","knavish",3,1,0,0,1,0,0,0,0,0,1,0,0,0,0,0
"318","mirthful",3,0,1,1,0,0,0,0,0,0,0,0,0,0,0,1
"319","obliging",3,0,0,1,0,0,1,0,0,0,0,0,0,0,1,0
"320","shrewish",3,0,1,0,0,0,0,0,0,1,0,0,0,0,0,1
"321","stalwart",3,1,1,1,0,0,0,0,0,0,0,0,0,0,0,0
"322","taciturn",3,0,0,0,0,1,0,0,0,1,0,0,0,0,1,0
"323","tasteful",3,0,0,0,1,1,0,1,0,0,0,0,0,0,0,0
"324","tolerant",3,0,0,0,0,1,0,0,1,1,0,0,0,0,0,0
"325","unmanly",3,0,0,0,0,0,0,0,0,0,0,1,0,1,1,0
"326","wishful",3,0,0,1,0,0,1,0,1,0,0,0,0,0,0,0
"327","boorish",2,0,0,0,1,0,1,0,0,0,0,0,0,0,0,0
"328","cavalier",2,1,0,0,0,0,0,0,0,0,0,0,0,1,0,0
"329","coy",2,0,0,0,0,0,0,0,0,1,1,0,0,0,0,0
"330","cranky",2,0,0,0,1,0,0,0,0,0,0,0,0,0,0,1
"331","flexible",2,0,0,0,0,0,0,0,0,1,0,0,0,0,0,1
"332","heedful",2,1,0,0,0,0,1,0,0,0,0,0,0,0,0,0
"333","informal",2,0,0,0,0,0,0,0,1,1,0,0,0,0,0,0
"334","lawless",2,1,0,0,1,0,0,0,0,0,0,0,0,0,0,0
"335","lax",2,0,0,1,0,0,0,0,0,1,0,0,0,0,0,0
"336","mutinous",2,1,0,0,0,0,0,0,0,0,0,0,0,1,0,0
"337","pert",2,0,0,0,0,0,0,0,0,0,0,0,0,1,1,0
"338","prim",2,0,0,0,0,0,0,0,0,1,0,0,0,0,1,0
"339","saintly",2,1,0,0,0,0,0,0,0,1,0,0,0,0,0,0
"340","sensual",2,0,0,0,0,1,0,0,0,0,0,0,0,1,0,0
"341","uncivil",2,0,1,1,0,0,0,0,0,0,0,0,0,0,0,0
"342","unwary",2,0,0,1,0,0,0,0,0,1,0,0,0,0,0,0
"343","urbane",2,0,0,0,0,0,0,0,1,1,0,0,0,0,0,0
"344","wasteful",2,0,0,1,0,0,0,0,0,1,0,0,0,0,0,0
"345","witty",2,0,0,0,0,0,0,0,0,1,0,1,0,0,0,0
"346","wordy",2,0,0,1,0,1,0,0,0,0,0,0,0,0,0,0
"347","worrying",2,0,0,1,0,0,0,0,0,0,0,0,0,0,1,0
"348","acid",1,0,0,0,0,0,0,0,0,1,0,0,0,0,0,0
"349","aimless",1,0,0,0,0,0,0,0,0,0,1,0,0,0,0,0
"350","bullying",1,0,0,0,0,0,0,0,0,0,0,0,0,1,0,0
"351","canny",1,0,0,0,0,0,0,0,0,0,0,0,0,0,1,0
"352","cherubic",1,0,0,0,0,0,0,0,0,0,0,0,0,1,0,0
"353","coercive",1,0,0,1,0,0,0,0,0,0,0,0,0,0,0,0
"354","dapper",1,0,0,0,0,0,0,0,0,0,0,0,0,0,0,1
"355","elusive",1,0,0,0,1,0,0,0,0,0,0,0,0,0,0,0
"356","erratic",1,0,0,0,1,0,0,0,0,0,0,0,0,0,0,0
"357","fearless",1,1,0,0,0,0,0,0,0,0,0,0,0,0,0,0
"358","flippant",1,0,0,0,0,0,0,0,0,0,0,1,0,0,0,0
"359","grumpy",1,0,0,0,1,0,0,0,0,0,0,0,0,0,0,0
"360","homespun",1,0,0,0,0,0,0,0,0,1,0,0,0,0,0,0
"361","immature",1,1,0,0,0,0,0,0,0,0,0,0,0,0,0,0
"362","impolite",1,0,0,0,0,0,0,0,0,0,0,0,0,1,0,0
"363","insecure",1,0,1,0,0,0,0,0,0,0,0,0,0,0,0,0
"364","joyless",1,0,0,0,0,0,0,0,0,0,0,0,0,0,1,0
"365","ladylike",1,0,0,0,0,0,0,1,0,0,0,0,0,0,0,0
"366","mundane",1,0,0,0,0,0,0,0,1,0,0,0,0,0,0,0
"367","peppery",1,0,0,0,0,0,0,0,0,1,0,0,0,0,0,0
"368","pitiless",1,0,0,0,0,1,0,0,0,0,0,0,0,0,0,0
"369","pliable",1,0,0,0,0,0,0,0,1,0,0,0,0,0,0,0
"370","rascally",1,0,0,0,0,0,0,0,0,0,0,0,1,0,0,0
"371","reliant",1,0,0,0,1,0,0,0,0,0,0,0,0,0,0,0
"372","rigorous",1,0,0,0,0,0,0,0,1,0,0,0,0,0,0,0
"373","saucy",1,0,0,0,0,1,0,0,0,0,0,0,0,0,0,0
"374","slick",1,0,0,0,0,0,0,0,0,1,0,0,0,0,0,0
"375","stingy",1,0,0,0,0,0,0,0,0,1,0,0,0,0,0,0
"376","sugary",1,0,0,0,0,0,0,0,1,0,0,0,0,0,0,0
"377","touchy",1,0,0,0,0,0,0,0,1,0,0,0,0,0,0,0
"378","twitchy",1,0,0,0,0,0,1,0,0,0,0,0,0,0,0,0
"379","unheroic",1,0,0,0,0,0,0,0,1,0,0,0,0,0,0,0
"380","unruly",1,1,0,0,0,0,0,0,0,0,0,0,0,0,0,0
"381","unsocial",1,0,0,0,0,0,0,0,0,1,0,0,0,0,0,0
"382","untaught",1,0,0,0,0,0,1,0,0,0,0,0,0,0,0,0
"383","unversed",1,0,0,0,0,0,0,0,0,0,0,0,0,1,0,0
"384","unwise",1,0,0,0,0,1,0,0,0,0,0,0,0,0,0,0
"385","valiant",1,0,1,0,0,0,0,0,0,0,0,0,0,0,0,0
"386","valorous",1,0,0,0,0,0,0,0,0,0,0,0,0,0,1,0
"387","willful",1,0,0,0,0,0,0,0,0,1,0,0,0,0,0,0
"388","witless",1,0,1,0,0,0,0,0,0,0,0,0,0,0,0,0
"389","absentmi",0,0,0,0,0,0,0,0,0,0,0,0,0,0,0,0
"390","abstinen",0,0,0,0,0,0,0,0,0,0,0,0,0,0,0,0
"391","acceptan",0,0,0,0,0,0,0,0,0,0,0,0,0,0,0,0
"392","accessib",0,0,0,0,0,0,0,0,0,0,0,0,0,0,0,0
"393","accommod",0,0,0,0,0,0,0,0,0,0,0,0,0,0,0,0
"394","accompli",0,0,0,0,0,0,0,0,0,0,0,0,0,0,0,0
"395","acquiesc",0,0,0,0,0,0,0,0,0,0,0,0,0,0,0,0
"396","acquisit",0,0,0,0,0,0,0,0,0,0,0,0,0,0,0,0
"397","adaptabl",0,0,0,0,0,0,0,0,0,0,0,0,0,0,0,0
"398","adaptive",0,0,0,0,0,0,0,0,0,0,0,0,0,0,0,0
"399","adjustab",0,0,0,0,0,0,0,0,0,0,0,0,0,0,0,0
"400","adultero",0,0,0,0,0,0,0,0,0,0,0,0,0,0,0,0
"401","adventur",0,0,0,0,0,0,0,0,0,0,0,0,0,0,0,0
"402","affectio",0,0,0,0,0,0,0,0,0,0,0,0,0,0,0,0
"403","affirmat",0,0,0,0,0,0,0,0,0,0,0,0,0,0,0,0
"404","aggressi",0,0,0,0,0,0,0,0,0,0,0,0,0,0,0,0
"405","agitable",0,0,0,0,0,0,0,0,0,0,0,0,0,0,0,0
"406","agitativ",0,0,0,0,0,0,0,0,0,0,0,0,0,0,0,0
"407","agreeabl",0,0,0,0,0,0,0,0,0,0,0,0,0,0,0,0
"408","aimful",0,0,0,0,0,0,0,0,0,0,0,0,0,0,0,0
"409","alarmabl",0,0,0,0,0,0,0,0,0,0,0,0,0,0,0,0
"410","altruist",0,0,0,0,0,0,0,0,0,0,0,0,0,0,0,0
"411","ambitiou",0,0,0,0,0,0,0,0,0,0,0,0,0,0,0,0
"412","analytic",0,0,0,0,0,0,0,0,0,0,0,0,0,0,0,0
"413","antagoni",0,0,0,0,0,0,0,0,0,0,0,0,0,0,0,0
"414","anticipa",0,0,0,0,0,0,0,0,0,0,0,0,0,0,0,0
"415","antisoci",0,0,0,0,0,0,0,0,0,0,0,0,0,0,0,0
"416","apatheti",0,0,0,0,0,0,0,0,0,0,0,0,0,0,0,0
"417","apprecia",0,0,0,0,0,0,0,0,0,0,0,0,0,0,0,0
"418","approach",0,0,0,0,0,0,0,0,0,0,0,0,0,0,0,0
"419","arbitrar",0,0,0,0,0,0,0,0,0,0,0,0,0,0,0,0
"420","arbitrat",0,0,0,0,0,0,0,0,0,0,0,0,0,0,0,0
"421","argument",0,0,0,0,0,0,0,0,0,0,0,0,0,0,0,0
"422","aristocr",0,0,0,0,0,0,0,0,0,0,0,0,0,0,0,0
"423","articula",0,0,0,0,0,0,0,0,0,0,0,0,0,0,0,0
"424","ascendan",0,0,0,0,0,0,0,0,0,0,0,0,0,0,0,0
"425","asocial",0,0,0,0,0,0,0,0,0,0,0,0,0,0,0,0
"426","assertiv",0,0,0,0,0,0,0,0,0,0,0,0,0,0,0,0
"427","assured",0,0,0,0,0,0,0,0,0,0,0,0,0,0,0,0
"428","astute",0,0,0,0,0,0,0,0,0,0,0,0,0,0,0,0
"429","audaciou",0,0,0,0,0,0,0,0,0,0,0,0,0,0,0,0
"430","authorit",0,0,0,0,0,0,0,0,0,0,0,0,0,0,0,0
"431","autocrat",0,0,0,0,0,0,0,0,0,0,0,0,0,0,0,0
"432","autonomo",0,0,0,0,0,0,0,0,0,0,0,0,0,0,0,0
"433","aweless",0,0,0,0,0,0,0,0,0,0,0,0,0,0,0,0
"434","balky",0,0,0,0,0,0,0,0,0,0,0,0,0,0,0,0
"435","belliger",0,0,0,0,0,0,0,0,0,0,0,0,0,0,0,0
"436","bendable",0,0,0,0,0,0,0,0,0,0,0,0,0,0,0,0
"437","benefice",0,0,0,0,0,0,0,0,0,0,0,0,0,0,0,0
"438","benevole",0,0,0,0,0,0,0,0,0,0,0,0,0,0,0,0
"439","biased",0,0,0,0,0,0,0,0,0,0,0,0,0,0,0,0
"440","bigheade",0,0,0,0,0,0,0,0,0,0,0,0,0,0,0,0
"441","bigheart",0,0,0,0,0,0,0,0,0,0,0,0,0,0,0,0
"442","bigmouth",0,0,0,0,0,0,0,0,0,0,0,0,0,0,0,0
"443","bigoted",0,0,0,0,0,0,0,0,0,0,0,0,0,0,0,0
"444","blase",0,0,0,0,0,0,0,0,0,0,0,0,0,0,0,0
"445","blasphem",0,0,0,0,0,0,0,0,0,0,0,0,0,0,0,0
"446","bluntwit",0,0,0,0,0,0,0,0,0,0,0,0,0,0,0,0
"447","blustery",0,0,0,0,0,0,0,0,0,0,0,0,0,0,0,0
"448","boastles",0,0,0,0,0,0,0,0,0,0,0,0,0,0,0,0
"449","boistero",0,0,0,0,0,0,0,0,0,0,0,0,0,0,0,0
"450","bookish",0,0,0,0,0,0,0,0,0,0,0,0,0,0,0,0
"451","bossy",0,0,0,0,0,0,0,0,0,0,0,0,0,0,0,0
"452","bountifu",0,0,0,0,0,0,0,0,0,0,0,0,0,0,0,0
"453","brainy",0,0,0,0,0,0,0,0,0,0,0,0,0,0,0,0
"454","brash",0,0,0,0,0,0,0,0,0,0,0,0,0,0,0,0
"455","brave",0,0,0,0,0,0,0,0,0,0,0,0,0,0,0,0
"456","brawlsom",0,0,0,0,0,0,0,0,0,0,0,0,0,0,0,0
"457","brazen",0,0,0,0,0,0,0,0,0,0,0,0,0,0,0,0
"458","broadmin",0,0,0,0,0,0,0,0,0,0,0,0,0,0,0,0
"459","broadspo",0,0,0,0,0,0,0,0,0,0,0,0,0,0,0,0
"460","broody",0,0,0,0,0,0,0,0,0,0,0,0,0,0,0,0
"461","brusque",0,0,0,0,0,0,0,0,0,0,0,0,0,0,0,0
"462","bubbly",0,0,0,0,0,0,0,0,0,0,0,0,0,0,0,0
"463","bullhead",0,0,0,0,0,0,0,0,0,0,0,0,0,0,0,0
"464","bullish",0,0,0,0,0,0,0,0,0,0,0,0,0,0,0,0
"465","business",0,0,0,0,0,0,0,0,0,0,0,0,0,0,0,0
"466","busyish",0,0,0,0,0,0,0,0,0,0,0,0,0,0,0,0
"467","cagy",0,0,0,0,0,0,0,0,0,0,0,0,0,0,0,0
"468","calculab",0,0,0,0,0,0,0,0,0,0,0,0,0,0,0,0
"469","calculat",0,0,0,0,0,0,0,0,0,0,0,0,0,0,0,0
"470","cantanke",0,0,0,0,0,0,0,0,0,0,0,0,0,0,0,0
"471","capricio",0,0,0,0,0,0,0,0,0,0,0,0,0,0,0,0
"472","carefree",0,0,0,0,0,0,0,0,0,0,0,0,0,0,0,0
"473","catty",0,0,0,0,0,0,0,0,0,0,0,0,0,0,0,0
"474","censoria",0,0,0,0,0,0,0,0,0,0,0,0,0,0,0,0
"475","cerebral",0,0,0,0,0,0,0,0,0,0,0,0,0,0,0,0
"476","ceremoni",0,0,0,0,0,0,0,0,0,0,0,0,0,0,0,0
"477","changeab",0,0,0,0,0,0,0,0,0,0,0,0,0,0,0,0
"478","changele",0,0,0,0,0,0,0,0,0,0,0,0,0,0,0,0
"479","charitab",0,0,0,0,0,0,0,0,0,0,0,0,0,0,0,0
"480","chic",0,0,0,0,0,0,0,0,0,0,0,0,0,0,0,0
"481","childlik",0,0,0,0,0,0,0,0,0,0,0,0,0,0,0,0
"482","chipper",0,0,0,0,0,0,0,0,0,0,0,0,0,0,0,0
"483","chitchat",0,0,0,0,0,0,0,0,0,0,0,0,0,0,0,0
"484","chivalro",0,0,0,0,0,0,0,0,0,0,0,0,0,0,0,0
"485","choosy",0,0,0,0,0,0,0,0,0,0,0,0,0,0,0,0
"486","circumsp",0,0,0,0,0,0,0,0,0,0,0,0,0,0,0,0
"487","civilize",0,0,0,0,0,0,0,0,0,0,0,0,0,0,0,0
"488","clairvoy",0,0,0,0,0,0,0,0,0,0,0,0,0,0,0,0
"489","clannish",0,0,0,0,0,0,0,0,0,0,0,0,0,0,0,0
"490","clearcut",0,0,0,0,0,0,0,0,0,0,0,0,0,0,0,0
"491","clearhea",0,0,0,0,0,0,0,0,0,0,0,0,0,0,0,0
"492","clearsig",0,0,0,0,0,0,0,0,0,0,0,0,0,0,0,0
"493","clearthi",0,0,0,0,0,0,0,0,0,0,0,0,0,0,0,0
"494","clingy",0,0,0,0,0,0,0,0,0,0,0,0,0,0,0,0
"495","cliquish",0,0,0,0,0,0,0,0,0,0,0,0,0,0,0,0
"496","closedmi",0,0,0,0,0,0,0,0,0,0,0,0,0,0,0,0
"497","closefis",0,0,0,0,0,0,0,0,0,0,0,0,0,0,0,0
"498","closemou",0,0,0,0,0,0,0,0,0,0,0,0,0,0,0,0
"499","clownish",0,0,0,0,0,0,0,0,0,0,0,0,0,0,0,0
"500","cocky",0,0,0,0,0,0,0,0,0,0,0,0,0,0,0,0
"501","coldhear",0,0,0,0,0,0,0,0,0,0,0,0,0,0,0,0
"502","combativ",0,0,0,0,0,0,0,0,0,0,0,0,0,0,0,0
"503","communic",0,0,0,0,0,0,0,0,0,0,0,0,0,0,0,0
"504","companio",0,0,0,0,0,0,0,0,0,0,0,0,0,0,0,0
"505","compassl",0,0,0,0,0,0,0,0,0,0,0,0,0,0,0,0
"506","compasst",0,0,0,0,0,0,0,0,0,0,0,0,0,0,0,0
"507","competit",0,0,0,0,0,0,0,0,0,0,0,0,0,0,0,0
"508","complace",0,0,0,0,0,0,0,0,0,0,0,0,0,0,0,0
"509","complain",0,0,0,0,0,0,0,0,0,0,0,0,0,0,0,0
"510","complais",0,0,0,0,0,0,0,0,0,0,0,0,0,0,0,0
"511","complian",0,0,0,0,0,0,0,0,0,0,0,0,0,0,0,0
"512","complica",0,0,0,0,0,0,0,0,0,0,0,0,0,0,0,0
"513","complime",0,0,0,0,0,0,0,0,0,0,0,0,0,0,0,0
"514","compulsi",0,0,0,0,0,0,0,0,0,0,0,0,0,0,0,0
"515","comradel",0,0,0,0,0,0,0,0,0,0,0,0,0,0,0,0
"516","conceite",0,0,0,0,0,0,0,0,0,0,0,0,0,0,0,0
"517","conceitl",0,0,0,0,0,0,0,0,0,0,0,0,0,0,0,0
"518","concilia",0,0,0,0,0,0,0,0,0,0,0,0,0,0,0,0
"519","condesce",0,0,0,0,0,0,0,0,0,0,0,0,0,0,0,0
"520","confiden",0,0,0,0,0,0,0,0,0,0,0,0,0,0,0,0
"521","confusab",0,0,0,0,0,0,0,0,0,0,0,0,0,0,0,0
"522","congenia",0,0,0,0,0,0,0,0,0,0,0,0,0,0,0,0
"523","consciel",0,0,0,0,0,0,0,0,0,0,0,0,0,0,0,0
"524","consciet",0,0,0,0,0,0,0,0,0,0,0,0,0,0,0,0
"525","conserva",0,0,0,0,0,0,0,0,0,0,0,0,0,0,0,0
"526","consider",0,0,0,0,0,0,0,0,0,0,0,0,0,0,0,0
"527","consiste",0,0,0,0,0,0,0,0,0,0,0,0,0,0,0,0
"528","consolat",0,0,0,0,0,0,0,0,0,0,0,0,0,0,0,0
"529","constrai",0,0,0,0,0,0,0,0,0,0,0,0,0,0,0,0
"530","construc",0,0,0,0,0,0,0,0,0,0,0,0,0,0,0,0
"531","contempl",0,0,0,0,0,0,0,0,0,0,0,0,0,0,0,0
"532","contente",0,0,0,0,0,0,0,0,0,0,0,0,0,0,0,0
"533","contrads",0,0,0,0,0,0,0,0,0,0,0,0,0,0,0,0
"534","contrady",0,0,0,0,0,0,0,0,0,0,0,0,0,0,0,0
"535","contrarm",0,0,0,0,0,0,0,0,0,0,0,0,0,0,0,0
"536","controll",0,0,0,0,0,0,0,0,0,0,0,0,0,0,0,0
"537","conventi",0,0,0,0,0,0,0,0,0,0,0,0,0,0,0,0
"538","conversa",0,0,0,0,0,0,0,0,0,0,0,0,0,0,0,0
"539","coolhead",0,0,0,0,0,0,0,0,0,0,0,0,0,0,0,0
"540","cooperat",0,0,0,0,0,0,0,0,0,0,0,0,0,0,0,0
"541","correcti",0,0,0,0,0,0,0,0,0,0,0,0,0,0,0,0
"542","cosmopol",0,0,0,0,0,0,0,0,0,0,0,0,0,0,0,0
"543","counsela",0,0,0,0,0,0,0,0,0,0,0,0,0,0,0,0
"544","courageo",0,0,0,0,0,0,0,0,0,0,0,0,0,0,0,0
"545","courteou",0,0,0,0,0,0,0,0,0,0,0,0,0,0,0,0
"546","crabby",0,0,0,0,0,0,0,0,0,0,0,0,0,0,0,0
"547","creative",0,0,0,0,0,0,0,0,0,0,0,0,0,0,0,0
"548","credulou",0,0,0,0,0,0,0,0,0,0,0,0,0,0,0,0
"549","crotchet",0,0,0,0,0,0,0,0,0,0,0,0,0,0,0,0
"550","crusadin",0,0,0,0,0,0,0,0,0,0,0,0,0,0,0,0
"551","cultivat",0,0,0,0,0,0,0,0,0,0,0,0,0,0,0,0
"552","cultured",0,0,0,0,0,0,0,0,0,0,0,0,0,0,0,0
"553","curt",0,0,0,0,0,0,0,0,0,0,0,0,0,0,0,0
"554","cynical",0,0,0,0,0,0,0,0,0,0,0,0,0,0,0,0
"555","dauntles",0,0,0,0,0,0,0,0,0,0,0,0,0,0,0,0
"556","debonair",0,0,0,0,0,0,0,0,0,0,0,0,0,0,0,0
"557","deceitfu",0,0,0,0,0,0,0,0,0,0,0,0,0,0,0,0
"558","deceivab",0,0,0,0,0,0,0,0,0,0,0,0,0,0,0,0
"559","deceptiv",0,0,0,0,0,0,0,0,0,0,0,0,0,0,0,0
"560","dedicate",0,0,0,0,0,0,0,0,0,0,0,0,0,0,0,0
"561","defensiv",0,0,0,0,0,0,0,0,0,0,0,0,0,0,0,0
"562","delibera",0,0,0,0,0,0,0,0,0,0,0,0,0,0,0,0
"563","deliberv",0,0,0,0,0,0,0,0,0,0,0,0,0,0,0,0
"564","demandin",0,0,0,0,0,0,0,0,0,0,0,0,0,0,0,0
"565","democrat",0,0,0,0,0,0,0,0,0,0,0,0,0,0,0,0
"566","demonstr",0,0,0,0,0,0,0,0,0,0,0,0,0,0,0,0
"567","dependab",0,0,0,0,0,0,0,0,0,0,0,0,0,0,0,0
"568","dependen",0,0,0,0,0,0,0,0,0,0,0,0,0,0,0,0
"569","derogato",0,0,0,0,0,0,0,0,0,0,0,0,0,0,0,0
"570","designfu",0,0,0,0,0,0,0,0,0,0,0,0,0,0,0,0
"571","desponde",0,0,0,0,0,0,0,0,0,0,0,0,0,0,0,0
"572","destruct",0,0,0,0,0,0,0,0,0,0,0,0,0,0,0,0
"573","detached",0,0,0,0,0,0,0,0,0,0,0,0,0,0,0,0
"574","determin",0,0,0,0,0,0,0,0,0,0,0,0,0,0,0,0
"575","devilmay",0,0,0,0,0,0,0,0,0,0,0,0,0,0,0,0
"576","dictator",0,0,0,0,0,0,0,0,0,0,0,0,0,0,0,0
"577","dignifie",0,0,0,0,0,0,0,0,0,0,0,0,0,0,0,0
"578","digressi",0,0,0,0,0,0,0,0,0,0,0,0,0,0,0,0
"579","diplomat",0,0,0,0,0,0,0,0,0,0,0,0,0,0,0,0
"580","discerni",0,0,0,0,0,0,0,0,0,0,0,0,0,0,0,0
"581","discoura",0,0,0,0,0,0,0,0,0,0,0,0,0,0,0,0
"582","discourt",0,0,0,0,0,0,0,0,0,0,0,0,0,0,0,0
"583","discrimi",0,0,0,0,0,0,0,0,0,0,0,0,0,0,0,0
"584","disdainf",0,0,0,0,0,0,0,0,0,0,0,0,0,0,0,0
"585","disguisl",0,0,0,0,0,0,0,0,0,0,0,0,0,0,0,0
"586","dishones",0,0,0,0,0,0,0,0,0,0,0,0,0,0,0,0
"587","disoblig",0,0,0,0,0,0,0,0,0,0,0,0,0,0,0,0
"588","disorder",0,0,0,0,0,0,0,0,0,0,0,0,0,0,0,0
"589","disorgan",0,0,0,0,0,0,0,0,0,0,0,0,0,0,0,0
"590","dispassi",0,0,0,0,0,0,0,0,0,0,0,0,0,0,0,0
"591","disregar",0,0,0,0,0,0,0,0,0,0,0,0,0,0,0,0
"592","disrespe",0,0,0,0,0,0,0,0,0,0,0,0,0,0,0,0
"593","disrupti",0,0,0,0,0,0,0,0,0,0,0,0,0,0,0,0
"594","dissatis",0,0,0,0,0,0,0,0,0,0,0,0,0,0,0,0
"595","dissensu",0,0,0,0,0,0,0,0,0,0,0,0,0,0,0,0
"596","dissocia",0,0,0,0,0,0,0,0,0,0,0,0,0,0,0,0
"597","distract",0,0,0,0,0,0,0,0,0,0,0,0,0,0,0,0
"598","distrust",0,0,0,0,0,0,0,0,0,0,0,0,0,0,0,0
"599","divertib",0,0,0,0,0,0,0,0,0,0,0,0,0,0,0,0
"600","doctrina",0,0,0,0,0,0,0,0,0,0,0,0,0,0,0,0
"601","dogmatic",0,0,0,0,0,0,0,0,0,0,0,0,0,0,0,0
"602","domineer",0,0,0,0,0,0,0,0,0,0,0,0,0,0,0,0
"603","doublefa",0,0,0,0,0,0,0,0,0,0,0,0,0,0,0,0
"604","doubleto",0,0,0,0,0,0,0,0,0,0,0,0,0,0,0,0
"605","downtoea",0,0,0,0,0,0,0,0,0,0,0,0,0,0,0,0
"606","dullwitt",0,0,0,0,0,0,0,0,0,0,0,0,0,0,0,0
"607","durable",0,0,0,0,0,0,0,0,0,0,0,0,0,0,0,0
"608","dynamic",0,0,0,0,0,0,0,0,0,0,0,0,0,0,0,0
"609","eagleeye",0,0,0,0,0,0,0,0,0,0,0,0,0,0,0,0
"610","earthlym",0,0,0,0,0,0,0,0,0,0,0,0,0,0,0,0
"611","earthlyw",0,0,0,0,0,0,0,0,0,0,0,0,0,0,0,0
"612","easeless",0,0,0,0,0,0,0,0,0,0,0,0,0,0,0,0
"613","easygoin",0,0,0,0,0,0,0,0,0,0,0,0,0,0,0,0
"614","economic",0,0,0,0,0,0,0,0,0,0,0,0,0,0,0,0
"615","educable",0,0,0,0,0,0,0,0,0,0,0,0,0,0,0,0
"616","educated",0,0,0,0,0,0,0,0,0,0,0,0,0,0,0,0
"617","effemina",0,0,0,0,0,0,0,0,0,0,0,0,0,0,0,0
"618","efferves",0,0,0,0,0,0,0,0,0,0,0,0,0,0,0,0
"619","efficien",0,0,0,0,0,0,0,0,0,0,0,0,0,0,0,0
"620","egocentr",0,0,0,0,0,0,0,0,0,0,0,0,0,0,0,0
"621","egotisti",0,0,0,0,0,0,0,0,0,0,0,0,0,0,0,0
"622","elfish",0,0,0,0,0,0,0,0,0,0,0,0,0,0,0,0
"623","embitter",0,0,0,0,0,0,0,0,0,0,0,0,0,0,0,0
"624","emotiona",0,0,0,0,0,0,0,0,0,0,0,0,0,0,0,0
"625","emotionl",0,0,0,0,0,0,0,0,0,0,0,0,0,0,0,0
"626","empathic",0,0,0,0,0,0,0,0,0,0,0,0,0,0,0,0
"627","encyclop",0,0,0,0,0,0,0,0,0,0,0,0,0,0,0,0
"628","energeti",0,0,0,0,0,0,0,0,0,0,0,0,0,0,0,0
"629","enlighte",0,0,0,0,0,0,0,0,0,0,0,0,0,0,0,0
"630","enterpri",0,0,0,0,0,0,0,0,0,0,0,0,0,0,0,0
"631","enthusia",0,0,0,0,0,0,0,0,0,0,0,0,0,0,0,0
"632","equalita",0,0,0,0,0,0,0,0,0,0,0,0,0,0,0,0
"633","ethical",0,0,0,0,0,0,0,0,0,0,0,0,0,0,0,0
"634","evangeli",0,0,0,0,0,0,0,0,0,0,0,0,0,0,0,0
"635","exaggera",0,0,0,0,0,0,0,0,0,0,0,0,0,0,0,0
"636","excessiv",0,0,0,0,0,0,0,0,0,0,0,0,0,0,0,0
"637","excitabl",0,0,0,0,0,0,0,0,0,0,0,0,0,0,0,0
"638","exclusiv",0,0,0,0,0,0,0,0,0,0,0,0,0,0,0,0
"639","exhaustb",0,0,0,0,0,0,0,0,0,0,0,0,0,0,0,0
"640","exhaustv",0,0,0,0,0,0,0,0,0,0,0,0,0,0,0,0
"641","exhibiti",0,0,0,0,0,0,0,0,0,0,0,0,0,0,0,0
"642","expansiv",0,0,0,0,0,0,0,0,0,0,0,0,0,0,0,0
"643","exploita",0,0,0,0,0,0,0,0,0,0,0,0,0,0,0,0
"644","explosiv",0,0,0,0,0,0,0,0,0,0,0,0,0,0,0,0
"645","expressi",0,0,0,0,0,0,0,0,0,0,0,0,0,0,0,0
"646","extravag",0,0,0,0,0,0,0,0,0,0,0,0,0,0,0,0
"647","extrover",0,0,0,0,0,0,0,0,0,0,0,0,0,0,0,0
"648","facetiou",0,0,0,0,0,0,0,0,0,0,0,0,0,0,0,0
"649","factious",0,0,0,0,0,0,0,0,0,0,0,0,0,0,0,0
"650","fainthea",0,0,0,0,0,0,0,0,0,0,0,0,0,0,0,0
"651","fairmind",0,0,0,0,0,0,0,0,0,0,0,0,0,0,0,0
"652","fairnatu",0,0,0,0,0,0,0,0,0,0,0,0,0,0,0,0
"653","falsehea",0,0,0,0,0,0,0,0,0,0,0,0,0,0,0,0
"654","fanatica",0,0,0,0,0,0,0,0,0,0,0,0,0,0,0,0
"655","fancyfre",0,0,0,0,0,0,0,0,0,0,0,0,0,0,0,0
"656","farseein",0,0,0,0,0,0,0,0,0,0,0,0,0,0,0,0
"657","fastidio",0,0,0,0,0,0,0,0,0,0,0,0,0,0,0,0
"658","fatalist",0,0,0,0,0,0,0,0,0,0,0,0,0,0,0,0
"659","fatiguel",0,0,0,0,0,0,0,0,0,0,0,0,0,0,0,0
"660","faultfin",0,0,0,0,0,0,0,0,0,0,0,0,0,0,0,0
"661","feelingf",0,0,0,0,0,0,0,0,0,0,0,0,0,0,0,0
"662","feelingl",0,0,0,0,0,0,0,0,0,0,0,0,0,0,0,0
"663","finicky",0,0,0,0,0,0,0,0,0,0,0,0,0,0,0,0
"664","flamboya",0,0,0,0,0,0,0,0,0,0,0,0,0,0,0,0
"665","flammabl",0,0,0,0,0,0,0,0,0,0,0,0,0,0,0,0
"666","flattera",0,0,0,0,0,0,0,0,0,0,0,0,0,0,0,0
"667","flaunty",0,0,0,0,0,0,0,0,0,0,0,0,0,0,0,0
"668","flirtati",0,0,0,0,0,0,0,0,0,0,0,0,0,0,0,0
"669","fluttery",0,0,0,0,0,0,0,0,0,0,0,0,0,0,0,0
"670","folksy",0,0,0,0,0,0,0,0,0,0,0,0,0,0,0,0
"671","foolhard",0,0,0,0,0,0,0,0,0,0,0,0,0,0,0,0
"672","footloos",0,0,0,0,0,0,0,0,0,0,0,0,0,0,0,0
"673","forbeari",0,0,0,0,0,0,0,0,0,0,0,0,0,0,0,0
"674","forceful",0,0,0,0,0,0,0,0,0,0,0,0,0,0,0,0
"675","forceles",0,0,0,0,0,0,0,0,0,0,0,0,0,0,0,0
"676","foresigh",0,0,0,0,0,0,0,0,0,0,0,0,0,0,0,0
"677","forethou",0,0,0,0,0,0,0,0,0,0,0,0,0,0,0,0
"678","forgetfu",0,0,0,0,0,0,0,0,0,0,0,0,0,0,0,0
"679","forgivin",0,0,0,0,0,0,0,0,0,0,0,0,0,0,0,0
"680","forsigtl",0,0,0,0,0,0,0,0,0,0,0,0,0,0,0,0
"681","forthrig",0,0,0,0,0,0,0,0,0,0,0,0,0,0,0,0
"682","forwardl",0,0,0,0,0,0,0,0,0,0,0,0,0,0,0,0
"683","foulmout",0,0,0,0,0,0,0,0,0,0,0,0,0,0,0,0
"684","foxy",0,0,0,0,0,0,0,0,0,0,0,0,0,0,0,0
"685","fraterna",0,0,0,0,0,0,0,0,0,0,0,0,0,0,0,0
"686","fraudule",0,0,0,0,0,0,0,0,0,0,0,0,0,0,0,0
"687","freelivi",0,0,0,0,0,0,0,0,0,0,0,0,0,0,0,0
"688","freemind",0,0,0,0,0,0,0,0,0,0,0,0,0,0,0,0
"689","freethin",0,0,0,0,0,0,0,0,0,0,0,0,0,0,0,0
"690","fretless",0,0,0,0,0,0,0,0,0,0,0,0,0,0,0,0
"691","frighten",0,0,0,0,0,0,0,0,0,0,0,0,0,0,0,0
"692","frisky",0,0,0,0,0,0,0,0,0,0,0,0,0,0,0,0
"693","frivolou",0,0,0,0,0,0,0,0,0,0,0,0,0,0,0,0
"694","frolicso",0,0,0,0,0,0,0,0,0,0,0,0,0,0,0,0
"695","fussy",0,0,0,0,0,0,0,0,0,0,0,0,0,0,0,0
"696","gabby",0,0,0,0,0,0,0,0,0,0,0,0,0,0,0,0
"697","gentlehe",0,0,0,0,0,0,0,0,0,0,0,0,0,0,0,0
"698","gentlema",0,0,0,0,0,0,0,0,0,0,0,0,0,0,0,0
"699","giving",0,0,0,0,0,0,0,0,0,0,0,0,0,0,0,0
"700","gluttono",0,0,0,0,0,0,0,0,0,0,0,0,0,0,0,0
"701","godfeari",0,0,0,0,0,0,0,0,0,0,0,0,0,0,0,0
"702","godless",0,0,0,0,0,0,0,0,0,0,0,0,0,0,0,0
"703","goodhear",0,0,0,0,0,0,0,0,0,0,0,0,0,0,0,0
"704","goodhumo",0,0,0,0,0,0,0,0,0,0,0,0,0,0,0,0
"705","goodnatu",0,0,0,0,0,0,0,0,0,0,0,0,0,0,0,0
"706","goodtemp",0,0,0,0,0,0,0,0,0,0,0,0,0,0,0,0
"707","gossipy",0,0,0,0,0,0,0,0,0,0,0,0,0,0,0,0
"708","graceles",0,0,0,0,0,0,0,0,0,0,0,0,0,0,0,0
"709","greathea",0,0,0,0,0,0,0,0,0,0,0,0,0,0,0,0
"710","gregario",0,0,0,0,0,0,0,0,0,0,0,0,0,0,0,0
"711","grumbly",0,0,0,0,0,0,0,0,0,0,0,0,0,0,0,0
"712","guileles",0,0,0,0,0,0,0,0,0,0,0,0,0,0,0,0
"713","gullible",0,0,0,0,0,0,0,0,0,0,0,0,0,0,0,0
"714","gushy",0,0,0,0,0,0,0,0,0,0,0,0,0,0,0,0
"715","gutless",0,0,0,0,0,0,0,0,0,0,0,0,0,0,0,0
"716","gutsy",0,0,0,0,0,0,0,0,0,0,0,0,0,0,0,0
"717","haphazar",0,0,0,0,0,0,0,0,0,0,0,0,0,0,0,0
"718","happygol",0,0,0,0,0,0,0,0,0,0,0,0,0,0,0,0
"719","hardhead",0,0,0,0,0,0,0,0,0,0,0,0,0,0,0,0
"720","hardhear",0,0,0,0,0,0,0,0,0,0,0,0,0,0,0,0
"721","hardnose",0,0,0,0,0,0,0,0,0,0,0,0,0,0,0,0
"722","hardshel",0,0,0,0,0,0,0,0,0,0,0,0,0,0,0,0
"723","hardwork",0,0,0,0,0,0,0,0,0,0,0,0,0,0,0,0
"724","headlong",0,0,0,0,0,0,0,0,0,0,0,0,0,0,0,0
"725","headstro",0,0,0,0,0,0,0,0,0,0,0,0,0,0,0,0
"726","heartles",0,0,0,0,0,0,0,0,0,0,0,0,0,0,0,0
"727","hectic",0,0,0,0,0,0,0,0,0,0,0,0,0,0,0,0
"728","heretica",0,0,0,0,0,0,0,0,0,0,0,0,0,0,0,0
"729","hermitis",0,0,0,0,0,0,0,0,0,0,0,0,0,0,0,0
"730","highfalu",0,0,0,0,0,0,0,0,0,0,0,0,0,0,0,0
"731","highhand",0,0,0,0,0,0,0,0,0,0,0,0,0,0,0,0
"732","highmind",0,0,0,0,0,0,0,0,0,0,0,0,0,0,0,0
"733","highprin",0,0,0,0,0,0,0,0,0,0,0,0,0,0,0,0
"734","highspir",0,0,0,0,0,0,0,0,0,0,0,0,0,0,0,0
"735","highstru",0,0,0,0,0,0,0,0,0,0,0,0,0,0,0,0
"736","hitormis",0,0,0,0,0,0,0,0,0,0,0,0,0,0,0,0
"737","hoggish",0,0,0,0,0,0,0,0,0,0,0,0,0,0,0,0
"738","homicida",0,0,0,0,0,0,0,0,0,0,0,0,0,0,0,0
"739","hospitab",0,0,0,0,0,0,0,0,0,0,0,0,0,0,0,0
"740","hotblood",0,0,0,0,0,0,0,0,0,0,0,0,0,0,0,0
"741","hottempe",0,0,0,0,0,0,0,0,0,0,0,0,0,0,0,0
"742","humanita",0,0,0,0,0,0,0,0,0,0,0,0,0,0,0,0
"743","humorles",0,0,0,0,0,0,0,0,0,0,0,0,0,0,0,0
"744","hypercri",0,0,0,0,0,0,0,0,0,0,0,0,0,0,0,0
"745","hypocrit",0,0,0,0,0,0,0,0,0,0,0,0,0,0,0,0
"746","hypsensi",0,0,0,0,0,0,0,0,0,0,0,0,0,0,0,0
"747","hypsensu",0,0,0,0,0,0,0,0,0,0,0,0,0,0,0,0
"748","icy",0,0,0,0,0,0,0,0,0,0,0,0,0,0,0,0
"749","idealist",0,0,0,0,0,0,0,0,0,0,0,0,0,0,0,0
"750","illhumor",0,0,0,0,0,0,0,0,0,0,0,0,0,0,0,0
"751","illitera",0,0,0,0,0,0,0,0,0,0,0,0,0,0,0,0
"752","illmanne",0,0,0,0,0,0,0,0,0,0,0,0,0,0,0,0
"753","illnatur",0,0,0,0,0,0,0,0,0,0,0,0,0,0,0,0
"754","illogica",0,0,0,0,0,0,0,0,0,0,0,0,0,0,0,0
"755","illtempe",0,0,0,0,0,0,0,0,0,0,0,0,0,0,0,0
"756","illwille",0,0,0,0,0,0,0,0,0,0,0,0,0,0,0,0
"757","imaginat",0,0,0,0,0,0,0,0,0,0,0,0,0,0,0,0
"758","imitativ",0,0,0,0,0,0,0,0,0,0,0,0,0,0,0,0
"759","immodera",0,0,0,0,0,0,0,0,0,0,0,0,0,0,0,0
"760","immodest",0,0,0,0,0,0,0,0,0,0,0,0,0,0,0,0
"761","immovabl",0,0,0,0,0,0,0,0,0,0,0,0,0,0,0,0
"762","impartia",0,0,0,0,0,0,0,0,0,0,0,0,0,0,0,0
"763","impassiv",0,0,0,0,0,0,0,0,0,0,0,0,0,0,0,0
"764","impatien",0,0,0,0,0,0,0,0,0,0,0,0,0,0,0,0
"765","impercep",0,0,0,0,0,0,0,0,0,0,0,0,0,0,0,0
"766","imperson",0,0,0,0,0,0,0,0,0,0,0,0,0,0,0,0
"767","impertin",0,0,0,0,0,0,0,0,0,0,0,0,0,0,0,0
"768","impertur",0,0,0,0,0,0,0,0,0,0,0,0,0,0,0,0
"769","impetuou",0,0,0,0,0,0,0,0,0,0,0,0,0,0,0,0
"770","impracti",0,0,0,0,0,0,0,0,0,0,0,0,0,0,0,0
"771","imprecis",0,0,0,0,0,0,0,0,0,0,0,0,0,0,0,0
"772","impresnb",0,0,0,0,0,0,0,0,0,0,0,0,0,0,0,0
"773","impressb",0,0,0,0,0,0,0,0,0,0,0,0,0,0,0,0
"774","impruden",0,0,0,0,0,0,0,0,0,0,0,0,0,0,0,0
"775","impulsiv",0,0,0,0,0,0,0,0,0,0,0,0,0,0,0,0
"776","inaccura",0,0,0,0,0,0,0,0,0,0,0,0,0,0,0,0
"777","inaggres",0,0,0,0,0,0,0,0,0,0,0,0,0,0,0,0
"778","inarticu",0,0,0,0,0,0,0,0,0,0,0,0,0,0,0,0
"779","incautio",0,0,0,0,0,0,0,0,0,0,0,0,0,0,0,0
"780","incoerci",0,0,0,0,0,0,0,0,0,0,0,0,0,0,0,0
"781","incompli",0,0,0,0,0,0,0,0,0,0,0,0,0,0,0,0
"782","inconfid",0,0,0,0,0,0,0,0,0,0,0,0,0,0,0,0
"783","inconfin",0,0,0,0,0,0,0,0,0,0,0,0,0,0,0,0
"784","incongen",0,0,0,0,0,0,0,0,0,0,0,0,0,0,0,0
"785","inconsid",0,0,0,0,0,0,0,0,0,0,0,0,0,0,0,0
"786","inconsis",0,0,0,0,0,0,0,0,0,0,0,0,0,0,0,0
"787","inconsta",0,0,0,0,0,0,0,0,0,0,0,0,0,0,0,0
"788","incontro",0,0,0,0,0,0,0,0,0,0,0,0,0,0,0,0
"789","inconvin",0,0,0,0,0,0,0,0,0,0,0,0,0,0,0,0
"790","incorrtb",0,0,0,0,0,0,0,0,0,0,0,0,0,0,0,0
"791","incorrup",0,0,0,0,0,0,0,0,0,0,0,0,0,0,0,0
"792","incuriou",0,0,0,0,0,0,0,0,0,0,0,0,0,0,0,0
"793","indecisi",0,0,0,0,0,0,0,0,0,0,0,0,0,0,0,0
"794","indefati",0,0,0,0,0,0,0,0,0,0,0,0,0,0,0,0
"795","indefini",0,0,0,0,0,0,0,0,0,0,0,0,0,0,0,0
"796","indelibe",0,0,0,0,0,0,0,0,0,0,0,0,0,0,0,0
"797","indelica",0,0,0,0,0,0,0,0,0,0,0,0,0,0,0,0
"798","independ",0,0,0,0,0,0,0,0,0,0,0,0,0,0,0,0
"799","indestru",0,0,0,0,0,0,0,0,0,0,0,0,0,0,0,0
"800","indiffer",0,0,0,0,0,0,0,0,0,0,0,0,0,0,0,0
"801","indiscre",0,0,0,0,0,0,0,0,0,0,0,0,0,0,0,0
"802","indivert",0,0,0,0,0,0,0,0,0,0,0,0,0,0,0,0
"803","individu",0,0,0,0,0,0,0,0,0,0,0,0,0,0,0,0
"804","indocile",0,0,0,0,0,0,0,0,0,0,0,0,0,0,0,0
"805","indomita",0,0,0,0,0,0,0,0,0,0,0,0,0,0,0,0
"806","indulgen",0,0,0,0,0,0,0,0,0,0,0,0,0,0,0,0
"807","industri",0,0,0,0,0,0,0,0,0,0,0,0,0,0,0,0
"808","ineffici",0,0,0,0,0,0,0,0,0,0,0,0,0,0,0,0
"809","inelegan",0,0,0,0,0,0,0,0,0,0,0,0,0,0,0,0
"810","ineloque",0,0,0,0,0,0,0,0,0,0,0,0,0,0,0,0
"811","inexact",0,0,0,0,0,0,0,0,0,0,0,0,0,0,0,0
"812","inexcita",0,0,0,0,0,0,0,0,0,0,0,0,0,0,0,0
"813","inexhaus",0,0,0,0,0,0,0,0,0,0,0,0,0,0,0,0
"814","inexperi",0,0,0,0,0,0,0,0,0,0,0,0,0,0,0,0
"815","inexplic",0,0,0,0,0,0,0,0,0,0,0,0,0,0,0,0
"816","inexpres",0,0,0,0,0,0,0,0,0,0,0,0,0,0,0,0
"817","inflexib",0,0,0,0,0,0,0,0,0,0,0,0,0,0,0,0
"818","informat",0,0,0,0,0,0,0,0,0,0,0,0,0,0,0,0
"819","informed",0,0,0,0,0,0,0,0,0,0,0,0,0,0,0,0
"820","ingeniou",0,0,0,0,0,0,0,0,0,0,0,0,0,0,0,0
"821","ingenuou",0,0,0,0,0,0,0,0,0,0,0,0,0,0,0,0
"822","ingratia",0,0,0,0,0,0,0,0,0,0,0,0,0,0,0,0
"823","ingratry",0,0,0,0,0,0,0,0,0,0,0,0,0,0,0,0
"824","inharmon",0,0,0,0,0,0,0,0,0,0,0,0,0,0,0,0
"825","inhibite",0,0,0,0,0,0,0,0,0,0,0,0,0,0,0,0
"826","inhospit",0,0,0,0,0,0,0,0,0,0,0,0,0,0,0,0
"827","inhumane",0,0,0,0,0,0,0,0,0,0,0,0,0,0,0,0
"828","inirrita",0,0,0,0,0,0,0,0,0,0,0,0,0,0,0,0
"829","injudici",0,0,0,0,0,0,0,0,0,0,0,0,0,0,0,0
"830","innovati",0,0,0,0,0,0,0,0,0,0,0,0,0,0,0,0
"831","inquirin",0,0,0,0,0,0,0,0,0,0,0,0,0,0,0,0
"832","inquisit",0,0,0,0,0,0,0,0,0,0,0,0,0,0,0,0
"833","inquisto",0,0,0,0,0,0,0,0,0,0,0,0,0,0,0,0
"834","insensit",0,0,0,0,0,0,0,0,0,0,0,0,0,0,0,0
"835","insensuo",0,0,0,0,0,0,0,0,0,0,0,0,0,0,0,0
"836","insightf",0,0,0,0,0,0,0,0,0,0,0,0,0,0,0,0
"837","insincer",0,0,0,0,0,0,0,0,0,0,0,0,0,0,0,0
"838","instruct",0,0,0,0,0,0,0,0,0,0,0,0,0,0,0,0
"839","insubord",0,0,0,0,0,0,0,0,0,0,0,0,0,0,0,0
"840","insuppre",0,0,0,0,0,0,0,0,0,0,0,0,0,0,0,0
"841","intellec",0,0,0,0,0,0,0,0,0,0,0,0,0,0,0,0
"842","intellig",0,0,0,0,0,0,0,0,0,0,0,0,0,0,0,0
"843","intemper",0,0,0,0,0,0,0,0,0,0,0,0,0,0,0,0
"844","intolera",0,0,0,0,0,0,0,0,0,0,0,0,0,0,0,0
"845","intricat",0,0,0,0,0,0,0,0,0,0,0,0,0,0,0,0
"846","introspe",0,0,0,0,0,0,0,0,0,0,0,0,0,0,0,0
"847","introver",0,0,0,0,0,0,0,0,0,0,0,0,0,0,0,0
"848","intrusiv",0,0,0,0,0,0,0,0,0,0,0,0,0,0,0,0
"849","intuitiv",0,0,0,0,0,0,0,0,0,0,0,0,0,0,0,0
"850","invariab",0,0,0,0,0,0,0,0,0,0,0,0,0,0,0,0
"851","inventiv",0,0,0,0,0,0,0,0,0,0,0,0,0,0,0,0
"852","invincib",0,0,0,0,0,0,0,0,0,0,0,0,0,0,0,0
"853","ironhear",0,0,0,0,0,0,0,0,0,0,0,0,0,0,0,0
"854","irration",0,0,0,0,0,0,0,0,0,0,0,0,0,0,0,0
"855","irreform",0,0,0,0,0,0,0,0,0,0,0,0,0,0,0,0
"856","irreligi",0,0,0,0,0,0,0,0,0,0,0,0,0,0,0,0
"857","irrepres",0,0,0,0,0,0,0,0,0,0,0,0,0,0,0,0
"858","irresolu",0,0,0,0,0,0,0,0,0,0,0,0,0,0,0,0
"859","irrespon",0,0,0,0,0,0,0,0,0,0,0,0,0,0,0,0
"860","irrestra",0,0,0,0,0,0,0,0,0,0,0,0,0,0,0,0
"861","irrevere",0,0,0,0,0,0,0,0,0,0,0,0,0,0,0,0
"862","irritabl",0,0,0,0,0,0,0,0,0,0,0,0,0,0,0,0
"863","judiciou",0,0,0,0,0,0,0,0,0,0,0,0,0,0,0,0
"864","kindhear",0,0,0,0,0,0,0,0,0,0,0,0,0,0,0,0
"865","kindly",0,0,0,0,0,0,0,0,0,0,0,0,0,0,0,0
"866","knowital",0,0,0,0,0,0,0,0,0,0,0,0,0,0,0,0
"867","knowledg",0,0,0,0,0,0,0,0,0,0,0,0,0,0,0,0
"868","lackadai",0,0,0,0,0,0,0,0,0,0,0,0,0,0,0,0
"869","lamblike",0,0,0,0,0,0,0,0,0,0,0,0,0,0,0,0
"870","larcenou",0,0,0,0,0,0,0,0,0,0,0,0,0,0,0,0
"871","laughtls",0,0,0,0,0,0,0,0,0,0,0,0,0,0,0,0
"872","lawabidi",0,0,0,0,0,0,0,0,0,0,0,0,0,0,0,0
"873","leadable",0,0,0,0,0,0,0,0,0,0,0,0,0,0,0,0
"874","learned",0,0,0,0,0,0,0,0,0,0,0,0,0,0,0,0
"875","lecherou",0,0,0,0,0,0,0,0,0,0,0,0,0,0,0,0
"876","legalist",0,0,0,0,0,0,0,0,0,0,0,0,0,0,0,0
"877","leisurel",0,0,0,0,0,0,0,0,0,0,0,0,0,0,0,0
"878","leisurls",0,0,0,0,0,0,0,0,0,0,0,0,0,0,0,0
"879","lethargi",0,0,0,0,0,0,0,0,0,0,0,0,0,0,0,0
"880","levelhea",0,0,0,0,0,0,0,0,0,0,0,0,0,0,0,0
"881","lewd",0,0,0,0,0,0,0,0,0,0,0,0,0,0,0,0
"882","lifewear",0,0,0,0,0,0,0,0,0,0,0,0,0,0,0,0
"883","lighthea",0,0,0,0,0,0,0,0,0,0,0,0,0,0,0,0
"884","lionhear",0,0,0,0,0,0,0,0,0,0,0,0,0,0,0,0
"885","literate",0,0,0,0,0,0,0,0,0,0,0,0,0,0,0,0
"886","longsuff",0,0,0,0,0,0,0,0,0,0,0,0,0,0,0,0
"887","longwind",0,0,0,0,0,0,0,0,0,0,0,0,0,0,0,0
"888","looseton",0,0,0,0,0,0,0,0,0,0,0,0,0,0,0,0
"889","loudmout",0,0,0,0,0,0,0,0,0,0,0,0,0,0,0,0
"890","lustful",0,0,0,0,0,0,0,0,0,0,0,0,0,0,0,0
"891","lustless",0,0,0,0,0,0,0,0,0,0,0,0,0,0,0,0
"892","magister",0,0,0,0,0,0,0,0,0,0,0,0,0,0,0,0
"893","magnamin",0,0,0,0,0,0,0,0,0,0,0,0,0,0,0,0
"894","malevole",0,0,0,0,0,0,0,0,0,0,0,0,0,0,0,0
"895","maliciou",0,0,0,0,0,0,0,0,0,0,0,0,0,0,0,0
"896","malleabl",0,0,0,0,0,0,0,0,0,0,0,0,0,0,0,0
"897","manipula",0,0,0,0,0,0,0,0,0,0,0,0,0,0,0,0
"898","manipulb",0,0,0,0,0,0,0,0,0,0,0,0,0,0,0,0
"899","mannerls",0,0,0,0,0,0,0,0,0,0,0,0,0,0,0,0
"900","mannerly",0,0,0,0,0,0,0,0,0,0,0,0,0,0,0,0
"901","manyside",0,0,0,0,0,0,0,0,0,0,0,0,0,0,0,0
"902","masculin",0,0,0,0,0,0,0,0,0,0,0,0,0,0,0,0
"903","masochis",0,0,0,0,0,0,0,0,0,0,0,0,0,0,0,0
"904","material",0,0,0,0,0,0,0,0,0,0,0,0,0,0,0,0
"905","matterof",0,0,0,0,0,0,0,0,0,0,0,0,0,0,0,0
"906","mechanis",0,0,0,0,0,0,0,0,0,0,0,0,0,0,0,0
"907","meddleso",0,0,0,0,0,0,0,0,0,0,0,0,0,0,0,0
"908","meditati",0,0,0,0,0,0,0,0,0,0,0,0,0,0,0,0
"909","melancho",0,0,0,0,0,0,0,0,0,0,0,0,0,0,0,0
"910","melodram",0,0,0,0,0,0,0,0,0,0,0,0,0,0,0,0
"911","mercenar",0,0,0,0,0,0,0,0,0,0,0,0,0,0,0,0
"912","merciles",0,0,0,0,0,0,0,0,0,0,0,0,0,0,0,0
"913","messy",0,0,0,0,0,0,0,0,0,0,0,0,0,0,0,0
"914","methodic",0,0,0,0,0,0,0,0,0,0,0,0,0,0,0,0
"915","meticulo",0,0,0,0,0,0,0,0,0,0,0,0,0,0,0,0
"916","mildhear",0,0,0,0,0,0,0,0,0,0,0,0,0,0,0,0
"917","militant",0,0,0,0,0,0,0,0,0,0,0,0,0,0,0,0
"918","ministra",0,0,0,0,0,0,0,0,0,0,0,0,0,0,0,0
"919","mirthles",0,0,0,0,0,0,0,0,0,0,0,0,0,0,0,0
"920","mischiev",0,0,0,0,0,0,0,0,0,0,0,0,0,0,0,0
"921","misleada",0,0,0,0,0,0,0,0,0,0,0,0,0,0,0,0
"922","mistrust",0,0,0,0,0,0,0,0,0,0,0,0,0,0,0,0
"923","moldable",0,0,0,0,0,0,0,0,0,0,0,0,0,0,0,0
"924","monosyll",0,0,0,0,0,0,0,0,0,0,0,0,0,0,0,0
"925","moralist",0,0,0,0,0,0,0,0,0,0,0,0,0,0,0,0
"926","moralizi",0,0,0,0,0,0,0,0,0,0,0,0,0,0,0,0
"927","mousy",0,0,0,0,0,0,0,0,0,0,0,0,0,0,0,0
"928","muddlehe",0,0,0,0,0,0,0,0,0,0,0,0,0,0,0,0
"929","mulish",0,0,0,0,0,0,0,0,0,0,0,0,0,0,0,0
"930","murderou",0,0,0,0,0,0,0,0,0,0,0,0,0,0,0,0
"931","mushy",0,0,0,0,0,0,0,0,0,0,0,0,0,0,0,0
"932","mussy",0,0,0,0,0,0,0,0,0,0,0,0,0,0,0,0
"933","mystical",0,0,0,0,0,0,0,0,0,0,0,0,0,0,0,0
"934","nagging",0,0,0,0,0,0,0,0,0,0,0,0,0,0,0,0
"935","naive",0,0,0,0,0,0,0,0,0,0,0,0,0,0,0,0
"936","narrowmi",0,0,0,0,0,0,0,0,0,0,0,0,0,0,0,0
"937","negativi",0,0,0,0,0,0,0,0,0,0,0,0,0,0,0,0
"938","neglectf",0,0,0,0,0,0,0,0,0,0,0,0,0,0,0,0
"939","negligen",0,0,0,0,0,0,0,0,0,0,0,0,0,0,0,0
"940","neighbor",0,0,0,0,0,0,0,0,0,0,0,0,0,0,0,0
"941","nervy",0,0,0,0,0,0,0,0,0,0,0,0,0,0,0,0
"942","niggardl",0,0,0,0,0,0,0,0,0,0,0,0,0,0,0,0
"943","nimblewi",0,0,0,0,0,0,0,0,0,0,0,0,0,0,0,0
"944","nonbelli",0,0,0,0,0,0,0,0,0,0,0,0,0,0,0,0
"945","nonchala",0,0,0,0,0,0,0,0,0,0,0,0,0,0,0,0
"946","noncoerc",0,0,0,0,0,0,0,0,0,0,0,0,0,0,0,0
"947","noncompl",0,0,0,0,0,0,0,0,0,0,0,0,0,0,0,0
"948","nonconfo",0,0,0,0,0,0,0,0,0,0,0,0,0,0,0,0
"949","nonegoti",0,0,0,0,0,0,0,0,0,0,0,0,0,0,0,0
"950","nonexplo",0,0,0,0,0,0,0,0,0,0,0,0,0,0,0,0
"951","nonhosti",0,0,0,0,0,0,0,0,0,0,0,0,0,0,0,0
"952","nonimita",0,0,0,0,0,0,0,0,0,0,0,0,0,0,0,0
"953","noninter",0,0,0,0,0,0,0,0,0,0,0,0,0,0,0,0
"954","nonirrit",0,0,0,0,0,0,0,0,0,0,0,0,0,0,0,0
"955","nonpersi",0,0,0,0,0,0,0,0,0,0,0,0,0,0,0,0
"956","nonratio",0,0,0,0,0,0,0,0,0,0,0,0,0,0,0,0
"957","nonrelig",0,0,0,0,0,0,0,0,0,0,0,0,0,0,0,0
"958","nonrigid",0,0,0,0,0,0,0,0,0,0,0,0,0,0,0,0
"959","nonspiri",0,0,0,0,0,0,0,0,0,0,0,0,0,0,0,0
"960","nonunder",0,0,0,0,0,0,0,0,0,0,0,0,0,0,0,0
"961","nonvaria",0,0,0,0,0,0,0,0,0,0,0,0,0,0,0,0
"962","nonvocal",0,0,0,0,0,0,0,0,0,0,0,0,0,0,0,0
"963","nonvolat",0,0,0,0,0,0,0,0,0,0,0,0,0,0,0,0
"964","nosey",0,0,0,0,0,0,0,0,0,0,0,0,0,0,0,0
"965","objectiv",0,0,0,0,0,0,0,0,0,0,0,0,0,0,0,0
"966","observan",0,0,0,0,0,0,0,0,0,0,0,0,0,0,0,0
"967","obsessiv",0,0,0,0,0,0,0,0,0,0,0,0,0,0,0,0
"968","obstinat",0,0,0,0,0,0,0,0,0,0,0,0,0,0,0,0
"969","obtrusiv",0,0,0,0,0,0,0,0,0,0,0,0,0,0,0,0
"970","oldfashi",0,0,0,0,0,0,0,0,0,0,0,0,0,0,0,0
"971","onesided",0,0,0,0,0,0,0,0,0,0,0,0,0,0,0,0
"972","openhear",0,0,0,0,0,0,0,0,0,0,0,0,0,0,0,0
"973","openmind",0,0,0,0,0,0,0,0,0,0,0,0,0,0,0,0
"974","opiniona",0,0,0,0,0,0,0,0,0,0,0,0,0,0,0,0
"975","opportun",0,0,0,0,0,0,0,0,0,0,0,0,0,0,0,0
"976","optimist",0,0,0,0,0,0,0,0,0,0,0,0,0,0,0,0
"977","organize",0,0,0,0,0,0,0,0,0,0,0,0,0,0,0,0
"978","ornery",0,0,0,0,0,0,0,0,0,0,0,0,0,0,0,0
"979","ostentat",0,0,0,0,0,0,0,0,0,0,0,0,0,0,0,0
"980","otherwor",0,0,0,0,0,0,0,0,0,0,0,0,0,0,0,0
"981","outgoing",0,0,0,0,0,0,0,0,0,0,0,0,0,0,0,0
"982","outspoke",0,0,0,0,0,0,0,0,0,0,0,0,0,0,0,0
"983","ovactive",0,0,0,0,0,0,0,0,0,0,0,0,0,0,0,0
"984","ovambiti",0,0,0,0,0,0,0,0,0,0,0,0,0,0,0,0
"985","ovbearin",0,0,0,0,0,0,0,0,0,0,0,0,0,0,0,0
"986","ovbitter",0,0,0,0,0,0,0,0,0,0,0,0,0,0,0,0
"987","ovbold",0,0,0,0,0,0,0,0,0,0,0,0,0,0,0,0
"988","ovbookis",0,0,0,0,0,0,0,0,0,0,0,0,0,0,0,0
"989","ovbrave",0,0,0,0,0,0,0,0,0,0,0,0,0,0,0,0
"990","ovbusy",0,0,0,0,0,0,0,0,0,0,0,0,0,0,0,0
"991","ovcarefu",0,0,0,0,0,0,0,0,0,0,0,0,0,0,0,0
"992","ovcaring",0,0,0,0,0,0,0,0,0,0,0,0,0,0,0,0
"993","ovcasual",0,0,0,0,0,0,0,0,0,0,0,0,0,0,0,0
"994","ovcautio",0,0,0,0,0,0,0,0,0,0,0,0,0,0,0,0
"995","ovcharit",0,0,0,0,0,0,0,0,0,0,0,0,0,0,0,0
"996","ovconfid",0,0,0,0,0,0,0,0,0,0,0,0,0,0,0,0
"997","ovconsci",0,0,0,0,0,0,0,0,0,0,0,0,0,0,0,0
"998","ovcredul",0,0,0,0,0,0,0,0,0,0,0,0,0,0,0,0
"999","ovcritic",0,0,0,0,0,0,0,0,0,0,0,0,0,0,0,0
"1000","ovcunnin",0,0,0,0,0,0,0,0,0,0,0,0,0,0,0,0
"1001","ovcuriou",0,0,0,0,0,0,0,0,0,0,0,0,0,0,0,0
"1002","ovdaring",0,0,0,0,0,0,0,0,0,0,0,0,0,0,0,0
"1003","ovdilige",0,0,0,0,0,0,0,0,0,0,0,0,0,0,0,0
"1004","ovearnes",0,0,0,0,0,0,0,0,0,0,0,0,0,0,0,0
"1005","ovelegan",0,0,0,0,0,0,0,0,0,0,0,0,0,0,0,0
"1006","ovemotio",0,0,0,0,0,0,0,0,0,0,0,0,0,0,0,0
"1007","ovemphat",0,0,0,0,0,0,0,0,0,0,0,0,0,0,0,0
"1008","ovexcita",0,0,0,0,0,0,0,0,0,0,0,0,0,0,0,0
"1009","ovfastid",0,0,0,0,0,0,0,0,0,0,0,0,0,0,0,0
"1010","ovfearfu",0,0,0,0,0,0,0,0,0,0,0,0,0,0,0,0
"1011","ovfierce",0,0,0,0,0,0,0,0,0,0,0,0,0,0,0,0
"1012","ovforwar",0,0,0,0,0,0,0,0,0,0,0,0,0,0,0,0
"1013","ovgreedy",0,0,0,0,0,0,0,0,0,0,0,0,0,0,0,0
"1014","ovharsh",0,0,0,0,0,0,0,0,0,0,0,0,0,0,0,0
"1015","ovhasty",0,0,0,0,0,0,0,0,0,0,0,0,0,0,0,0
"1016","ovimagin",0,0,0,0,0,0,0,0,0,0,0,0,0,0,0,0
"1017","ovindulg",0,0,0,0,0,0,0,0,0,0,0,0,0,0,0,0
"1018","ovintens",0,0,0,0,0,0,0,0,0,0,0,0,0,0,0,0
"1019","ovjealou",0,0,0,0,0,0,0,0,0,0,0,0,0,0,0,0
"1020","ovkind",0,0,0,0,0,0,0,0,0,0,0,0,0,0,0,0
"1021","ovlogica",0,0,0,0,0,0,0,0,0,0,0,0,0,0,0,0
"1022","ovloud",0,0,0,0,0,0,0,0,0,0,0,0,0,0,0,0
"1023","ovlusty",0,0,0,0,0,0,0,0,0,0,0,0,0,0,0,0
"1024","ovmerry",0,0,0,0,0,0,0,0,0,0,0,0,0,0,0,0
"1025","ovmodest",0,0,0,0,0,0,0,0,0,0,0,0,0,0,0,0
"1026","ovneat",0,0,0,0,0,0,0,0,0,0,0,0,0,0,0,0
"1027","ovnervou",0,0,0,0,0,0,0,0,0,0,0,0,0,0,0,0
"1028","ovpartia",0,0,0,0,0,0,0,0,0,0,0,0,0,0,0,0
"1029","ovpartic",0,0,0,0,0,0,0,0,0,0,0,0,0,0,0,0
"1030","ovpassio",0,0,0,0,0,0,0,0,0,0,0,0,0,0,0,0
"1031","ovpatien",0,0,0,0,0,0,0,0,0,0,0,0,0,0,0,0
"1032","ovprompt",0,0,0,0,0,0,0,0,0,0,0,0,0,0,0,0
"1033","ovproud",0,0,0,0,0,0,0,0,0,0,0,0,0,0,0,0
"1034","ovquiet",0,0,0,0,0,0,0,0,0,0,0,0,0,0,0,0
"1035","ovrash",0,0,0,0,0,0,0,0,0,0,0,0,0,0,0,0
"1036","ovrefine",0,0,0,0,0,0,0,0,0,0,0,0,0,0,0,0
"1037","ovrelaxe",0,0,0,0,0,0,0,0,0,0,0,0,0,0,0,0
"1038","ovrighte",0,0,0,0,0,0,0,0,0,0,0,0,0,0,0,0
"1039","ovrigid",0,0,0,0,0,0,0,0,0,0,0,0,0,0,0,0
"1040","ovrigoro",0,0,0,0,0,0,0,0,0,0,0,0,0,0,0,0
"1041","ovscrupu",0,0,0,0,0,0,0,0,0,0,0,0,0,0,0,0
"1042","ovsensit",0,0,0,0,0,0,0,0,0,0,0,0,0,0,0,0
"1043","ovseriou",0,0,0,0,0,0,0,0,0,0,0,0,0,0,0,0
"1044","ovsevere",0,0,0,0,0,0,0,0,0,0,0,0,0,0,0,0
"1045","ovslow",0,0,0,0,0,0,0,0,0,0,0,0,0,0,0,0
"1046","ovsolici",0,0,0,0,0,0,0,0,0,0,0,0,0,0,0,0
"1047","ovspeedy",0,0,0,0,0,0,0,0,0,0,0,0,0,0,0,0
"1048","ovstrict",0,0,0,0,0,0,0,0,0,0,0,0,0,0,0,0
"1049","ovstudio",0,0,0,0,0,0,0,0,0,0,0,0,0,0,0,0
"1050","ovsubtle",0,0,0,0,0,0,0,0,0,0,0,0,0,0,0,0
"1051","ovsuspic",0,0,0,0,0,0,0,0,0,0,0,0,0,0,0,0
"1052","ovtalkat",0,0,0,0,0,0,0,0,0,0,0,0,0,0,0,0
"1053","ovthough",0,0,0,0,0,0,0,0,0,0,0,0,0,0,0,0
"1054","ovtraine",0,0,0,0,0,0,0,0,0,0,0,0,0,0,0,0
"1055","ovtrusti",0,0,0,0,0,0,0,0,0,0,0,0,0,0,0,0
"1056","ovvalian",0,0,0,0,0,0,0,0,0,0,0,0,0,0,0,0
"1057","ovviolen",0,0,0,0,0,0,0,0,0,0,0,0,0,0,0,0
"1058","ovwary",0,0,0,0,0,0,0,0,0,0,0,0,0,0,0,0
"1059","ovwomanl",0,0,0,0,0,0,0,0,0,0,0,0,0,0,0,0
"1060","ovzealou",0,0,0,0,0,0,0,0,0,0,0,0,0,0,0,0
"1061","pacifist",0,0,0,0,0,0,0,0,0,0,0,0,0,0,0,0
"1062","painstak",0,0,0,0,0,0,0,0,0,0,0,0,0,0,0,0
"1063","particip",0,0,0,0,0,0,0,0,0,0,0,0,0,0,0,0
"1064","particul",0,0,0,0,0,0,0,0,0,0,0,0,0,0,0,0
"1065","passiona",0,0,0,0,0,0,0,0,0,0,0,0,0,0,0,0
"1066","passionl",0,0,0,0,0,0,0,0,0,0,0,0,0,0,0,0
"1067","patroniz",0,0,0,0,0,0,0,0,0,0,0,0,0,0,0,0
"1068","peacemak",0,0,0,0,0,0,0,0,0,0,0,0,0,0,0,0
"1069","penetrat",0,0,0,0,0,0,0,0,0,0,0,0,0,0,0,0
"1070","peppy",0,0,0,0,0,0,0,0,0,0,0,0,0,0,0,0
"1071","percepti",0,0,0,0,0,0,0,0,0,0,0,0,0,0,0,0
"1072","perfecti",0,0,0,0,0,0,0,0,0,0,0,0,0,0,0,0
"1073","perky",0,0,0,0,0,0,0,0,0,0,0,0,0,0,0,0
"1074","persecut",0,0,0,0,0,0,0,0,0,0,0,0,0,0,0,0
"1075","persever",0,0,0,0,0,0,0,0,0,0,0,0,0,0,0,0
"1076","persiste",0,0,0,0,0,0,0,0,0,0,0,0,0,0,0,0
"1077","perspecl",0,0,0,0,0,0,0,0,0,0,0,0,0,0,0,0
"1078","persuada",0,0,0,0,0,0,0,0,0,0,0,0,0,0,0,0
"1079","persuasi",0,0,0,0,0,0,0,0,0,0,0,0,0,0,0,0
"1080","perturba",0,0,0,0,0,0,0,0,0,0,0,0,0,0,0,0
"1081","pessimis",0,0,0,0,0,0,0,0,0,0,0,0,0,0,0,0
"1082","philanth",0,0,0,0,0,0,0,0,0,0,0,0,0,0,0,0
"1083","philosop",0,0,0,0,0,0,0,0,0,0,0,0,0,0,0,0
"1084","philospz",0,0,0,0,0,0,0,0,0,0,0,0,0,0,0,0
"1085","picky",0,0,0,0,0,0,0,0,0,0,0,0,0,0,0,0
"1086","pigheade",0,0,0,0,0,0,0,0,0,0,0,0,0,0,0,0
"1087","plaindea",0,0,0,0,0,0,0,0,0,0,0,0,0,0,0,0
"1088","plainspo",0,0,0,0,0,0,0,0,0,0,0,0,0,0,0,0
"1089","planful",0,0,0,0,0,0,0,0,0,0,0,0,0,0,0,0
"1090","planless",0,0,0,0,0,0,0,0,0,0,0,0,0,0,0,0
"1091","pleasure",0,0,0,0,0,0,0,0,0,0,0,0,0,0,0,0
"1092","plucky",0,0,0,0,0,0,0,0,0,0,0,0,0,0,0,0
"1093","poised",0,0,0,0,0,0,0,0,0,0,0,0,0,0,0,0
"1094","politica",0,0,0,0,0,0,0,0,0,0,0,0,0,0,0,0
"1095","posed",0,0,0,0,0,0,0,0,0,0,0,0,0,0,0,0
"1096","possessi",0,0,0,0,0,0,0,0,0,0,0,0,0,0,0,0
"1097","pouty",0,0,0,0,0,0,0,0,0,0,0,0,0,0,0,0
"1098","practica",0,0,0,0,0,0,0,0,0,0,0,0,0,0,0,0
"1099","prankish",0,0,0,0,0,0,0,0,0,0,0,0,0,0,0,0
"1100","prayerfu",0,0,0,0,0,0,0,0,0,0,0,0,0,0,0,0
"1101","preachy",0,0,0,0,0,0,0,0,0,0,0,0,0,0,0,0
"1102","preconde",0,0,0,0,0,0,0,0,0,0,0,0,0,0,0,0
"1103","predator",0,0,0,0,0,0,0,0,0,0,0,0,0,0,0,0
"1104","predicta",0,0,0,0,0,0,0,0,0,0,0,0,0,0,0,0
"1105","prejudic",0,0,0,0,0,0,0,0,0,0,0,0,0,0,0,0
"1106","prejudls",0,0,0,0,0,0,0,0,0,0,0,0,0,0,0,0
"1107","premedit",0,0,0,0,0,0,0,0,0,0,0,0,0,0,0,0
"1108","presumpt",0,0,0,0,0,0,0,0,0,0,0,0,0,0,0,0
"1109","pretensf",0,0,0,0,0,0,0,0,0,0,0,0,0,0,0,0
"1110","pretensl",0,0,0,0,0,0,0,0,0,0,0,0,0,0,0,0
"1111","pretenti",0,0,0,0,0,0,0,0,0,0,0,0,0,0,0,0
"1112","prideles",0,0,0,0,0,0,0,0,0,0,0,0,0,0,0,0
"1113","principl",0,0,0,0,0,0,0,0,0,0,0,0,0,0,0,0
"1114","producti",0,0,0,0,0,0,0,0,0,0,0,0,0,0,0,0
"1115","progress",0,0,0,0,0,0,0,0,0,0,0,0,0,0,0,0
"1116","propheti",0,0,0,0,0,0,0,0,0,0,0,0,0,0,0,0
"1117","protecti",0,0,0,0,0,0,0,0,0,0,0,0,0,0,0,0
"1118","provinci",0,0,0,0,0,0,0,0,0,0,0,0,0,0,0,0
"1119","provocab",0,0,0,0,0,0,0,0,0,0,0,0,0,0,0,0
"1120","prudish",0,0,0,0,0,0,0,0,0,0,0,0,0,0,0,0
"1121","puritani",0,0,0,0,0,0,0,0,0,0,0,0,0,0,0,0
"1122","purposef",0,0,0,0,0,0,0,0,0,0,0,0,0,0,0,0
"1123","purposel",0,0,0,0,0,0,0,0,0,0,0,0,0,0,0,0
"1124","purposiv",0,0,0,0,0,0,0,0,0,0,0,0,0,0,0,0
"1125","quarrels",0,0,0,0,0,0,0,0,0,0,0,0,0,0,0,0
"1126","question",0,0,0,0,0,0,0,0,0,0,0,0,0,0,0,0
"1127","quicktem",0,0,0,0,0,0,0,0,0,0,0,0,0,0,0,0
"1128","quickwit",0,0,0,0,0,0,0,0,0,0,0,0,0,0,0,0
"1129","quietspo",0,0,0,0,0,0,0,0,0,0,0,0,0,0,0,0
"1130","rambunct",0,0,0,0,0,0,0,0,0,0,0,0,0,0,0,0
"1131","realisti",0,0,0,0,0,0,0,0,0,0,0,0,0,0,0,0
"1132","reasonab",0,0,0,0,0,0,0,0,0,0,0,0,0,0,0,0
"1133","rebellio",0,0,0,0,0,0,0,0,0,0,0,0,0,0,0,0
"1134","reclusiv",0,0,0,0,0,0,0,0,0,0,0,0,0,0,0,0
"1135","reflecti",0,0,0,0,0,0,0,0,0,0,0,0,0,0,0,0
"1136","reformat",0,0,0,0,0,0,0,0,0,0,0,0,0,0,0,0
"1137","relaxed",0,0,0,0,0,0,0,0,0,0,0,0,0,0,0,0
"1138","relentle",0,0,0,0,0,0,0,0,0,0,0,0,0,0,0,0
"1139","religiou",0,0,0,0,0,0,0,0,0,0,0,0,0,0,0,0
"1140","remorsel",0,0,0,0,0,0,0,0,0,0,0,0,0,0,0,0
"1141","reproach",0,0,0,0,0,0,0,0,0,0,0,0,0,0,0,0
"1142","resentfu",0,0,0,0,0,0,0,0,0,0,0,0,0,0,0,0
"1143","resilien",0,0,0,0,0,0,0,0,0,0,0,0,0,0,0,0
"1144","resource",0,0,0,0,0,0,0,0,0,0,0,0,0,0,0,0
"1145","respectf",0,0,0,0,0,0,0,0,0,0,0,0,0,0,0,0
"1146","responsi",0,0,0,0,0,0,0,0,0,0,0,0,0,0,0,0
"1147","responsv",0,0,0,0,0,0,0,0,0,0,0,0,0,0,0,0
"1148","restraib",0,0,0,0,0,0,0,0,0,0,0,0,0,0,0,0
"1149","restrain",0,0,0,0,0,0,0,0,0,0,0,0,0,0,0,0
"1150","retaliat",0,0,0,0,0,0,0,0,0,0,0,0,0,0,0,0
"1151","retiring",0,0,0,0,0,0,0,0,0,0,0,0,0,0,0,0
"1152","retortiv",0,0,0,0,0,0,0,0,0,0,0,0,0,0,0,0
"1153","revengef",0,0,0,0,0,0,0,0,0,0,0,0,0,0,0,0
"1154","reverent",0,0,0,0,0,0,0,0,0,0,0,0,0,0,0,0
"1155","risque",0,0,0,0,0,0,0,0,0,0,0,0,0,0,0,0
"1156","ritualis",0,0,0,0,0,0,0,0,0,0,0,0,0,0,0,0
"1157","rivalrou",0,0,0,0,0,0,0,0,0,0,0,0,0,0,0,0
"1158","rollicki",0,0,0,0,0,0,0,0,0,0,0,0,0,0,0,0
"1159","rootless",0,0,0,0,0,0,0,0,0,0,0,0,0,0,0,0
"1160","rowdy",0,0,0,0,0,0,0,0,0,0,0,0,0,0,0,0
"1161","sacchari",0,0,0,0,0,0,0,0,0,0,0,0,0,0,0,0
"1162","sadistic",0,0,0,0,0,0,0,0,0,0,0,0,0,0,0,0
"1163","sarcasti",0,0,0,0,0,0,0,0,0,0,0,0,0,0,0,0
"1164","sassy",0,0,0,0,0,0,0,0,0,0,0,0,0,0,0,0
"1165","satiric",0,0,0,0,0,0,0,0,0,0,0,0,0,0,0,0
"1166","scampish",0,0,0,0,0,0,0,0,0,0,0,0,0,0,0,0
"1167","scandalm",0,0,0,0,0,0,0,0,0,0,0,0,0,0,0,0
"1168","scatterb",0,0,0,0,0,0,0,0,0,0,0,0,0,0,0,0
"1169","scholarl",0,0,0,0,0,0,0,0,0,0,0,0,0,0,0,0
"1170","scrappy",0,0,0,0,0,0,0,0,0,0,0,0,0,0,0,0
"1171","scrupulo",0,0,0,0,0,0,0,0,0,0,0,0,0,0,0,0
"1172","seclusiv",0,0,0,0,0,0,0,0,0,0,0,0,0,0,0,0
"1173","secretiv",0,0,0,0,0,0,0,0,0,0,0,0,0,0,0,0
"1174","selfless",0,0,0,0,0,0,0,0,0,0,0,0,0,0,0,0
"1175","sensitiv",0,0,0,0,0,0,0,0,0,0,0,0,0,0,0,0
"1176","sensuous",0,0,0,0,0,0,0,0,0,0,0,0,0,0,0,0
"1177","sentimen",0,0,0,0,0,0,0,0,0,0,0,0,0,0,0,0
"1178","seriousm",0,0,0,0,0,0,0,0,0,0,0,0,0,0,0,0
"1179","sexy",0,0,0,0,0,0,0,0,0,0,0,0,0,0,0,0
"1180","sharpton",0,0,0,0,0,0,0,0,0,0,0,0,0,0,0,0
"1181","sharpwit",0,0,0,0,0,0,0,0,0,0,0,0,0,0,0,0
"1182","shiftles",0,0,0,0,0,0,0,0,0,0,0,0,0,0,0,0
"1183","shortsig",0,0,0,0,0,0,0,0,0,0,0,0,0,0,0,0
"1184","shortspo",0,0,0,0,0,0,0,0,0,0,0,0,0,0,0,0
"1185","shorttem",0,0,0,0,0,0,0,0,0,0,0,0,0,0,0,0
"1186","shrinkin",0,0,0,0,0,0,0,0,0,0,0,0,0,0,0,0
"1187","singlemi",0,0,0,0,0,0,0,0,0,0,0,0,0,0,0,0
"1188","skeptica",0,0,0,0,0,0,0,0,0,0,0,0,0,0,0,0
"1189","slandero",0,0,0,0,0,0,0,0,0,0,0,0,0,0,0,0
"1190","slfasser",0,0,0,0,0,0,0,0,0,0,0,0,0,0,0,0
"1191","slfassur",0,0,0,0,0,0,0,0,0,0,0,0,0,0,0,0
"1192","slfcente",0,0,0,0,0,0,0,0,0,0,0,0,0,0,0,0
"1193","slfconfi",0,0,0,0,0,0,0,0,0,0,0,0,0,0,0,0
"1194","slfconsc",0,0,0,0,0,0,0,0,0,0,0,0,0,0,0,0
"1195","slfconsi",0,0,0,0,0,0,0,0,0,0,0,0,0,0,0,0
"1196","slfcontr",0,0,0,0,0,0,0,0,0,0,0,0,0,0,0,0
"1197","slfcriti",0,0,0,0,0,0,0,0,0,0,0,0,0,0,0,0
"1198","slfdecei",0,0,0,0,0,0,0,0,0,0,0,0,0,0,0,0
"1199","slfdefea",0,0,0,0,0,0,0,0,0,0,0,0,0,0,0,0
"1200","slfdefen",0,0,0,0,0,0,0,0,0,0,0,0,0,0,0,0
"1201","slfdelud",0,0,0,0,0,0,0,0,0,0,0,0,0,0,0,0
"1202","slfdenyi",0,0,0,0,0,0,0,0,0,0,0,0,0,0,0,0
"1203","slfdepre",0,0,0,0,0,0,0,0,0,0,0,0,0,0,0,0
"1204","slfdestr",0,0,0,0,0,0,0,0,0,0,0,0,0,0,0,0
"1205","slfdisci",0,0,0,0,0,0,0,0,0,0,0,0,0,0,0,0
"1206","slfdispa",0,0,0,0,0,0,0,0,0,0,0,0,0,0,0,0
"1207","slfdoubt",0,0,0,0,0,0,0,0,0,0,0,0,0,0,0,0
"1208","slfeffac",0,0,0,0,0,0,0,0,0,0,0,0,0,0,0,0
"1209","slfexami",0,0,0,0,0,0,0,0,0,0,0,0,0,0,0,0
"1210","slfexcus",0,0,0,0,0,0,0,0,0,0,0,0,0,0,0,0
"1211","slfexpre",0,0,0,0,0,0,0,0,0,0,0,0,0,0,0,0
"1212","slfimpor",0,0,0,0,0,0,0,0,0,0,0,0,0,0,0,0
"1213","slfindul",0,0,0,0,0,0,0,0,0,0,0,0,0,0,0,0
"1214","slfpityi",0,0,0,0,0,0,0,0,0,0,0,0,0,0,0,0
"1215","slfposse",0,0,0,0,0,0,0,0,0,0,0,0,0,0,0,0
"1216","slfpunis",0,0,0,0,0,0,0,0,0,0,0,0,0,0,0,0
"1217","slfrelia",0,0,0,0,0,0,0,0,0,0,0,0,0,0,0,0
"1218","slfrepro",0,0,0,0,0,0,0,0,0,0,0,0,0,0,0,0
"1219","slfrespe",0,0,0,0,0,0,0,0,0,0,0,0,0,0,0,0
"1220","slfrestr",0,0,0,0,0,0,0,0,0,0,0,0,0,0,0,0
"1221","slfrevea",0,0,0,0,0,0,0,0,0,0,0,0,0,0,0,0
"1222","slfright",0,0,0,0,0,0,0,0,0,0,0,0,0,0,0,0
"1223","slfsacri",0,0,0,0,0,0,0,0,0,0,0,0,0,0,0,0
"1224","slfsatis",0,0,0,0,0,0,0,0,0,0,0,0,0,0,0,0
"1225","slfseeki",0,0,0,0,0,0,0,0,0,0,0,0,0,0,0,0
"1226","slfsuffi",0,0,0,0,0,0,0,0,0,0,0,0,0,0,0,0
"1227","slfwille",0,0,0,0,0,0,0,0,0,0,0,0,0,0,0,0
"1228","slothful",0,0,0,0,0,0,0,0,0,0,0,0,0,0,0,0
"1229","slow",0,0,0,0,0,0,0,0,0,0,0,0,0,0,0,0
"1230","slowwitt",0,0,0,0,0,0,0,0,0,0,0,0,0,0,0,0
"1231","smoothsp",0,0,0,0,0,0,0,0,0,0,0,0,0,0,0,0
"1232","smug",0,0,0,0,0,0,0,0,0,0,0,0,0,0,0,0
"1233","sneaky",0,0,0,0,0,0,0,0,0,0,0,0,0,0,0,0
"1234","snobbish",0,0,0,0,0,0,0,0,0,0,0,0,0,0,0,0
"1235","snoopy",0,0,0,0,0,0,0,0,0,0,0,0,0,0,0,0
"1236","snooty",0,0,0,0,0,0,0,0,0,0,0,0,0,0,0,0
"1237","sobermin",0,0,0,0,0,0,0,0,0,0,0,0,0,0,0,0
"1238","softhear",0,0,0,0,0,0,0,0,0,0,0,0,0,0,0,0
"1239","softshel",0,0,0,0,0,0,0,0,0,0,0,0,0,0,0,0
"1240","softspok",0,0,0,0,0,0,0,0,0,0,0,0,0,0,0,0
"1241","solicito",0,0,0,0,0,0,0,0,0,0,0,0,0,0,0,0
"1242","somber",0,0,0,0,0,0,0,0,0,0,0,0,0,0,0,0
"1243","sophisti",0,0,0,0,0,0,0,0,0,0,0,0,0,0,0,0
"1244","sparklin",0,0,0,0,0,0,0,0,0,0,0,0,0,0,0,0
"1245","spineles",0,0,0,0,0,0,0,0,0,0,0,0,0,0,0,0
"1246","spiritle",0,0,0,0,0,0,0,0,0,0,0,0,0,0,0,0
"1247","spiritua",0,0,0,0,0,0,0,0,0,0,0,0,0,0,0,0
"1248","spontane",0,0,0,0,0,0,0,0,0,0,0,0,0,0,0,0
"1249","sportsma",0,0,0,0,0,0,0,0,0,0,0,0,0,0,0,0
"1250","sprightl",0,0,0,0,0,0,0,0,0,0,0,0,0,0,0,0
"1251","spry",0,0,0,0,0,0,0,0,0,0,0,0,0,0,0,0
"1252","spunky",0,0,0,0,0,0,0,0,0,0,0,0,0,0,0,0
"1253","squeamis",0,0,0,0,0,0,0,0,0,0,0,0,0,0,0,0
"1254","standoff",0,0,0,0,0,0,0,0,0,0,0,0,0,0,0,0
"1255","statesma",0,0,0,0,0,0,0,0,0,0,0,0,0,0,0,0
"1256","steadfas",0,0,0,0,0,0,0,0,0,0,0,0,0,0,0,0
"1257","stouthea",0,0,0,0,0,0,0,0,0,0,0,0,0,0,0,0
"1258","straight",0,0,0,0,0,0,0,0,0,0,0,0,0,0,0,0
"1259","straitla",0,0,0,0,0,0,0,0,0,0,0,0,0,0,0,0
"1260","stringen",0,0,0,0,0,0,0,0,0,0,0,0,0,0,0,0
"1261","strongmi",0,0,0,0,0,0,0,0,0,0,0,0,0,0,0,0
"1262","stuckup",0,0,0,0,0,0,0,0,0,0,0,0,0,0,0,0
"1263","stuffy",0,0,0,0,0,0,0,0,0,0,0,0,0,0,0,0
"1264","suave",0,0,0,0,0,0,0,0,0,0,0,0,0,0,0,0
"1265","subjecti",0,0,0,0,0,0,0,0,0,0,0,0,0,0,0,0
"1266","submissi",0,0,0,0,0,0,0,0,0,0,0,0,0,0,0,0
"1267","suggesti",0,0,0,0,0,0,0,0,0,0,0,0,0,0,0,0
"1268","superfic",0,0,0,0,0,0,0,0,0,0,0,0,0,0,0,0
"1269","supersen",0,0,0,0,0,0,0,0,0,0,0,0,0,0,0,0
"1270","supersti",0,0,0,0,0,0,0,0,0,0,0,0,0,0,0,0
"1271","suspicio",0,0,0,0,0,0,0,0,0,0,0,0,0,0,0,0
"1272","swellhea",0,0,0,0,0,0,0,0,0,0,0,0,0,0,0,0
"1273","sympathe",0,0,0,0,0,0,0,0,0,0,0,0,0,0,0,0
"1274","systemat",0,0,0,0,0,0,0,0,0,0,0,0,0,0,0,0
"1275","tactful",0,0,0,0,0,0,0,0,0,0,0,0,0,0,0,0
"1276","tactless",0,0,0,0,0,0,0,0,0,0,0,0,0,0,0,0
"1277","talkativ",0,0,0,0,0,0,0,0,0,0,0,0,0,0,0,0
"1278","tasteles",0,0,0,0,0,0,0,0,0,0,0,0,0,0,0,0
"1279","teachabl",0,0,0,0,0,0,0,0,0,0,0,0,0,0,0,0
"1280","temperam",0,0,0,0,0,0,0,0,0,0,0,0,0,0,0,0
"1281","temperat",0,0,0,0,0,0,0,0,0,0,0,0,0,0,0,0
"1282","tempestu",0,0,0,0,0,0,0,0,0,0,0,0,0,0,0,0
"1283","temptabl",0,0,0,0,0,0,0,0,0,0,0,0,0,0,0,0
"1284","tenaciou",0,0,0,0,0,0,0,0,0,0,0,0,0,0,0,0
"1285","tenderhe",0,0,0,0,0,0,0,0,0,0,0,0,0,0,0,0
"1286","tendermi",0,0,0,0,0,0,0,0,0,0,0,0,0,0,0,0
"1287","tentativ",0,0,0,0,0,0,0,0,0,0,0,0,0,0,0,0
"1288","terse",0,0,0,0,0,0,0,0,0,0,0,0,0,0,0,0
"1289","thickhea",0,0,0,0,0,0,0,0,0,0,0,0,0,0,0,0
"1290","thickski",0,0,0,0,0,0,0,0,0,0,0,0,0,0,0,0
"1291","thickwit",0,0,0,0,0,0,0,0,0,0,0,0,0,0,0,0
"1292","thinskin",0,0,0,0,0,0,0,0,0,0,0,0,0,0,0,0
"1293","thorougo",0,0,0,0,0,0,0,0,0,0,0,0,0,0,0,0
"1294","thoughtf",0,0,0,0,0,0,0,0,0,0,0,0,0,0,0,0
"1295","thoughtl",0,0,0,0,0,0,0,0,0,0,0,0,0,0,0,0
"1296","thriftle",0,0,0,0,0,0,0,0,0,0,0,0,0,0,0,0
"1297","thrifty",0,0,0,0,0,0,0,0,0,0,0,0,0,0,0,0
"1298","tightlip",0,0,0,0,0,0,0,0,0,0,0,0,0,0,0,0
"1299","tireless",0,0,0,0,0,0,0,0,0,0,0,0,0,0,0,0
"1300","toughmin",0,0,0,0,0,0,0,0,0,0,0,0,0,0,0,0
"1301","traditio",0,0,0,0,0,0,0,0,0,0,0,0,0,0,0,0
"1302","transpar",0,0,0,0,0,0,0,0,0,0,0,0,0,0,0,0
"1303","treacher",0,0,0,0,0,0,0,0,0,0,0,0,0,0,0,0
"1304","tricky",0,0,0,0,0,0,0,0,0,0,0,0,0,0,0,0
"1305","trustwor",0,0,0,0,0,0,0,0,0,0,0,0,0,0,0,0
"1306","truthles",0,0,0,0,0,0,0,0,0,0,0,0,0,0,0,0
"1307","tyrannic",0,0,0,0,0,0,0,0,0,0,0,0,0,0,0,0
"1308","ultconse",0,0,0,0,0,0,0,0,0,0,0,0,0,0,0,0
"1309","ultcriti",0,0,0,0,0,0,0,0,0,0,0,0,0,0,0,0
"1310","ultdemoc",0,0,0,0,0,0,0,0,0,0,0,0,0,0,0,0
"1311","ultfasti",0,0,0,0,0,0,0,0,0,0,0,0,0,0,0,0
"1312","ultintel",0,0,0,0,0,0,0,0,0,0,0,0,0,0,0,0
"1313","ultrefin",0,0,0,0,0,0,0,0,0,0,0,0,0,0,0,0
"1314","ultrelig",0,0,0,0,0,0,0,0,0,0,0,0,0,0,0,0
"1315","ultsensu",0,0,0,0,0,0,0,0,0,0,0,0,0,0,0,0
"1316","ultsenti",0,0,0,0,0,0,0,0,0,0,0,0,0,0,0,0
"1317","ultspiri",0,0,0,0,0,0,0,0,0,0,0,0,0,0,0,0
"1318","unaccess",0,0,0,0,0,0,0,0,0,0,0,0,0,0,0,0
"1319","unaccomm",0,0,0,0,0,0,0,0,0,0,0,0,0,0,0,0
"1320","unaccomp",0,0,0,0,0,0,0,0,0,0,0,0,0,0,0,0
"1321","unadapta",0,0,0,0,0,0,0,0,0,0,0,0,0,0,0,0
"1322","unadulte",0,0,0,0,0,0,0,0,0,0,0,0,0,0,0,0
"1323","unadvent",0,0,0,0,0,0,0,0,0,0,0,0,0,0,0,0
"1324","unaffabl",0,0,0,0,0,0,0,0,0,0,0,0,0,0,0,0
"1325","unaffctn",0,0,0,0,0,0,0,0,0,0,0,0,0,0,0,0
"1326","unaffecd",0,0,0,0,0,0,0,0,0,0,0,0,0,0,0,0
"1327","unaggres",0,0,0,0,0,0,0,0,0,0,0,0,0,0,0,0
"1328","unagreea",0,0,0,0,0,0,0,0,0,0,0,0,0,0,0,0
"1329","unaiding",0,0,0,0,0,0,0,0,0,0,0,0,0,0,0,0
"1330","unalert",0,0,0,0,0,0,0,0,0,0,0,0,0,0,0,0
"1331","unaltera",0,0,0,0,0,0,0,0,0,0,0,0,0,0,0,0
"1332","unambiti",0,0,0,0,0,0,0,0,0,0,0,0,0,0,0,0
"1333","unamiabl",0,0,0,0,0,0,0,0,0,0,0,0,0,0,0,0
"1334","unamusab",0,0,0,0,0,0,0,0,0,0,0,0,0,0,0,0
"1335","unanalyt",0,0,0,0,0,0,0,0,0,0,0,0,0,0,0,0
"1336","unanchor",0,0,0,0,0,0,0,0,0,0,0,0,0,0,0,0
"1337","unanimat",0,0,0,0,0,0,0,0,0,0,0,0,0,0,0,0
"1338","unapproa",0,0,0,0,0,0,0,0,0,0,0,0,0,0,0,0
"1339","unargume",0,0,0,0,0,0,0,0,0,0,0,0,0,0,0,0
"1340","unartist",0,0,0,0,0,0,0,0,0,0,0,0,0,0,0,0
"1341","unaspiri",0,0,0,0,0,0,0,0,0,0,0,0,0,0,0,0
"1342","unassert",0,0,0,0,0,0,0,0,0,0,0,0,0,0,0,0
"1343","unassist",0,0,0,0,0,0,0,0,0,0,0,0,0,0,0,0
"1344","unassumi",0,0,0,0,0,0,0,0,0,0,0,0,0,0,0,0
"1345","unassure",0,0,0,0,0,0,0,0,0,0,0,0,0,0,0,0
"1346","unauthor",0,0,0,0,0,0,0,0,0,0,0,0,0,0,0,0
"1347","unbashfu",0,0,0,0,0,0,0,0,0,0,0,0,0,0,0,0
"1348","unbellig",0,0,0,0,0,0,0,0,0,0,0,0,0,0,0,0
"1349","unbendab",0,0,0,0,0,0,0,0,0,0,0,0,0,0,0,0
"1350","unbendin",0,0,0,0,0,0,0,0,0,0,0,0,0,0,0,0
"1351","unbenevo",0,0,0,0,0,0,0,0,0,0,0,0,0,0,0,0
"1352","unbewail",0,0,0,0,0,0,0,0,0,0,0,0,0,0,0,0
"1353","unbiased",0,0,0,0,0,0,0,0,0,0,0,0,0,0,0,0
"1354","unbigote",0,0,0,0,0,0,0,0,0,0,0,0,0,0,0,0
"1355","unblushi",0,0,0,0,0,0,0,0,0,0,0,0,0,0,0,0
"1356","unboastf",0,0,0,0,0,0,0,0,0,0,0,0,0,0,0,0
"1357","unbold",0,0,0,0,0,0,0,0,0,0,0,0,0,0,0,0
"1358","unbookis",0,0,0,0,0,0,0,0,0,0,0,0,0,0,0,0
"1359","unbridle",0,0,0,0,0,0,0,0,0,0,0,0,0,0,0,0
"1360","unbusine",0,0,0,0,0,0,0,0,0,0,0,0,0,0,0,0
"1361","uncalcul",0,0,0,0,0,0,0,0,0,0,0,0,0,0,0,0
"1362","uncandid",0,0,0,0,0,0,0,0,0,0,0,0,0,0,0,0
"1363","uncarefu",0,0,0,0,0,0,0,0,0,0,0,0,0,0,0,0
"1364","uncautio",0,0,0,0,0,0,0,0,0,0,0,0,0,0,0,0
"1365","unceremo",0,0,0,0,0,0,0,0,0,0,0,0,0,0,0,0
"1366","unchange",0,0,0,0,0,0,0,0,0,0,0,0,0,0,0,0
"1367","unchangi",0,0,0,0,0,0,0,0,0,0,0,0,0,0,0,0
"1368","uncharit",0,0,0,0,0,0,0,0,0,0,0,0,0,0,0,0
"1369","unchaste",0,0,0,0,0,0,0,0,0,0,0,0,0,0,0,0
"1370","uncheerf",0,0,0,0,0,0,0,0,0,0,0,0,0,0,0,0
"1371","uncheery",0,0,0,0,0,0,0,0,0,0,0,0,0,0,0,0
"1372","unchival",0,0,0,0,0,0,0,0,0,0,0,0,0,0,0,0
"1373","uncivili",0,0,0,0,0,0,0,0,0,0,0,0,0,0,0,0
"1374","uncommun",0,0,0,0,0,0,0,0,0,0,0,0,0,0,0,0
"1375","uncompan",0,0,0,0,0,0,0,0,0,0,0,0,0,0,0,0
"1376","uncompas",0,0,0,0,0,0,0,0,0,0,0,0,0,0,0,0
"1377","uncompet",0,0,0,0,0,0,0,0,0,0,0,0,0,0,0,0
"1378","uncompln",0,0,0,0,0,0,0,0,0,0,0,0,0,0,0,0
"1379","uncompls",0,0,0,0,0,0,0,0,0,0,0,0,0,0,0,0
"1380","uncompro",0,0,0,0,0,0,0,0,0,0,0,0,0,0,0,0
"1381","unconcea",0,0,0,0,0,0,0,0,0,0,0,0,0,0,0,0
"1382","unconcil",0,0,0,0,0,0,0,0,0,0,0,0,0,0,0,0
"1383","unconfid",0,0,0,0,0,0,0,0,0,0,0,0,0,0,0,0
"1384","unconfig",0,0,0,0,0,0,0,0,0,0,0,0,0,0,0,0
"1385","unconfor",0,0,0,0,0,0,0,0,0,0,0,0,0,0,0,0
"1386","unconsci",0,0,0,0,0,0,0,0,0,0,0,0,0,0,0,0
"1387","unconstb",0,0,0,0,0,0,0,0,0,0,0,0,0,0,0,0
"1388","unconstr",0,0,0,0,0,0,0,0,0,0,0,0,0,0,0,0
"1389","unconstu",0,0,0,0,0,0,0,0,0,0,0,0,0,0,0,0
"1390","uncontra",0,0,0,0,0,0,0,0,0,0,0,0,0,0,0,0
"1391","uncontri",0,0,0,0,0,0,0,0,0,0,0,0,0,0,0,0
"1392","uncontro",0,0,0,0,0,0,0,0,0,0,0,0,0,0,0,0
"1393","unconven",0,0,0,0,0,0,0,0,0,0,0,0,0,0,0,0
"1394","uncooper",0,0,0,0,0,0,0,0,0,0,0,0,0,0,0,0
"1395","uncordia",0,0,0,0,0,0,0,0,0,0,0,0,0,0,0,0
"1396","uncourte",0,0,0,0,0,0,0,0,0,0,0,0,0,0,0,0
"1397","uncourtl",0,0,0,0,0,0,0,0,0,0,0,0,0,0,0,0
"1398","uncrafty",0,0,0,0,0,0,0,0,0,0,0,0,0,0,0,0
"1399","uncreati",0,0,0,0,0,0,0,0,0,0,0,0,0,0,0,0
"1400","uncritic",0,0,0,0,0,0,0,0,0,0,0,0,0,0,0,0
"1401","uncultiv",0,0,0,0,0,0,0,0,0,0,0,0,0,0,0,0
"1402","uncultur",0,0,0,0,0,0,0,0,0,0,0,0,0,0,0,0
"1403","uncunnin",0,0,0,0,0,0,0,0,0,0,0,0,0,0,0,0
"1404","uncurbab",0,0,0,0,0,0,0,0,0,0,0,0,0,0,0,0
"1405","uncuriou",0,0,0,0,0,0,0,0,0,0,0,0,0,0,0,0
"1406","undeceiv",0,0,0,0,0,0,0,0,0,0,0,0,0,0,0,0
"1407","undecept",0,0,0,0,0,0,0,0,0,0,0,0,0,0,0,0
"1408","undefeat",0,0,0,0,0,0,0,0,0,0,0,0,0,0,0,0
"1409","undelayi",0,0,0,0,0,0,0,0,0,0,0,0,0,0,0,0
"1410","undelibe",0,0,0,0,0,0,0,0,0,0,0,0,0,0,0,0
"1411","undelibv",0,0,0,0,0,0,0,0,0,0,0,0,0,0,0,0
"1412","undemand",0,0,0,0,0,0,0,0,0,0,0,0,0,0,0,0
"1413","undemocr",0,0,0,0,0,0,0,0,0,0,0,0,0,0,0,0
"1414","undemons",0,0,0,0,0,0,0,0,0,0,0,0,0,0,0,0
"1415","undepend",0,0,0,0,0,0,0,0,0,0,0,0,0,0,0,0
"1416","underhan",0,0,0,0,0,0,0,0,0,0,0,0,0,0,0,0
"1417","underoga",0,0,0,0,0,0,0,0,0,0,0,0,0,0,0,0
"1418","understa",0,0,0,0,0,0,0,0,0,0,0,0,0,0,0,0
"1419","underwit",0,0,0,0,0,0,0,0,0,0,0,0,0,0,0,0
"1420","undespai",0,0,0,0,0,0,0,0,0,0,0,0,0,0,0,0
"1421","undespon",0,0,0,0,0,0,0,0,0,0,0,0,0,0,0,0
"1422","undeviat",0,0,0,0,0,0,0,0,0,0,0,0,0,0,0,0
"1423","undeviou",0,0,0,0,0,0,0,0,0,0,0,0,0,0,0,0
"1424","undevout",0,0,0,0,0,0,0,0,0,0,0,0,0,0,0,0
"1425","undignif",0,0,0,0,0,0,0,0,0,0,0,0,0,0,0,0
"1426","undilige",0,0,0,0,0,0,0,0,0,0,0,0,0,0,0,0
"1427","undiplom",0,0,0,0,0,0,0,0,0,0,0,0,0,0,0,0
"1428","undisapp",0,0,0,0,0,0,0,0,0,0,0,0,0,0,0,0
"1429","undiscer",0,0,0,0,0,0,0,0,0,0,0,0,0,0,0,0
"1430","undiscip",0,0,0,0,0,0,0,0,0,0,0,0,0,0,0,0
"1431","undiscou",0,0,0,0,0,0,0,0,0,0,0,0,0,0,0,0
"1432","undiscri",0,0,0,0,0,0,0,0,0,0,0,0,0,0,0,0
"1433","undisgui",0,0,0,0,0,0,0,0,0,0,0,0,0,0,0,0
"1434","undistur",0,0,0,0,0,0,0,0,0,0,0,0,0,0,0,0
"1435","undivert",0,0,0,0,0,0,0,0,0,0,0,0,0,0,0,0
"1436","undogmat",0,0,0,0,0,0,0,0,0,0,0,0,0,0,0,0
"1437","undramat",0,0,0,0,0,0,0,0,0,0,0,0,0,0,0,0
"1438","undutifu",0,0,0,0,0,0,0,0,0,0,0,0,0,0,0,0
"1439","uneager",0,0,0,0,0,0,0,0,0,0,0,0,0,0,0,0
"1440","unearnes",0,0,0,0,0,0,0,0,0,0,0,0,0,0,0,0
"1441","uneconom",0,0,0,0,0,0,0,0,0,0,0,0,0,0,0,0
"1442","uneducat",0,0,0,0,0,0,0,0,0,0,0,0,0,0,0,0
"1443","unelusiv",0,0,0,0,0,0,0,0,0,0,0,0,0,0,0,0
"1444","unembitt",0,0,0,0,0,0,0,0,0,0,0,0,0,0,0,0
"1445","unemotio",0,0,0,0,0,0,0,0,0,0,0,0,0,0,0,0
"1446","unemphat",0,0,0,0,0,0,0,0,0,0,0,0,0,0,0,0
"1447","unenligh",0,0,0,0,0,0,0,0,0,0,0,0,0,0,0,0
"1448","unenterp",0,0,0,0,0,0,0,0,0,0,0,0,0,0,0,0
"1449","unenthus",0,0,0,0,0,0,0,0,0,0,0,0,0,0,0,0
"1450","unenviou",0,0,0,0,0,0,0,0,0,0,0,0,0,0,0,0
"1451","unethica",0,0,0,0,0,0,0,0,0,0,0,0,0,0,0,0
"1452","unexacti",0,0,0,0,0,0,0,0,0,0,0,0,0,0,0,0
"1453","unexcita",0,0,0,0,0,0,0,0,0,0,0,0,0,0,0,0
"1454","unexpans",0,0,0,0,0,0,0,0,0,0,0,0,0,0,0,0
"1455","unexplos",0,0,0,0,0,0,0,0,0,0,0,0,0,0,0,0
"1456","unextrav",0,0,0,0,0,0,0,0,0,0,0,0,0,0,0,0
"1457","unfailin",0,0,0,0,0,0,0,0,0,0,0,0,0,0,0,0
"1458","unfaithf",0,0,0,0,0,0,0,0,0,0,0,0,0,0,0,0
"1459","unfalter",0,0,0,0,0,0,0,0,0,0,0,0,0,0,0,0
"1460","unfearin",0,0,0,0,0,0,0,0,0,0,0,0,0,0,0,0
"1461","unfeelin",0,0,0,0,0,0,0,0,0,0,0,0,0,0,0,0
"1462","unfeigni",0,0,0,0,0,0,0,0,0,0,0,0,0,0,0,0
"1463","unfemini",0,0,0,0,0,0,0,0,0,0,0,0,0,0,0,0
"1464","unflinch",0,0,0,0,0,0,0,0,0,0,0,0,0,0,0,0
"1465","unfluctu",0,0,0,0,0,0,0,0,0,0,0,0,0,0,0,0
"1466","unfluent",0,0,0,0,0,0,0,0,0,0,0,0,0,0,0,0
"1467","unforbea",0,0,0,0,0,0,0,0,0,0,0,0,0,0,0,0
"1468","unforcib",0,0,0,0,0,0,0,0,0,0,0,0,0,0,0,0
"1469","unforget",0,0,0,0,0,0,0,0,0,0,0,0,0,0,0,0
"1470","unforgiv",0,0,0,0,0,0,0,0,0,0,0,0,0,0,0,0
"1471","unforsee",0,0,0,0,0,0,0,0,0,0,0,0,0,0,0,0
"1472","unfrater",0,0,0,0,0,0,0,0,0,0,0,0,0,0,0,0
"1473","unfriend",0,0,0,0,0,0,0,0,0,0,0,0,0,0,0,0
"1474","unfrugal",0,0,0,0,0,0,0,0,0,0,0,0,0,0,0,0
"1475","ungallan",0,0,0,0,0,0,0,0,0,0,0,0,0,0,0,0
"1476","ungenero",0,0,0,0,0,0,0,0,0,0,0,0,0,0,0,0
"1477","ungentee",0,0,0,0,0,0,0,0,0,0,0,0,0,0,0,0
"1478","ungentle",0,0,0,0,0,0,0,0,0,0,0,0,0,0,0,0
"1479","ungentlm",0,0,0,0,0,0,0,0,0,0,0,0,0,0,0,0
"1480","ungiving",0,0,0,0,0,0,0,0,0,0,0,0,0,0,0,0
"1481","ungovern",0,0,0,0,0,0,0,0,0,0,0,0,0,0,0,0
"1482","ungracef",0,0,0,0,0,0,0,0,0,0,0,0,0,0,0,0
"1483","ungracio",0,0,0,0,0,0,0,0,0,0,0,0,0,0,0,0
"1484","ungregar",0,0,0,0,0,0,0,0,0,0,0,0,0,0,0,0
"1485","ungrudgi",0,0,0,0,0,0,0,0,0,0,0,0,0,0,0,0
"1486","unguarde",0,0,0,0,0,0,0,0,0,0,0,0,0,0,0,0
"1487","unharden",0,0,0,0,0,0,0,0,0,0,0,0,0,0,0,0
"1488","unhardy",0,0,0,0,0,0,0,0,0,0,0,0,0,0,0,0
"1489","unharmin",0,0,0,0,0,0,0,0,0,0,0,0,0,0,0,0
"1490","unhasty",0,0,0,0,0,0,0,0,0,0,0,0,0,0,0,0
"1491","unheedfu",0,0,0,0,0,0,0,0,0,0,0,0,0,0,0,0
"1492","unhelpfu",0,0,0,0,0,0,0,0,0,0,0,0,0,0,0,0
"1493","unhurrie",0,0,0,0,0,0,0,0,0,0,0,0,0,0,0,0
"1494","unimagin",0,0,0,0,0,0,0,0,0,0,0,0,0,0,0,0
"1495","unimpass",0,0,0,0,0,0,0,0,0,0,0,0,0,0,0,0
"1496","unimpati",0,0,0,0,0,0,0,0,0,0,0,0,0,0,0,0
"1497","unimpres",0,0,0,0,0,0,0,0,0,0,0,0,0,0,0,0
"1498","unimprsn",0,0,0,0,0,0,0,0,0,0,0,0,0,0,0,0
"1499","unindulg",0,0,0,0,0,0,0,0,0,0,0,0,0,0,0,0
"1500","unindust",0,0,0,0,0,0,0,0,0,0,0,0,0,0,0,0
"1501","uninform",0,0,0,0,0,0,0,0,0,0,0,0,0,0,0,0
"1502","uningeni",0,0,0,0,0,0,0,0,0,0,0,0,0,0,0,0
"1503","uninhite",0,0,0,0,0,0,0,0,0,0,0,0,0,0,0,0
"1504","uninquir",0,0,0,0,0,0,0,0,0,0,0,0,0,0,0,0
"1505","uninquis",0,0,0,0,0,0,0,0,0,0,0,0,0,0,0,0
"1506","unintlct",0,0,0,0,0,0,0,0,0,0,0,0,0,0,0,0
"1507","unintlgt",0,0,0,0,0,0,0,0,0,0,0,0,0,0,0,0
"1508","unintros",0,0,0,0,0,0,0,0,0,0,0,0,0,0,0,0
"1509","uninvent",0,0,0,0,0,0,0,0,0,0,0,0,0,0,0,0
"1510","uninvest",0,0,0,0,0,0,0,0,0,0,0,0,0,0,0,0
"1511","unjealou",0,0,0,0,0,0,0,0,0,0,0,0,0,0,0,0
"1512","unjoyful",0,0,0,0,0,0,0,0,0,0,0,0,0,0,0,0
"1513","unkindly",0,0,0,0,0,0,0,0,0,0,0,0,0,0,0,0
"1514","unladyli",0,0,0,0,0,0,0,0,0,0,0,0,0,0,0,0
"1515","unlearne",0,0,0,0,0,0,0,0,0,0,0,0,0,0,0,0
"1516","unlitera",0,0,0,0,0,0,0,0,0,0,0,0,0,0,0,0
"1517","unlively",0,0,0,0,0,0,0,0,0,0,0,0,0,0,0,0
"1518","unloving",0,0,0,0,0,0,0,0,0,0,0,0,0,0,0,0
"1519","unmaiden",0,0,0,0,0,0,0,0,0,0,0,0,0,0,0,0
"1520","unmalici",0,0,0,0,0,0,0,0,0,0,0,0,0,0,0,0
"1521","unmallea",0,0,0,0,0,0,0,0,0,0,0,0,0,0,0,0
"1522","unmanner",0,0,0,0,0,0,0,0,0,0,0,0,0,0,0,0
"1523","unmascul",0,0,0,0,0,0,0,0,0,0,0,0,0,0,0,0
"1524","unmeddli",0,0,0,0,0,0,0,0,0,0,0,0,0,0,0,0
"1525","unmeek",0,0,0,0,0,0,0,0,0,0,0,0,0,0,0,0
"1526","unmelanc",0,0,0,0,0,0,0,0,0,0,0,0,0,0,0,0
"1527","unmercen",0,0,0,0,0,0,0,0,0,0,0,0,0,0,0,0
"1528","unmercif",0,0,0,0,0,0,0,0,0,0,0,0,0,0,0,0
"1529","unmerry",0,0,0,0,0,0,0,0,0,0,0,0,0,0,0,0
"1530","unmethod",0,0,0,0,0,0,0,0,0,0,0,0,0,0,0,0
"1531","unmild",0,0,0,0,0,0,0,0,0,0,0,0,0,0,0,0
"1532","unmindfu",0,0,0,0,0,0,0,0,0,0,0,0,0,0,0,0
"1533","unmirthf",0,0,0,0,0,0,0,0,0,0,0,0,0,0,0,0
"1534","unmodifi",0,0,0,0,0,0,0,0,0,0,0,0,0,0,0,0
"1535","unmoralz",0,0,0,0,0,0,0,0,0,0,0,0,0,0,0,0
"1536","unmovabl",0,0,0,0,0,0,0,0,0,0,0,0,0,0,0,0
"1537","unneighb",0,0,0,0,0,0,0,0,0,0,0,0,0,0,0,0
"1538","unniggar",0,0,0,0,0,0,0,0,0,0,0,0,0,0,0,0
"1539","unobligi",0,0,0,0,0,0,0,0,0,0,0,0,0,0,0,0
"1540","unobserv",0,0,0,0,0,0,0,0,0,0,0,0,0,0,0,0
"1541","unobtrus",0,0,0,0,0,0,0,0,0,0,0,0,0,0,0,0
"1542","unorigin",0,0,0,0,0,0,0,0,0,0,0,0,0,0,0,0
"1543","unostent",0,0,0,0,0,0,0,0,0,0,0,0,0,0,0,0
"1544","unpardon",0,0,0,0,0,0,0,0,0,0,0,0,0,0,0,0
"1545","unpartis",0,0,0,0,0,0,0,0,0,0,0,0,0,0,0,0
"1546","unpeacea",0,0,0,0,0,0,0,0,0,0,0,0,0,0,0,0
"1547","unpercep",0,0,0,0,0,0,0,0,0,0,0,0,0,0,0,0
"1548","unperson",0,0,0,0,0,0,0,0,0,0,0,0,0,0,0,0
"1549","unpersud",0,0,0,0,0,0,0,0,0,0,0,0,0,0,0,0
"1550","unpersus",0,0,0,0,0,0,0,0,0,0,0,0,0,0,0,0
"1551","unphilan",0,0,0,0,0,0,0,0,0,0,0,0,0,0,0,0
"1552","unphilos",0,0,0,0,0,0,0,0,0,0,0,0,0,0,0,0
"1553","unpityin",0,0,0,0,0,0,0,0,0,0,0,0,0,0,0,0
"1554","unpleasa",0,0,0,0,0,0,0,0,0,0,0,0,0,0,0,0
"1555","unpliabl",0,0,0,0,0,0,0,0,0,0,0,0,0,0,0,0
"1556","unpoised",0,0,0,0,0,0,0,0,0,0,0,0,0,0,0,0
"1557","unpolish",0,0,0,0,0,0,0,0,0,0,0,0,0,0,0,0
"1558","unpoliti",0,0,0,0,0,0,0,0,0,0,0,0,0,0,0,0
"1559","unpreach",0,0,0,0,0,0,0,0,0,0,0,0,0,0,0,0
"1560","unpredic",0,0,0,0,0,0,0,0,0,0,0,0,0,0,0,0
"1561","unpresum",0,0,0,0,0,0,0,0,0,0,0,0,0,0,0,0
"1562","unpretnd",0,0,0,0,0,0,0,0,0,0,0,0,0,0,0,0
"1563","unpretnt",0,0,0,0,0,0,0,0,0,0,0,0,0,0,0,0
"1564","unprinci",0,0,0,0,0,0,0,0,0,0,0,0,0,0,0,0
"1565","unproduc",0,0,0,0,0,0,0,0,0,0,0,0,0,0,0,0
"1566","unprogre",0,0,0,0,0,0,0,0,0,0,0,0,0,0,0,0
"1567","unprovin",0,0,0,0,0,0,0,0,0,0,0,0,0,0,0,0
"1568","unpunctu",0,0,0,0,0,0,0,0,0,0,0,0,0,0,0,0
"1569","unpurpos",0,0,0,0,0,0,0,0,0,0,0,0,0,0,0,0
"1570","unquesti",0,0,0,0,0,0,0,0,0,0,0,0,0,0,0,0
"1571","unrealis",0,0,0,0,0,0,0,0,0,0,0,0,0,0,0,0
"1572","unreasbl",0,0,0,0,0,0,0,0,0,0,0,0,0,0,0,0
"1573","unreasng",0,0,0,0,0,0,0,0,0,0,0,0,0,0,0,0
"1574","unrecept",0,0,0,0,0,0,0,0,0,0,0,0,0,0,0,0
"1575","unrefine",0,0,0,0,0,0,0,0,0,0,0,0,0,0,0,0
"1576","unreflec",0,0,0,0,0,0,0,0,0,0,0,0,0,0,0,0
"1577","unreined",0,0,0,0,0,0,0,0,0,0,0,0,0,0,0,0
"1578","unrelaxi",0,0,0,0,0,0,0,0,0,0,0,0,0,0,0,0
"1579","unrelent",0,0,0,0,0,0,0,0,0,0,0,0,0,0,0,0
"1580","unreliab",0,0,0,0,0,0,0,0,0,0,0,0,0,0,0,0
"1581","unreligi",0,0,0,0,0,0,0,0,0,0,0,0,0,0,0,0
"1582","unrepres",0,0,0,0,0,0,0,0,0,0,0,0,0,0,0,0
"1583","unreproc",0,0,0,0,0,0,0,0,0,0,0,0,0,0,0,0
"1584","unreserv",0,0,0,0,0,0,0,0,0,0,0,0,0,0,0,0
"1585","unrespec",0,0,0,0,0,0,0,0,0,0,0,0,0,0,0,0
"1586","unrespon",0,0,0,0,0,0,0,0,0,0,0,0,0,0,0,0
"1587","unrestbl",0,0,0,0,0,0,0,0,0,0,0,0,0,0,0,0
"1588","unrestin",0,0,0,0,0,0,0,0,0,0,0,0,0,0,0,0
"1589","unrestra",0,0,0,0,0,0,0,0,0,0,0,0,0,0,0,0
"1590","unreveal",0,0,0,0,0,0,0,0,0,0,0,0,0,0,0,0
"1591","unreveng",0,0,0,0,0,0,0,0,0,0,0,0,0,0,0,0
"1592","unromant",0,0,0,0,0,0,0,0,0,0,0,0,0,0,0,0
"1593","unrude",0,0,0,0,0,0,0,0,0,0,0,0,0,0,0,0
"1594","unsaintl",0,0,0,0,0,0,0,0,0,0,0,0,0,0,0,0
"1595","unsatisf",0,0,0,0,0,0,0,0,0,0,0,0,0,0,0,0
"1596","unschola",0,0,0,0,0,0,0,0,0,0,0,0,0,0,0,0
"1597","unschool",0,0,0,0,0,0,0,0,0,0,0,0,0,0,0,0
"1598","unscornf",0,0,0,0,0,0,0,0,0,0,0,0,0,0,0,0
"1599","unscrupu",0,0,0,0,0,0,0,0,0,0,0,0,0,0,0,0
"1600","unsearch",0,0,0,0,0,0,0,0,0,0,0,0,0,0,0,0
"1601","unselfco",0,0,0,0,0,0,0,0,0,0,0,0,0,0,0,0
"1602","unselfis",0,0,0,0,0,0,0,0,0,0,0,0,0,0,0,0
"1603","unsentim",0,0,0,0,0,0,0,0,0,0,0,0,0,0,0,0
"1604","unsevere",0,0,0,0,0,0,0,0,0,0,0,0,0,0,0,0
"1605","unshakab",0,0,0,0,0,0,0,0,0,0,0,0,0,0,0,0
"1606","unshrink",0,0,0,0,0,0,0,0,0,0,0,0,0,0,0,0
"1607","unshy",0,0,0,0,0,0,0,0,0,0,0,0,0,0,0,0
"1608","unskepti",0,0,0,0,0,0,0,0,0,0,0,0,0,0,0,0
"1609","unsly",0,0,0,0,0,0,0,0,0,0,0,0,0,0,0,0
"1610","unsmilin",0,0,0,0,0,0,0,0,0,0,0,0,0,0,0,0
"1611","unsociab",0,0,0,0,0,0,0,0,0,0,0,0,0,0,0,0
"1612","unsolemn",0,0,0,0,0,0,0,0,0,0,0,0,0,0,0,0
"1613","unsolici",0,0,0,0,0,0,0,0,0,0,0,0,0,0,0,0
"1614","unsophis",0,0,0,0,0,0,0,0,0,0,0,0,0,0,0,0
"1615","unsparkl",0,0,0,0,0,0,0,0,0,0,0,0,0,0,0,0
"1616","unspeaki",0,0,0,0,0,0,0,0,0,0,0,0,0,0,0,0
"1617","unspirit",0,0,0,0,0,0,0,0,0,0,0,0,0,0,0,0
"1618","unsponta",0,0,0,0,0,0,0,0,0,0,0,0,0,0,0,0
"1619","unsports",0,0,0,0,0,0,0,0,0,0,0,0,0,0,0,0
"1620","unstable",0,0,0,0,0,0,0,0,0,0,0,0,0,0,0,0
"1621","unsteadf",0,0,0,0,0,0,0,0,0,0,0,0,0,0,0,0
"1622","unstirra",0,0,0,0,0,0,0,0,0,0,0,0,0,0,0,0
"1623","unstormy",0,0,0,0,0,0,0,0,0,0,0,0,0,0,0,0
"1624","unstudio",0,0,0,0,0,0,0,0,0,0,0,0,0,0,0,0
"1625","unsubdua",0,0,0,0,0,0,0,0,0,0,0,0,0,0,0,0
"1626","unsubmis",0,0,0,0,0,0,0,0,0,0,0,0,0,0,0,0
"1627","unsunny",0,0,0,0,0,0,0,0,0,0,0,0,0,0,0,0
"1628","unsure",0,0,0,0,0,0,0,0,0,0,0,0,0,0,0,0
"1629","unsuspic",0,0,0,0,0,0,0,0,0,0,0,0,0,0,0,0
"1630","unswayab",0,0,0,0,0,0,0,0,0,0,0,0,0,0,0,0
"1631","unswervi",0,0,0,0,0,0,0,0,0,0,0,0,0,0,0,0
"1632","unsympat",0,0,0,0,0,0,0,0,0,0,0,0,0,0,0,0
"1633","unsystem",0,0,0,0,0,0,0,0,0,0,0,0,0,0,0,0
"1634","untalkat",0,0,0,0,0,0,0,0,0,0,0,0,0,0,0,0
"1635","untamabl",0,0,0,0,0,0,0,0,0,0,0,0,0,0,0,0
"1636","untastef",0,0,0,0,0,0,0,0,0,0,0,0,0,0,0,0
"1637","unteacha",0,0,0,0,0,0,0,0,0,0,0,0,0,0,0,0
"1638","untempta",0,0,0,0,0,0,0,0,0,0,0,0,0,0,0,0
"1639","untender",0,0,0,0,0,0,0,0,0,0,0,0,0,0,0,0
"1640","untheatr",0,0,0,0,0,0,0,0,0,0,0,0,0,0,0,0
"1641","unthinki",0,0,0,0,0,0,0,0,0,0,0,0,0,0,0,0
"1642","unthorou",0,0,0,0,0,0,0,0,0,0,0,0,0,0,0,0
"1643","unthrift",0,0,0,0,0,0,0,0,0,0,0,0,0,0,0,0
"1644","untraine",0,0,0,0,0,0,0,0,0,0,0,0,0,0,0,0
"1645","untransp",0,0,0,0,0,0,0,0,0,0,0,0,0,0,0,0
"1646","untrustf",0,0,0,0,0,0,0,0,0,0,0,0,0,0,0,0
"1647","untrustw",0,0,0,0,0,0,0,0,0,0,0,0,0,0,0,0
"1648","untruthf",0,0,0,0,0,0,0,0,0,0,0,0,0,0,0,0
"1649","untutore",0,0,0,0,0,0,0,0,0,0,0,0,0,0,0,0
"1650","unvacill",0,0,0,0,0,0,0,0,0,0,0,0,0,0,0,0
"1651","unvain",0,0,0,0,0,0,0,0,0,0,0,0,0,0,0,0
"1652","unvalian",0,0,0,0,0,0,0,0,0,0,0,0,0,0,0,0
"1653","unvaryin",0,0,0,0,0,0,0,0,0,0,0,0,0,0,0,0
"1654","unventur",0,0,0,0,0,0,0,0,0,0,0,0,0,0,0,0
"1655","unvigila",0,0,0,0,0,0,0,0,0,0,0,0,0,0,0,0
"1656","unvigoro",0,0,0,0,0,0,0,0,0,0,0,0,0,0,0,0
"1657","unvindic",0,0,0,0,0,0,0,0,0,0,0,0,0,0,0,0
"1658","unvision",0,0,0,0,0,0,0,0,0,0,0,0,0,0,0,0
"1659","unvocal",0,0,0,0,0,0,0,0,0,0,0,0,0,0,0,0
"1660","unvolupt",0,0,0,0,0,0,0,0,0,0,0,0,0,0,0,0
"1661","unwarlik",0,0,0,0,0,0,0,0,0,0,0,0,0,0,0,0
"1662","unwastef",0,0,0,0,0,0,0,0,0,0,0,0,0,0,0,0
"1663","unwatchf",0,0,0,0,0,0,0,0,0,0,0,0,0,0,0,0
"1664","unwaveri",0,0,0,0,0,0,0,0,0,0,0,0,0,0,0,0
"1665","unwild",0,0,0,0,0,0,0,0,0,0,0,0,0,0,0,0
"1666","unwillfu",0,0,0,0,0,0,0,0,0,0,0,0,0,0,0,0
"1667","unwily",0,0,0,0,0,0,0,0,0,0,0,0,0,0,0,0
"1668","unwitty",0,0,0,0,0,0,0,0,0,0,0,0,0,0,0,0
"1669","unworldl",0,0,0,0,0,0,0,0,0,0,0,0,0,0,0,0
"1670","unyieldi",0,0,0,0,0,0,0,0,0,0,0,0,0,0,0,0
"1671","unzealou",0,0,0,0,0,0,0,0,0,0,0,0,0,0,0,0
"1672","variable",0,0,0,0,0,0,0,0,0,0,0,0,0,0,0,0
"1673","vengeful",0,0,0,0,0,0,0,0,0,0,0,0,0,0,0,0
"1674","ventures",0,0,0,0,0,0,0,0,0,0,0,0,0,0,0,0
"1675","venturou",0,0,0,0,0,0,0,0,0,0,0,0,0,0,0,0
"1676","verbose",0,0,0,0,0,0,0,0,0,0,0,0,0,0,0,0
"1677","versatil",0,0,0,0,0,0,0,0,0,0,0,0,0,0,0,0
"1678","vibrant",0,0,0,0,0,0,0,0,0,0,0,0,0,0,0,0
"1679","vigorles",0,0,0,0,0,0,0,0,0,0,0,0,0,0,0,0
"1680","vindicti",0,0,0,0,0,0,0,0,0,0,0,0,0,0,0,0
"1681","virile",0,0,0,0,0,0,0,0,0,0,0,0,0,0,0,0
"1682","visionar",0,0,0,0,0,0,0,0,0,0,0,0,0,0,0,0
"1683","vivaciou",0,0,0,0,0,0,0,0,0,0,0,0,0,0,0,0
"1684","volcanic",0,0,0,0,0,0,0,0,0,0,0,0,0,0,0,0
"1685","voluptuo",0,0,0,0,0,0,0,0,0,0,0,0,0,0,0,0
"1686","warmhear",0,0,0,0,0,0,0,0,0,0,0,0,0,0,0,0
"1687","warmthle",0,0,0,0,0,0,0,0,0,0,0,0,0,0,0,0
"1688","weakhear",0,0,0,0,0,0,0,0,0,0,0,0,0,0,0,0
"1689","weakknee",0,0,0,0,0,0,0,0,0,0,0,0,0,0,0,0
"1690","weakspir",0,0,0,0,0,0,0,0,0,0,0,0,0,0,0,0
"1691","weariles",0,0,0,0,0,0,0,0,0,0,0,0,0,0,0,0
"1692","weepy",0,0,0,0,0,0,0,0,0,0,0,0,0,0,0,0
"1693","wellmann",0,0,0,0,0,0,0,0,0,0,0,0,0,0,0,0
"1694","wellread",0,0,0,0,0,0,0,0,0,0,0,0,0,0,0,0
"1695","wellspok",0,0,0,0,0,0,0,0,0,0,0,0,0,0,0,0
"1696","whimsica",0,0,0,0,0,0,0,0,0,0,0,0,0,0,0,0
"1697","whiny",0,0,0,0,0,0,0,0,0,0,0,0,0,0,0,0
"1698","wideawak",0,0,0,0,0,0,0,0,0,0,0,0,0,0,0,0
"1699","wishywas",0,0,0,0,0,0,0,0,0,0,0,0,0,0,0,0
"1700","withdrwg",0,0,0,0,0,0,0,0,0,0,0,0,0,0,0,0
"1701","withdrwn",0,0,0,0,0,0,0,0,0,0,0,0,0,0,0,0
"1702","worldlym",0,0,0,0,0,0,0,0,0,0,0,0,0,0,0,0
"1703","worldlyw",0,0,0,0,0,0,0,0,0,0,0,0,0,0,0,0
"1704","worldwea",0,0,0,0,0,0,0,0,0,0,0,0,0,0,0,0
"1705","worriles",0,0,0,0,0,0,0,0,0,0,0,0,0,0,0,0
"1706","worshipf",0,0,0,0,0,0,0,0,0,0,0,0,0,0,0,0
"1707","zany",0,0,0,0,0,0,0,0,0,0,0,0,0,0,0,0
"1708","zealless",0,0,0,0,0,0,0,0,0,0,0,0,0,0,0,0
"1709","zestful",0,0,0,0,0,0,0,0,0,0,0,0,0,0,0,0
