"empEntropy" "evenness_log2" "entropy" "evenness"
"1" 4.32192809488736 0.693147180559945 2.99573227355399 1
"2" 4.73452166477975 0.682645736886314 3.28172034324206 0.984849619289878
"3" 5.10637731681803 0.674451205920934 3.53947104002767 0.973027410103712
"4" 5.21477461174992 0.66613158089233 3.61460631939004 0.961024728332889
"5" 5.35283349792075 0.65740538425 3.7103014470906 0.948435487711179
"6" 5.37727638948623 0.653852010153244 3.72724396846394 0.943309052523365
"7" 5.47679254678692 0.650830600799643 3.79622331231708 0.93895008023243
"8" 5.59989431073793 0.646925158820279 3.88155095292167 0.933315718456322
"9" 5.64893986742541 0.645481234996993 3.91554674225859 0.931232576717046
"10" 5.72864489301219 0.643572499680677 3.97079405602053 0.928478853741826
"11" 5.70297180970001 0.640688311410972 3.95299883070641 0.924317849628133
"12" 5.69134376264339 0.63938198304704 3.9449388826737 0.922433216175716
"13" 5.7683893179527 0.638021219670849 3.99834279211102 0.920470049601061
"14" 5.7939678231908 0.635260699049647 4.01607246089975 0.916487460190582
"15" 5.83476482554669 0.632689292563312 4.04435078805803 0.912777704804636
"16" 5.9096670793526 0.632556777972543 4.09626907410118 0.912586526661688
"17" 5.89128731503326 0.630589451498543 4.08352919228388 0.909748274513839
"18" 5.87935595678223 0.629312347148878 4.07525900495192 0.90790580240188
"19" 5.86305475902465 0.626009217304096 4.06395987568651 0.9031403933554
"20" 5.86918625758018 0.623617884527887 4.06820990662288 0.899690429418049
"21" 5.88393963989033 0.622226086832435 4.07843617197488 0.8976824897849
"22" 5.88456564064121 0.620846229475446 4.07887008263038 0.895691776418838
"23" 5.89174763434794 0.61877305942811 4.083848261319 0.892700824272626
"24" 5.89266305434883 0.617484799540439 4.08448278211165 0.890842258121308
"25" 5.91997521417865 0.616293750855263 4.10341412869269 0.889123938089747
"26" 5.93124758699133 0.613575782346804 4.11122754212602 0.8852027384013
"27" 5.93626879537417 0.612832516733744 4.11470797855959 0.884130432787276
"28" 5.96267532921777 0.613073030154821 4.13301159304164 0.88447742030713
"29" 5.98931284183262 0.612189219446375 4.15147530980775 0.88320235098097
"30" 5.97787392938964 0.611020007040092 4.14354645989923 0.88151553404068
"31" 5.96288260583856 0.609487689910303 4.13315526624694 0.879304867716464
"32" 5.96361531519378 0.607234849512038 4.13366314167068 0.876054706045973
"33" 5.98322330884089 0.605837469095652 4.14725436718361 0.874038712249018
"34" 5.99044508755151 0.606568717773928 4.15226012273551 0.875093681090822
"35" 5.97914090815077 0.605424101388269 4.14442466265533 0.873442348707513
"36" 5.96894692935973 0.604391899514465 4.13735873499764 0.871953196182979
"37" 6.0351088826947 0.604610694409378 4.18321870641211 0.872268850492842
"38" 6.07123618785144 0.604133012759077 4.20826024612274 0.871579701544829
"39" 6.08440645694054 0.603459645130582 4.21738918100906 0.870608237406504
"40" 6.08668879178206 0.602710167852794 4.21897117496956 0.86952697025458
"41" 6.08192887145212 0.601274455389005 4.21567184961317 0.86745567500293
"42" 6.0985516026431 0.601015159751855 4.2271938488714 0.867081590473089
"43" 6.11277841259699 0.600550744894213 4.2370551220793 0.866411581461055
"44" 6.11821093964676 0.600165176037415 4.24082066288716 0.86585532318343
"45" 6.13508780579459 0.600005800428861 4.25251881507422 0.865625392783331
"46" 6.13979364482164 0.59957191012765 4.25578065412799 0.864999421397484
"47" 6.16990113573938 0.599008168088105 4.27664957657136 0.864186113552692
"48" 6.16698874195474 0.598725416772111 4.27463085903086 0.863778189631302
"49" 6.16112907478642 0.5981565278355 4.27056924725411 0.862957456383637
"50" 6.15943482829975 0.597992041004684 4.2693948850787 0.862720152048527
"51" 6.15351183364974 0.596565068210701 4.26528937803657 0.860661465475165
"52" 6.15202566521368 0.596420988504934 4.26425924457529 0.860453602398161
"53" 6.14329385183246 0.59557446460343 4.25820681274892 0.859232326563468
"54" 6.15215439868834 0.596433468840743 4.26434847582029 0.860471607716742
"55" 6.15788366111278 0.596988904163113 4.26831969791647 0.86127293150186
"56" 6.16557730754963 0.596889570528979 4.2736525272524 0.861129623360502
"57" 6.17574060151564 0.596204928522465 4.28069718581015 0.860141893732919
"58" 6.17490965831994 0.59530259533114 4.28012121987684 0.858840102112565
"59" 6.18320861070728 0.596102669853372 4.28587361532572 0.859994365658131
"60" 6.18320891681905 0.596102699364595 4.28587382750624 0.859994408233826
"61" 6.19098764237533 0.595227600701673 4.29126562919392 0.85873190773254
"62" 6.19606989630717 0.594914548261954 4.29478837917767 0.858280268530219
"63" 6.20561503294737 0.595035613409861 4.30140456372788 0.858454928618729
"64" 6.21361335416946 0.595013505411383 4.30694857753218 0.858423033518961
"65" 6.21642268615 0.595282526088134 4.30889585807376 0.858811148315206
"66" 6.23419323075561 0.596199872715212 4.32121346096415 0.860134599744868
"67" 6.25310098646808 0.596456121870959 4.33431931852696 0.860504289131095
"68" 6.24304811955768 0.595497222594578 4.32735120217148 0.859120889900349
"69" 6.24472353227589 0.594135008574633 4.32851250977337 0.857155630489145
"70" 6.24594420635991 0.593500164793477 4.3293586165731 0.856239744514332
"71" 6.25748166495748 0.593850763462931 4.33735577347083 0.856745551476095
"72" 6.26553546105879 0.593874982833276 4.34293823953125 0.856780492641586
"73" 6.2667679520854 0.593991803748555 4.34379253721142 0.85694902959673
"74" 6.28015848731959 0.595261017518353 4.35307414895519 0.858780118008246
"75" 6.29732306217309 0.595419617790427 4.3649717256204 0.859008929834251
"76" 6.29465315046881 0.595167174364737 4.36312108385024 0.858644730955903
"77" 6.30417009782761 0.595341557029393 4.36971772907952 0.858896311961419
"78" 6.31019140557811 0.595910186155178 4.37389138157006 0.859716670381295
"79" 6.30701537245952 0.595610253813149 4.37168992316855 0.859283959478846
"80" 6.30697386006228 0.595606333542149 4.37166114896744 0.859278303723316
"81" 6.30004825044221 0.594952305628783 4.36686068218563 0.8583347408961
"82" 6.29585634732704 0.594556438434723 4.36395507636017 0.857763625258379
"83" 6.29926270961478 0.59415943754321 4.36631618677589 0.857190874040965
"84" 6.30613908344673 0.59480803129087 4.37108252590998 0.858126597024266
"85" 6.3128138741959 0.595437611306829 4.37570913829859 0.859034888991132
"86" 6.30824106653955 0.595006294667035 4.37253950956435 0.858412630613849
"87" 6.31459106917403 0.595605239998834 4.37694099598699 0.859276726073798
"88" 6.31642847305314 0.595064035504919 4.37821458730534 0.858495933034321
"89" 6.32618571167417 0.595273687765844 4.38497778974556 0.858798397311468
"90" 6.31948619385072 0.594643284729515 4.38033403785513 0.857888917977195
"91" 6.31297874380886 0.594030954652448 4.37582341720598 0.857005512411624
"92" 6.31279681415722 0.594013835658542 4.37569731318088 0.85698081492401
"93" 6.30731510398997 0.593498024397974 4.3718976812338 0.856236656576355
"94" 6.31568030486614 0.594285162841487 4.37769599663594 0.857372257305304
"95" 6.31952374216174 0.593943951776411 4.38036006436105 0.856879993793822
"96" 6.31790767135014 0.593792064462848 4.3792398894344 0.85666086671977
"97" 6.31706490966424 0.593712857037328 4.37865573154793 0.856546594559771
"98" 6.31969128957764 0.59395969881343 4.38047619937999 0.856902711966038
"99" 6.31689748591737 0.593697121623412 4.37853968224984 0.856523893156148
"100" 6.31915734805784 0.593909516022886 4.38010609932095 0.856830313502981
"101" 6.32313670005418 0.593586119152276 4.38286437593767 0.856363750441514
"102" 6.3284632527612 0.593393953486341 4.38655646092865 0.856086513988241
"103" 6.32899255916538 0.592757034611837 4.38692334817035 0.855167634286545
"104" 6.32709101255831 0.592578940686549 4.38560529650096 0.854910699063719
"105" 6.32282352834629 0.592179259179086 4.38264730185132 0.854334080534968
"106" 6.31764757576788 0.591694492879712 4.37905960491488 0.853634710598871
"107" 6.3199445995594 0.591909626172787 4.38065178047965 0.853945082333919
"108" 6.32451312854547 0.591657058083482 4.38381844346565 0.853580703603993
"109" 6.32405127811614 0.591613852059439 4.38349831314272 0.85351837048737
"110" 6.3313477139419 0.591620797024028 4.38855581706349 0.853528389953341
"111" 6.32547632552769 0.591072156252711 4.3844860807382 0.852736868633333
"112" 6.32867110177194 0.590700799901712 4.38670053088442 0.852201114667344
"113" 6.32987849349204 0.590148867799638 4.38753743105104 0.851404844960774
"114" 6.33040342263509 0.589538438207125 4.38790128420654 0.850524181214844
"115" 6.33141451178441 0.589632599017769 4.38860211779969 0.850660026549406
"116" 6.33705599191201 0.589503159676837 4.39251249384432 0.850473285054147
"117" 6.33823467455518 0.589612806355562 4.39332949439521 0.850631471773794
"118" 6.33641172941795 0.589443227308179 4.39206592511302 0.850386820923096
"119" 6.33900065126934 0.589684061161234 4.393860428995 0.850734270728577
"120" 6.34603425843207 0.589687791088376 4.39873575396902 0.850739651875967
"121" 6.3435240612829 0.589454537917685 4.39699581789242 0.850403138683339
"122" 6.34260130911929 0.588723679276684 4.39635621483185 0.849348732546377
"123" 6.3462671107011 0.589063940959481 4.39889715486278 0.849839626388752
"124" 6.34998987513297 0.589409489964785 4.40147757853262 0.850338148225088
"125" 6.34957436606085 0.589370922188286 4.40118956959078 0.850282506685195
"126" 6.35098508305913 0.588860938495453 4.4021674041007 0.849546755740611
"127" 6.34911475448804 0.588687522336659 4.40087099112494 0.849296569108308
"128" 6.35230649901649 0.588347371299867 4.4030833398459 0.848805834894376
"129" 6.35669550211319 0.588753878516572 4.40612556496784 0.849392300840001
"130" 6.36297558326541 0.588703292603658 4.41047858551219 0.849319320794302
"1301" 6.36297558326541 0.588703292603658 4.41047858551219 0.849319320794302
