"ShannonWiener";"Pielou";"Richness"
"1";4.36944785246702;1;79
"2";4.92170895189284;0.994533794509221;141
"3";5.26246521540646;0.988625840648575;205
"4";5.38569139034452;0.981190106180261;242
"5";5.47774041020985;0.975247222106936;275
"6";5.57578978072867;0.971426995022318;311
"7";5.65078596818934;0.968460884651434;342
"8";5.73213053827578;0.964977320418267;380
"9";5.8045960358897;0.963279976870253;414
"10";5.82219269140712;0.959423924170053;432
"11";5.90172904424375;0.958213612874212;473
"12";5.92760569923756;0.955052474862002;496
"13";5.9616951846286;0.952702440790054;522
"14";5.99458174482788;0.950299333533129;549
"15";6.01251039834032;0.94802827025546;568
"16";6.0736696034563;0.946777522165559;611
"17";6.09075222300504;0.945396080680393;628
"18";6.09665885219773;0.942858397422669;643
"19";6.12553174000533;0.941335533958675;670
"20";6.13267745314232;0.939237871708427;685
"21";6.14302638892376;0.937303754894786;702
"22";6.17871386742423;0.936573807314464;733
"23";6.20045445080688;0.935675048406814;755
"24";6.2228543898613;0.934461590810356;780
"25";6.24320084790939;0.933617384435042;802
"26";6.27510295141176;0.932763528202268;835
"27";6.29125260183032;0.931724035231118;856
"28";6.29685024512348;0.930475982755277;869
"29";6.34659610180215;0.930732772655639;915
"30";6.35787900169561;0.929149975156497;937
"31";6.38015456076672;0.928270402781358;966
"32";6.38700180107614;0.927050896811706;982
"33";6.39690246860241;0.925912508539847;1001
"34";6.40807537661836;0.924881345067959;1021
"35";6.41383769018338;0.923768486222209;1036
"36";6.41737092715323;0.922367711415226;1051
"37";6.415838598956;0.921393587131052;1057
"38";6.43483507548213;0.921151591144245;1081
"39";6.44733339155942;0.920286547859303;1103
"40";6.44744421196159;0.919945700895666;1106
"41";6.46331093268157;0.919509235543783;1129
"42";6.48045895396776;0.919537867084441;1150
"43";6.48815539398768;0.919163860525894;1163
"44";6.48936202196754;0.918221074033313;1173
"45";6.50668524763613;0.917717169834296;1200
"46";6.51617976094549;0.91734257627454;1216
"47";6.52588233545733;0.916707629479949;1235
"48";6.52850119460078;0.915831508406362;1247
"49";6.53349765585687;0.914896148209293;1263
"50";6.55039576541153;0.914652541382831;1289
"51";6.54975467474535;0.913871921319771;1296
"52";6.56016362309621;0.913372600076309;1316
"53";6.56778921963779;0.912993614878644;1331
"54";6.56940327012396;0.912268765260878;1341
"55";6.56814222281098;0.911810698923889;1344
"56";6.5804872592013;0.911377638887881;1367
"57";6.58179066085856;0.910822071664221;1375
"58";6.58716056306893;0.910017743719156;1392
"59";6.5863088827584;0.909539529567426;1396
"60";6.58342057664252;0.90878158678237;1400
"61";6.58667559850559;0.908427349257387;1409
"62";6.59450127074072;0.90782955756134;1428
"63";6.59459493961305;0.907057927622369;1437
"64";6.601391794094;0.90652636927904;1454
"65";6.60524959385218;0.905948764718474;1467
"66";6.6109142642203;0.905797628436532;1478
"67";6.61538593234841;0.90515799326999;1493
"68";6.61359749261411;0.90425209534409;1501
"69";6.61458200289961;0.903811745363043;1508
"70";6.61747382676341;0.903635062139008;1515
"71";6.6198399293159;0.90322762507143;1524
"72";6.61860411183552;0.902334078138652;1533
"73";6.61495509556273;0.901356578125484;1539
"74";6.61873752497382;0.900918496644399;1551
"75";6.61784590058128;0.900166764391186;1559
"76";6.62690681432244;0.899993913860832;1577
"77";6.62962100910834;0.899744215297864;1585
"78";6.62933326234219;0.899320747389009;1590
"79";6.63326645790329;0.898785441597488;1604
"80";6.63438318029919;0.898331176020206;1612
"81";6.63423553159403;0.898085080857849;1615
"82";6.64318298272522;0.897948993797995;1633
"83";6.64377876072987;0.89743670611147;1641
"84";6.64579078064841;0.896825842692655;1653
"85";6.64357308509766;0.896234261535829;1657
"86";6.6427242662164;0.895465401148668;1666
"87";6.64105563479488;0.894734744211536;1673
"88";6.6451635316465;0.89421283249583;1688
"89";6.64530478507715;0.893734137433223;1695
"90";6.64755336475303;0.893541282289669;1702
"91";6.6467991071244;0.893158077629468;1706
"92";6.64556777585209;0.892922307535273;1707
"93";6.64803307590979;0.892622863725254;1716
"94";6.64475512662152;0.892043222818953;1718
"95";6.64759879609994;0.891730184534576;1728
"96";6.65003799779983;0.891436190114897;1737
"97";6.65168334550563;0.891107854750321;1745
"98";6.6574628694612;0.890928364798045;1759
"99";6.658297257299;0.89083687558468;1762
"100";6.65904701890446;0.890532154728866;1768
"101";6.65608288129665;0.889799702497225;1773
"102";6.65532210613583;0.889496969259108;1776
"103";6.66025953198315;0.88935643033077;1788
"104";6.65839026955299;0.8889078344344;1791
"105";6.66003104408709;0.888796086285871;1796
"106";6.6627857259278;0.888570959234114;1805
"107";6.66247495928468;0.888201841936514;1810
"108";6.66284226833358;0.887793963978919;1817
"109";6.6654750821453;0.88768997318408;1824
"110";6.66382960440651;0.88721200147605;1828
"111";6.666417072248;0.887040774924962;1836
"112";6.6669581776515;0.886599852675061;1844
"113";6.66967614494316;0.886450978390848;1852
"114";6.67348109188521;0.88638557323832;1861
"115";6.67412196267515;0.886091856001152;1867
"116";6.67705247782999;0.885727519664005;1879
"117";6.67490987267381;0.885068993787096;1885
"118";6.67364252409207;0.884466243037398;1892
"119";6.67117741693037;0.884077627566268;1893
"120";6.67116874898265;0.883644252708292;1900
"121";6.67042049880972;0.88342203206383;1902
"122";6.67498213022296;0.883535027377784;1910
"123";6.68029500278885;0.883627500222586;1920
"124";6.68295374406928;0.883493264524379;1928
"125";6.68581588322153;0.883087103142362;1941
"126";6.69579165710009;0.883030803038903;1964
"127";6.69971774105085;0.883016153844341;1973
"128";6.69981266379455;0.882969695967498;1974
"129";6.70336976869411;0.882967843782873;1982
"130";6.7079999596543;0.883050755036099;1991
"131";6.70765751905413;0.882597901269862;1998
"132";6.70811936265288;0.882484450551088;2001
"133";6.70888923091597;0.882527723499625;2002
"134";6.71141038075468;0.882454192870297;2009
"135";6.71023202572574;0.882183838644367;2011
"136";6.71242814948711;0.881954799856077;2020
"137";6.71347389095442;0.881748590145624;2026
"138";6.71672509144619;0.881435142403453;2039
"139";6.71710668342194;0.881032480746698;2047
"140";6.71928540698635;0.880755273450517;2057
"141";6.72000422431901;0.880793381727825;2058
"142";6.7230045855375;0.880794632748716;2065
"143";6.72990872307968;0.880642452240838;2084
"144";6.7322754133963;0.880400661238707;2094
"145";6.73284169635391;0.880145389827081;2100
"146";6.73506594712512;0.879889725203571;2110
"147";6.73820594389072;0.879594122091101;2123
"148";6.73803868749932;0.879302275313833;2128
"149";6.74152267153286;0.879111814664422;2140
"150";6.74129016190334;0.878707293518054;2147
"151";6.74239518162089;0.878584939703656;2152
"152";6.74274772977008;0.878418317521362;2156
"153";6.7447716064612;0.878205385167179;2165
"154";6.74460543382076;0.878025442160741;2168
"155";6.74632257288076;0.877933115972365;2174
"156";6.74429134132863;0.877511307370923;2177
"157";6.74403596221288;0.877320884593511;2180
"158";6.74433307991782;0.876837492270414;2190
"159";6.74602057769192;0.876589490726127;2199
"160";6.74690804901199;0.876342896460873;2206
"161";6.7485017557209;0.876189344855872;2213
"162";6.74696352838502;0.875886901129701;2215
"163";6.747038124386;0.875691475907949;2219
"164";6.75070364039597;0.876013609691561;2222
"165";6.75440206129112;0.876135934535211;2229
"166";6.75658418678478;0.876011889772575;2237
"167";6.75873568931611;0.875986621477114;2243
"168";6.75790555475695;0.875879029347272;2243
"169";6.76129913623801;0.875864282879491;2252
"170";6.76296043717127;0.875777629241908;2258
"171";6.76341432146912;0.875685843902333;2261
"172";6.76978970585735;0.875711767267717;2277
"173";6.76908340843378;0.875471295832813;2280
"174";6.77095988148037;0.875515505582168;2284
"175";6.77148047608063;0.875384760944575;2288
"176";6.77148047608063;0.875384760944575;2288
"177";6.77138540618704;0.875224213714636;2291
"178";6.77349804887827;0.875201405114362;2297
"179";6.77236619248185;0.874956765922139;2299
"180";6.77246346254709;0.874723818714696;2304
"181";6.77144740147924;0.874543570399398;2305
"182";6.77357041044332;0.874475295666756;2312
"183";6.77235424542305;0.874269479164803;2313
"184";6.77364514025101;0.874289832225422;2316
"185";6.77550868955466;0.874238411333541;2322
"186";6.77707124663334;0.87405213909828;2330
"187";6.77661572722797;0.873896686160611;2332
"188";6.77601685605361;0.873674609801833;2335
"189";6.77552469360198;0.873418400162172;2339
"190";6.77588195564241;0.873224083575581;2344
"191";6.77745335982308;0.873043250821626;2352
"192";6.78019376209807;0.873014396616661;2360
"193";6.7809033571795;0.872962970213088;2363
"194";6.78337510645404;0.872712069185164;2375
"195";6.78314325223965;0.872446184959751;2380
"196";6.78391349533517;0.872356836399191;2384
"197";6.78350939108566;0.872163828091004;2387
"198";6.78293551241635;0.871996146358525;2389
"199";6.78466271721402;0.871843491724262;2397
"200";6.78712567340206;0.87178672052877;2405
"201";6.79029383632178;0.871636418872482;2417
"202";6.79234561770962;0.871668566674554;2422
"203";6.79363682689742;0.871511492440298;2429
"204";6.79371169763963;0.871521097120964;2429
"205";6.79336742202249;0.871201206596547;2435
"206";6.79365466097905;0.871008913198664;2440
"207";6.79602011773366;0.870809996212775;2451
"208";6.79528090219025;0.870715276616098;2451
"209";6.79866414138255;0.87064922784691;2462
"210";6.80075850999475;0.870600893952456;2469
"211";6.80035732846884;0.870414228371823;2472
"212";6.80119523107572;0.870251444005972;2478
"213";6.80400759585191;0.870386809042389;2483
"214";6.80385880083007;0.870322945297397;2484
"215";6.80668511359338;0.870371172912931;2491
"216";6.80755739689609;0.870393388185372;2493
"217";6.80758644397313;0.87017418513116;2498
"218";6.80946505284738;0.870103086704404;2505
"219";6.81053066836214;0.869973307044297;2511
"220";6.81159746047353;0.869800270431767;2518
"221";6.8130279598278;0.869894742630317;2520
"222";6.81438206724887;0.869891476803511;2524
"223";6.81430488573875;0.869793676684696;2526
"224";6.81281849941186;0.869560019496556;2527
"225";6.81256261432158;0.869527359380318;2527
"226";6.81341385581198;0.869504333475655;2530
"227";6.81539665681171;0.869494532509808;2536
"228";6.81702827713611;0.869527856613715;2540
"229";6.81759419601036;0.869381964714847;2545
"230";6.81786050077357;0.869328840628433;2547
"231";6.81920556352719;0.869282969972972;2552
"232";6.82087354348473;0.869105567713606;2561
"233";6.82099679576742;0.869034831171542;2563
"234";6.82201537166198;0.868862679769368;2570
"235";6.8219153408031;0.868763866442971;2572
"236";6.82496660257632;0.868851710725362;2579
"237";6.82475885334904;0.868611088361197;2584
"238";6.82527620036578;0.868591402035054;2586
"239";6.82610989247341;0.868569341988595;2589
"240";6.82684986481364;0.868407714906206;2595
"241";6.82638047970414;0.868262916621542;2597
"242";6.8256801343141;0.868046369770553;2600
"243";6.8254032280311;0.867841490409999;2604
"244";6.82535199285122;0.86770794311407;2607
"245";6.8259126659576;0.867652361555692;2610
"246";6.82642676886668;0.867591023180413;2613
"247";6.82592535179748;0.867527296583346;2613
"248";6.82927776560183;0.867658347295758;2620
"249";6.83046604459918;0.867599159025669;2625
"250";6.83200595747777;0.867585052518005;2630
"251";6.83178935183833;0.867515666497418;2631
"252";6.83380558186892;0.867479005846053;2638
"253";6.836677886785;0.867468574048835;2647
"254";6.83649524828702;0.867362277053328;2649
"255";6.83642929317583;0.867270865621462;2651
"256";6.83664764858355;0.867008521918573;2658
"257";6.83674620535446;0.866979663347123;2659
"258";6.83686675267098;0.866870992903846;2662
"259";6.83648021868432;0.866780705024149;2663
"260";6.83770056252836;0.866688125642231;2669
"261";6.83925524702338;0.866556452837538;2677
"262";6.83930900896039;0.86644030678035;2680
"263";6.84116156239796;0.866429532694051;2686
"264";6.84172596802901;0.866296967339567;2691
"265";6.84195456108394;0.866203707340566;2694
"266";6.84232366336061;0.866169057085076;2696
"267";6.84227470671571;0.866040933390302;2699
"268";6.84150350551575;0.865902721070286;2700
"269";6.84254884821459;0.865872790387023;2704
"270";6.84243078738142;0.865776846973764;2706
"271";6.84273314472464;0.865653314694658;2710
"272";6.84288250389429;0.865430079996705;2716
"273";6.84322120323778;0.865271642535549;2721
"274";6.84252555312613;0.865023014075665;2725
"275";6.84205150469504;0.864963085501122;2725
"276";6.84303024711492;0.864806335194862;2732
"277";6.84455801683983;0.864719766013408;2739
"278";6.84390406365672;0.864597275226058;2740
"279";6.84344328404362;0.864459379668652;2742
"280";6.84386512576615;0.864433049504069;2744
"281";6.84375520075841;0.864260151645051;2748
"282";6.8435237481519;0.864111856825722;2751
"283";6.84461192206189;0.8641699577944;2753
"284";6.84671652917615;0.864000680607999;2764
"285";6.8465167900105;0.863975475128215;2764
"286";6.85091603438834;0.864019012101208;2777
"287";6.8505395486944;0.863853898643873;2780
"288";6.85111153646092;0.863769417529246;2784
"289";6.85075368835767;0.863685194870123;2785
"290";6.85119293808076;0.863662407179785;2787
"291";6.85205440068326;0.863497944993455;2794
"292";6.85272218950881;0.863543157744461;2795
"293";6.85343657958376;0.863516447163422;2798
"294";6.85365839500997;0.863427814022524;2801
"295";6.8542422940819;0.863423733261759;2803
"296";6.85378386518449;0.863249661996703;2806
"297";6.853665782601;0.86311862349552;2809
"298";6.85332190932546;0.863036632243196;2810
"299";6.85281851278145;0.8628959261152;2812
"300";6.85307874812274;0.862890062093239;2813
"301";6.85337815545371;0.862850544595674;2815
"302";6.85420650435196;0.862877677577773;2817
"303";6.85417028825731;0.862796029892989;2819
"304";6.85485447817671;0.862805127339227;2821
"305";6.85530873669967;0.862746882735261;2824
"306";6.85537804013178;0.862601946796857;2828
"307";6.85491817820183;0.862505713675235;2829
"308";6.85429206093592;0.862388584873616;2830
"309";6.85442601712431;0.862213944676391;2835
"310";6.85394531644642;0.862153477639961;2835
"311";6.85413735416678;0.862062945031837;2838
"312";6.85336705333771;0.86188969583429;2840
"313";6.85218158999578;0.86166432423538;2842
"314";6.85195169839639;0.86159729877508;2843
"315";6.85164333412901;0.861520425553508;2844
"316";6.85194639064608;0.861330284957329;2850
"317";6.85195130253778;0.861254953720736;2852
"318";6.85189073664682;0.861209391879723;2853
"319";6.85173484101294;0.861113951061075;2855
"320";6.85203053030415;0.861113212860406;2856
"321";6.85214724186819;0.861052129002468;2858
"322";6.85233241163003;0.860924089825103;2862
"323";6.85423996557666;0.860899527350591;2869
"324";6.85478691095985;0.860892873010069;2871
"325";6.8546328101369;0.860835869335157;2872
"326";6.85484715317349;0.86086278750559;2872
"327";6.85605507249687;0.860826439457941;2877
"328";6.85680227104051;0.86069511715389;2883
"329";6.85674183954716;0.860612616294049;2885
"330";6.85634594741635;0.860525495448801;2886
"331";6.85643561510848;0.860424551968258;2889
"332";6.85674368641831;0.860425843851152;2890
"333";6.85676167886088;0.860390749270848;2891
"334";6.85800336875625;0.860397282209081;2895
"335";6.85849798707584;0.860422055309032;2896
"336";6.86000194061829;0.86042452610071;2901
"337";6.86105851962664;0.860334097338333;2907
"338";6.86085153997566;0.860196886694579;2910
"339";6.86216507613143;0.860324513885525;2911
"340";6.86434354931086;0.860412509699448;2916
"341";6.86741526961071;0.8603546542829;2928
"342";6.86916795015252;0.86042707102953;2932
"343";6.86986181177395;0.86044049017633;2934
"344";6.8699321753085;0.860449303109664;2934
"345";6.86941130270325;0.86034734371626;2935
"346";6.86962345461188;0.860300517285818;2937
"347";6.86896187310889;0.86014433825394;2939
"348";6.8692693417709;0.859999785803593;2944
"349";6.86947931949292;0.859879905808773;2948
"350";6.86965958191467;0.859720103264357;2953
"351";6.86992590202894;0.859644193491202;2956
"352";6.86878337893557;0.859501227852686;2956
"353";6.86853942429518;0.859397967068874;2958
"354";6.86858782922843;0.859331350113403;2960
"355";6.86853869386198;0.859143788769422;2965
"356";6.86873960704131;0.858987882537762;2970
"357";6.86816578306972;0.858843819301833;2972
"358";6.86784314016472;0.858767347160892;2973
"359";6.86855006570351;0.858711372888716;2977
"360";6.86995361640207;0.858670701500302;2983
"361";6.86943657220646;0.858462292764779;2987
"362";6.86924475771637;0.858330645068083;2990
"363";6.86887950528091;0.858213299961956;2992
"364";6.86894438073277;0.858113958141721;2995
"365";6.86911168709426;0.858099072341297;2996
"366";6.86942441824793;0.857995134523159;3000
"367";6.86968898452708;0.857814110034272;3006
"368";6.87109149984146;0.857669071738452;3015
"369";6.87077376262572;0.857452062718696;3020
"370";6.87110806976815;0.857422943246771;3022
"371";6.87091588553224;0.857292813940757;3025
"372";6.87151358279379;0.857296691435108;3027
"373";6.87071136369015;0.857125974448017;3029
"374";6.87032369339543;0.857077612311764;3029
"375";6.87084996642083;0.857072690704548;3031
"376";6.8707965171292;0.856925049855277;3035
"377";6.87267476169969;0.856877975479921;3043
"378";6.87328152655042;0.856918522066314;3044
"379";6.87307347655026;0.85685749491009;3045
"380";6.87274730034423;0.856781758227506;3046
"381";6.8740281647826;0.856836284013885;3049
"382";6.87335094830115;0.85675187009536;3049
"383";6.8728485558209;0.856654231947308;3050
"384";6.87226910862693;0.856582007761533;3050
"385";6.87212950705791;0.856564607367225;3050
"386";6.87194146381578;0.85640126778813;3054
"387";6.87216740475337;0.856289748074366;3058
"388";6.8717886225231;0.856242550833463;3058
