"ShannonWiener";"Pielou";"Richness"
"1";4.38202663467388;1;80
"2";4.80319845142561;0.991538593720387;127
"3";4.97587211743885;0.984104078202757;157
"4";4.972245299386;0.977327007048974;162
"5";5.19071819921309;0.97249295868322;208
"6";5.26191571473066;0.96760554891072;230
"7";5.41182480632974;0.966031778219213;271
"8";5.49968806446284;0.963655476999066;301
"9";5.55560360156647;0.959017875173973;328
"10";5.56757737066266;0.955160287281133;340
"11";5.62798943832443;0.953470954476742;366
"12";5.65460874480102;0.951926889685439;380
"13";5.67694249677958;0.949901132469893;394
"14";5.70281892272719;0.94715110569091;412
"15";5.73903950199352;0.944644053626868;435
"16";5.74670118406318;0.942727456344357;444
"17";5.76557317270794;0.941030891871656;458
"18";5.79228700965138;0.938841567288362;478
"19";5.81114357984009;0.937511258105697;492
"20";5.81997972742279;0.93649987823052;500
"21";5.82080523324929;0.934246459478919;508
"22";5.82858680831979;0.932577583493378;518
"23";5.84176246738148;0.930714398117618;532
"24";5.85676983495917;0.928720927721126;548
"25";5.859342145317;0.92805853418223;552
"26";5.86592922014047;0.926727940725227;561
"27";5.86786322148647;0.925220889679796;568
"28";5.86888852966006;0.923851867237877;574
"29";5.87637686236857;0.922522481622542;584
"30";5.88431178533178;0.921555620335605;593
"31";5.90183209658301;0.920697516878474;608
"32";5.91306348301565;0.919876578272987;619
"33";5.92269632721502;0.919083750979894;629
"34";5.94523467533455;0.918778996607633;646
"35";5.95209678908993;0.917015916245789;659
"36";5.95294459767501;0.917146534747806;659
"37";5.95519746114555;0.915791132590231;667
"38";5.96043438912534;0.9145036838383;677
"39";5.96577287512821;0.912861917063221;689
"40";5.9693178730541;0.912394872929909;694
"41";5.98199899152882;0.911158806054495;710
"42";5.98751396279194;0.91044501915919;718
"43";5.99093882240858;0.90905389277291;728
"44";5.99293458563232;0.908225564236389;734
"45";5.99196715449958;0.907145631614361;739
"46";5.98992140321323;0.906465017615647;741
"47";6.00462641801081;0.905401810728828;759
"48";6.00447041332615;0.904304623098019;765
"49";6.01322416611067;0.903855098110318;775
"50";6.01663209608363;0.903842462842685;778
"51";6.03075581298995;0.903714451552859;791
"52";6.04210909755131;0.903041627201898;805
"53";6.05615890370086;0.903144177315331;817
"54";6.05708778463607;0.902789242737329;820
"55";6.06117989660191;0.902418576820664;826
"56";6.06841710859929;0.90140035319598;839
"57";6.07191947273647;0.900651000058947;847
"58";6.07180242858456;0.899691622713285;853
"59";6.07178155147257;0.898755067201026;859
"60";6.07483295612822;0.897974568510056;867
"61";6.07483295612822;0.897974568510056;867
"62";6.08246597323302;0.897430382242866;878
"63";6.09087294768946;0.896874440204813;890
"64";6.09097340695841;0.896445035243437;893
"65";6.09048403049662;0.895783790288256;897
"66";6.09100294257358;0.894837026180813;904
"67";6.087437000977;0.894313149143828;904
"68";6.08776020765434;0.893348284607931;911
"69";6.09464133657558;0.892785609263173;922
"70";6.09665301722795;0.892655510772204;925
"71";6.10166256705794;0.892403914279624;932
"72";6.10131599693562;0.891377717261906;939
"73";6.10340203201345;0.890715991225914;946
"74";6.10101565706885;0.890230467707853;947
"75";6.10900204409753;0.890031618869601;957
"76";6.11301394584353;0.889805883509651;963
"77";6.11382065017379;0.889386690567281;967
"78";6.11539058840175;0.889081176445075;971
"79";6.11849696093181;0.888736847084497;977
"80";6.11743233245938;0.888318336429146;979
"81";6.12045114793386;0.887968861078505;985
"82";6.12289818965133;0.887282591907756;993
"83";6.12876319931142;0.887100989263783;1001
"84";6.12964490552545;0.886844474956753;1004
"85";6.13326321287517;0.885971214036777;1015
"86";6.1337111517181;0.885407416971461;1020
"87";6.13527578226019;0.885382918495205;1022
"88";6.14013176376892;0.884840331758078;1032
"89";6.1387138667132;0.884143112115892;1036
"90";6.13878723164189;0.883418913137741;1042
"91";6.13912617012418;0.883345751077602;1043
"92";6.14102853975447;0.882890773726664;1049
"93";6.13869132501288;0.882313136144115;1051
"94";6.14143152045045;0.881865584222574;1058
"95";6.13984139523916;0.881398230945538;1060
"96";6.13868658607677;0.880756234557536;1064
"97";6.13728989333273;0.880437174375175;1065
"98";6.14057574604098;0.880317040666366;1070
"99";6.1438291341883;0.880077937531265;1076
"100";6.14585742280738;0.880017505305977;1079
"101";6.14860132656256;0.879827961861188;1084
"102";6.1530500922654;0.879769668091371;1090
"103";6.15250169258916;0.879230768331291;1094
"104";6.15197595717862;0.878469006663358;1100
"105";6.15378805433454;0.878272545773692;1104
"106";6.15408915121437;0.87763661789921;1110
"107";6.15721493205716;0.877184030795789;1118
"108";6.15886820440625;0.876751020258235;1124
"109";6.16297040639598;0.87689154415589;1128
"110";6.16649558728272;0.876511749375546;1136
"111";6.16482824316328;0.875946378820857;1139
"112";6.16450214287384;0.875463960525157;1143
"113";6.16438658065483;0.87544754872813;1143
"114";6.16603616155291;0.875247580916381;1147
"115";6.1662901968381;0.874743548885454;1152
"116";6.16628988798947;0.874635847853909;1153
"117";6.16626882104649;0.87420342780746;1157
"118";6.17027500992742;0.87370540636684;1167
"119";6.16856675956061;0.873357595313568;1168
"120";6.1725815661683;0.87329249568763;1174
"121";6.17003353332583;0.872932001794395;1174
"122";6.16851820841048;0.872402616031446;1177
"123";6.16968399987153;0.872149013110021;1181
"124";6.17263489082395;0.871941532632489;1187
"125";6.17132748686552;0.871549586421414;1189
"126";6.17277522802126;0.871547179320388;1191
"127";6.17979387283992;0.871304849313178;1203
"128";6.17841086027146;0.870905882657749;1205
"129";6.17962847333394;0.870670791198382;1209
"130";6.18066331481719;0.870816593855753;1209
"131";6.180284171787;0.870763174987046;1209
"132";6.17931519901327;0.870423946554951;1211
"133";6.18399510976899;0.870376521151821;1218
"134";6.18701413487991;0.870299628388585;1223
"135";6.18770137428254;0.87009643981753;1226
"136";6.18824203417319;0.869674739808178;1231
"137";6.19545660554819;0.869798200990991;1240
"138";6.19597659415737;0.869282106598473;1246
"139";6.19796380238176;0.869072604974152;1251
"140";6.19786305137713;0.869058477763855;1251
"141";6.20132686364546;0.86867101792102;1260
"142";6.20187636822074;0.868555024560069;1262
"143";6.20437015683193;0.868615438729898;1265
"144";6.20738130966968;0.868653064908646;1269
"145";6.20756278559509;0.868296058062169;1273
"146";6.20665522175222;0.867978513515212;1275
"147";6.20579984970456;0.867763750765728;1276
"148";6.20671978104312;0.867134555991986;1284
"149";6.20823726956781;0.867063863430466;1287
"150";6.20892356586387;0.866877825219298;1290
"151";6.20939762929597;0.866662940216567;1293
"152";6.21042357149279;0.866432603295513;1297
"153";6.20805505139668;0.865916022646591;1299
"154";6.20757325494148;0.865848820396167;1299
"155";6.21100900554113;0.865679117039519;1306
"156";6.21032443382007;0.865491371554533;1307
"157";6.21349018615712;0.865380183610046;1313
"158";6.21783861621456;0.865162689531298;1322
"159";6.21781371698665;0.865068209990546;1323
"160";6.22228827043333;0.865146101647288;1329
"161";6.2244435694981;0.864994145112451;1334
"162";6.22583668756207;0.864827913951143;1338
"163";6.22851655372655;0.864931086163605;1341
"164";6.22915299606777;0.864661841885202;1345
"165";6.23174934073583;0.864576927394863;1350
"166";6.23308938921574;0.864408032102697;1354
"167";6.23431957403421;0.864225091207584;1358
"168";6.23502428190403;0.864146487197146;1360
"169";6.23805456770749;0.864126969357112;1365
"170";6.23813382192767;0.863875229221877;1368
"171";6.23758431784315;0.863624410159473;1370
"172";6.23668391505691;0.863325373398987;1372
"173";6.23733466208445;0.863328381160359;1373
"174";6.24021796826081;0.86320648336026;1379
"175";6.24001621333728;0.863005561384944;1381
"176";6.24103682230632;0.862715505472611;1386
"177";6.24012186100963;0.862589027882423;1386
"178";6.23963722628382;0.862350146495398;1388
"179";6.23875095568936;0.861970454227392;1391
"180";6.23835636078718;0.861744869213347;1393
"181";6.23791870986724;0.861684413636116;1393
"182";6.2376349552799;0.861474483460879;1395
"183";6.23947608326221;0.861388128258355;1399
"184";6.24131602801537;0.861217969797438;1404
"185";6.24163925960039;0.861177964074402;1405
"186";6.24460707856678;0.86116535523907;1410
"187";6.24470527713436;0.861094707595069;1411
