"empEntropy";"evenness_log2";"entropy";"evenness"
"1";4.75488750216347;0.693147180559945;3.29583686600433;1
"2";5.17192809488736;0.688154231436743;3.58490737702994;0.992796697060545
"3";5.53462086577993;0.683260035708602;3.8363068485836;0.985735865154417
"4";5.70065941633132;0.674532062334987;3.95139600176256;0.973144061251291
"5";5.85997018743643;0.671998174403958;4.0618218135869;0.969488433699026
"6";6.04307334734625;0.670420590446536;4.18873925263001;0.967212461147068
"7";6.16938231213218;0.668973342940142;4.27628995545082;0.965124524346654
"8";6.25010845608264;0.66570094694864;4.33224505452755;0.960403454877889
"9";6.32998606594568;0.663311331561646;4.38761199459399;0.956955968609442
"10";6.42458903847969;0.661896318238745;4.45318577827852;0.9549145359057
"11";6.53195265293386;0.660194971107227;4.52760456493216;0.952460010836229
"12";6.5414444901539;0.659962606092112;4.53418380513957;0.952124778981246
"13";6.56960088317225;0.659298169927618;4.55370032957497;0.951166200221743
"14";6.58257959043125;0.658327716329714;4.56269648391886;0.949766131628635
"15";6.59226395132032;0.65597913811744;4.56940917136464;0.946377849488647
"16";6.59978848388832;0.65457593022587;4.57462477989919;0.944353448422143
"17";6.62797452460954;0.653190040404508;4.59416185455624;0.942354032049645
"18";6.62569175025676;0.650941985375461;4.59257955594976;0.939110774207594
"19";6.64044722489395;0.649429474931871;4.60280727159236;0.936928682891334
"20";6.65611798758506;0.648083664331254;4.61366941656892;0.934987088611848
"21";6.67290481114005;0.646918706169156;4.62530515598662;0.933306409248546
"22";6.68121283806388;0.645901294712747;4.63106384142489;0.931838594785842
"23";6.7058560479431;0.645605103988696;4.64814521287262;0.931411281897095
"24";6.7211869765984;0.645333571261079;4.6587718028454;0.931019542977522
"25";6.71508920214278;0.643887382843532;4.6545451476738;0.928933134119337
"26";6.73765779680617;0.642675889718282;4.67018850543393;0.927185318995468
"27";6.76679685172463;0.642186056908332;4.69038615919484;0.926478639629688
"28";6.7639262949908;0.641114656087894;4.68839644088815;0.924932934979238
"29";6.76753176643662;0.64066397572668;4.69089556325541;0.924282740657088
"30";6.77899370998861;0.640182071195668;4.69884037711221;0.923587499380016
"31";6.76475907973159;0.638837807508387;4.68897368328324;0.921648136824728
"32";6.77370383377867;0.638143462850793;4.69517371433177;0.920646409230549
"33";6.76435976493977;0.636504454053559;4.68869689936114;0.918281819366807
"34";6.76463257918506;0.63503166081086;4.68888599978608;0.916157027859311
"35";6.75483672740771;0.633373239400944;4.68209603274542;0.913764431515521
"36";6.77361053722455;0.632947209002382;4.69510904608833;0.913149799572247
"37";6.77542498822035;0.63239958213269;4.69636672768033;0.912359741003085
"38";6.78341098753183;0.631726171669785;4.70190220058704;0.911388215067769
"39";6.78184040681541;0.630879126418368;4.70081355699161;0.91016618708414
"40";6.77324351760214;0.630079402798901;4.69485464747185;0.909012429784254
"41";6.76715177927558;0.629512720257984;4.69063217622609;0.908194879692715
"42";6.79222367424128;0.629772414039146;4.70801068953286;0.908569538622947
"43";6.78674435019178;0.629264373182506;4.70421271151657;0.907836590598503
"44";6.79135346947092;0.629011676617004;4.70740750954977;0.907472026516603
"45";6.8049221824161;0.628921273275121;4.71681262467155;0.90734160206359
"46";6.81537472051563;0.628558600480712;4.72405777198493;0.906818375821631
"47";6.82257484480507;0.628565105924144;4.72904851783584;0.906827761192609
"48";6.82258745292267;0.627913654607638;4.72905725711701;0.905887915608905
"49";6.81575101709953;0.627284466424736;4.72431860090112;0.904980188937646
"50";6.81497929267424;0.626566411538067;4.72378368229156;0.903944254713563
"51";6.80818218947413;0.625941488647175;4.71907228937243;0.903042681557935
"52";6.81024860587393;0.625489682565946;4.72050462007381;0.902390863165102
"53";6.80685675543276;0.625178156867173;4.71815356850363;0.901941426584373
"54";6.80433753183841;0.624946777888588;4.71640737577201;0.901607617279402
"55";6.80835034500527;0.625315336127676;4.71918884590474;0.902139334423214
"56";6.81519729773057;0.624673810608271;4.72393479188171;0.901213808737764
"57";6.80635872505058;0.623863676339937;4.7178083601484;0.900045032046385
"58";6.80521285037031;0.623758646672895;4.71701410034449;0.899893506266597
"59";6.82201250671256;0.623425459825663;4.7286587347725;0.899412819254405
"60";6.81765717113985;0.623027450135789;4.72563984619988;0.898838612648599
"61";6.80737460271487;0.622087783880088;4.71851251288719;0.897482960801408
"62";6.80837660677987;0.620955417144184;4.71920704917975;0.895849300927052
"63";6.80032813745902;0.620221359539392;4.71362827536218;0.894790279660891
"64";6.80190591857736;0.620365260470419;4.7147219098959;0.894997884820464
"65";6.79945746963938;0.620141950609721;4.7130247744178;0.894675716791853
"66";6.8017372463845;0.619144404942037;4.71460499524098;0.893236562604026
"67";6.80198453305625;0.619166914802928;4.7147764013003;0.893269037468704
"68";6.79950429142812;0.618344947062404;4.71305722880865;0.892083188685678
"69";6.80030503206486;0.617825656165772;4.71361225992336;0.891334010284329
"70";6.79564912148984;0.617402654404455;4.71038502863535;0.890723747740989
"71";6.79031500021873;0.616330896356203;4.70668769751552;0.889177527719744
"72";6.79697826789656;0.616352035641656;4.71130632271972;0.889208025262034
"73";6.79960517058763;0.616590243968541;4.71312715291364;0.889551687233931
"74";6.79114545365656;0.615823114290336;4.70726332397453;0.888444953051465
"75";6.78914411839057;0.615062646812735;4.70587610407756;0.887347830392772
"76";6.78459590686054;0.614075954244752;4.70272352407893;0.885924333918062
"77";6.77911518233333;0.613579892107788;4.69892457532547;0.885208667533091
"78";6.77707384762952;0.613395130248218;4.69750962993094;0.884942112514545
"79";6.77449399240582;0.613161626723462;4.69572141055638;0.884605238137348
"80";6.76968574933271;0.612726431098859;4.69238859042681;0.883977383567918
"81";6.77227831433974;0.612961084990187;4.69418561955185;0.884315917573261
"82";6.76581874097963;0.612376426931023;4.68970818448967;0.883472434290689
"83";6.76706782050935;0.611354789571495;4.69057398044399;0.881998523138511
"84";6.77170978568684;0.611212150393006;4.69379154551902;0.881792738303069
"85";6.77289656717632;0.611319268874039;4.6946141597624;0.881947277604443
"86";6.78981845353939;0.611730876205248;4.70634351758471;0.882541101459972
"87";6.79148010558493;0.611328113630316;4.70749528701515;0.881960037890461
"88";6.78562691139391;0.610801244360602;4.70343816196438;0.881199926207848
"89";6.79072509443071;0.611260152075912;4.70697195316231;0.881861990092951
"90";6.79087132442067;0.611273314818426;4.70707331206757;0.881880979916301
"91";6.78939737038974;0.611140638358612;4.70605164498676;0.881689568245685
"92";6.78226059458655;0.610498228807035;4.70110480896048;0.880762767171405
"93";6.78208945651557;0.609934752556405;4.7009861850891;0.879949842778962
"94";6.78314880363661;0.609485458790758;4.70172046855928;0.879301648891361
"95";6.78439897310946;0.609597790118993;4.70258702000461;0.879463708741542
"96";6.78411896127602;0.609572630249187;4.70239293059174;0.879427410722143
"97";6.78922420042689;0.610031350692476;4.70593161271525;0.880089204430832
"98";6.7901444222322;0.610114035272372;4.70656946186508;0.880208493064205
"99";6.80238907829869;0.610132679084493;4.7150568106945;0.880235390399496
"100";6.80615631597776;0.609934734787432;4.71766806087025;0.879949817143754
"101";6.81788049815496;0.609922176232506;4.72579464469074;0.879931698978841
"102";6.82131667747592;0.610229574106366;4.72817642269897;0.880375180367039
"103";6.81892201067914;0.610015349115999;4.7265165661604;0.880066119035801
"104";6.81460181247923;0.609628867615104;4.72352203295867;0.879508544091065
"105";6.81263299550224;0.609452738811507;4.72215735302203;0.879254443939558
"106";6.81449136477281;0.609618987050979;4.72344547644237;0.879494289450201
"107";6.8186645910033;0.608942464578607;4.72633813643787;0.87851827383426
"108";6.81768580202986;0.60885505359632;4.72565969162057;0.878392166443595
"109";6.819771058221;0.608521230114599;4.7271050810702;0.877910560961983
"110";6.82254738566518;0.608251962189821;4.72902948461045;0.877522089462237
"111";6.82532225863612;0.608499351007222;4.73095287998666;0.877878996082272
"112";6.82782463087339;0.608208278049636;4.73268739224764;0.877459066569826
"113";6.82802899392436;0.608226482281005;4.73282904592023;0.877485329724144
"114";6.83221724595746;0.608088260593043;4.73573212100845;0.87728591798038
"115";6.84476826445837;0.608190322265766;4.74443182409551;0.877433161849481
"116";6.84564383518384;0.60776521252664;4.74503872347525;0.876819858137011
"117";6.85834822639624;0.607399895898473;4.75384473642486;0.8762928176492
"118";6.85745177954462;0.607320503352866;4.75322336681713;0.876178278417369
"119";6.85886526244021;0.607445686463331;4.75420311850098;0.87635887947004
"120";6.85290924616008;0.606918200318112;4.75007472260904;0.875597877824194
"121";6.84973065408718;0.606636692813614;4.74787149047556;0.875191748343483
"122";6.8460398999314;0.606309826399719;4.74531325463834;0.874720179789123
"123";6.84816345688002;0.60649789621288;4.74678519215003;0.87499150717591
"124";6.84813391107267;0.606004259471673;4.74676471255697;0.874279339897372
"125";6.85447114326124;0.60607651945408;4.75115734718103;0.874383589015644
"126";6.85636344571072;0.605758080174558;4.75246899128866;0.873924178246254
"127";6.86616859164381;0.605660080305385;4.75926540054715;0.87378279432099
"128";6.86789619540806;0.605334461400232;4.76046288422547;0.873313025541307
"129";6.86818870346065;0.605360242978671;4.76066563535742;0.873350220496667
"130";6.87612851169677;0.605584272249933;4.76616909105047;0.873673426415331
"131";6.87764619164544;0.605717935125149;4.76722106662788;0.873866261182555
"132";6.87797268491273;0.60574668955976;4.76744737451557;0.873907745062772
"133";6.87650379036804;0.605617323240858;4.76642921440339;0.873721108916034
"134";6.87468864854628;0.605457462741262;4.76517105396731;0.873490478966033
"135";6.87592390272746;0.605093253687313;4.76602726692028;0.872965036370054
"136";6.87327839634735;0.604860444528014;4.76419354163174;0.87262916375046
"137";6.86751539515353;0.604353290406953;4.76019893360269;0.871897495015039
"138";6.87034091110283;0.604601940721194;4.76215743201657;0.87225622159031
"139";6.87364279574247;0.604892512308106;4.76444612404508;0.872675427777771
"140";6.87290763724681;0.604827817082794;4.76393655100654;0.872582092297043
"141";6.87068903797319;0.604632576490825;4.76239873517524;0.87230041966323
"142";6.8720944731963;0.604286262717836;4.76337290863759;0.871800794500348
"143";6.87262640875441;0.603865719540973;4.76374161826994;0.871194078944607
"144";6.86980443714275;0.603617766019794;4.7617855766037;0.870836357629231
"145";6.87284289177514;0.603420093495524;4.7638916728654;0.870551176458747
"146";6.87175530533479;0.602862689772135;4.76313781539065;0.86974701287124
"147";6.87088715169687;0.602786526199069;4.76253605714424;0.869637132062081
"148";6.87302162722545;0.6025144151463;4.76401556283884;0.869244558795681
"149";6.87821987595051;0.60205847372701;4.76761871428647;0.868586774371135
"150";6.87621768809409;0.601883219927816;4.76623090341884;0.868333936584141
"151";6.8793460571273;0.601705002033089;4.76839932359396;0.868076822511221
"152";6.88009586233519;0.601770584072485;4.76891904895978;0.868171437394229
"153";6.88088491013806;0.601839598482559;4.76946597521967;0.868271004141393
