"empEntropy";"evenness_log2";"entropy";"evenness"
"1";6.20945336562895;0.693147180559945;4.30406509320417;1
"2";6.78051930075454;0.686568500001241;4.6998978360503;0.990508970182365
"3";7.29141700566864;0.682895213099828;5.05402513976606;0.985209537385934
"4";7.58888721628234;0.679485656503314;5.26021577755352;0.980290586992513
"5";7.71936474724082;0.676707973325893;5.35065591026381;0.976283237247287
"6";7.79897056725715;0.673845251919904;5.40583445996429;0.97215320327142
"7";7.9480060432557;0.671072449600793;5.5091379799561;0.968152895116273
"8";8.04616141249556;0.668026793347565;5.57717409740153;0.963758941943489
"9";8.16545082574084;0.666190654142656;5.65985921786314;0.961109953018185
"10";8.31216576269531;0.665169922125016;5.76155426275916;0.959637347998259
"11";8.37752875316614;0.663778283715989;5.80686043531698;0.957629638166845
"12";8.40016579245681;0.662810843893193;5.82255123527753;0.956233917532139
"13";8.44881462495179;0.661129442429406;5.85627203635896;0.953808167978589
"14";8.53154534481752;0.660215388206982;5.91361660157959;0.952489466484794
"15";8.58875690264421;0.6592284425685;5.9532726315826;0.951065604906529
"16";8.62263359423137;0.657692281030621;5.97675416484294;0.948849392273827
"17";8.62844177506636;0.656991211843953;5.9807800890129;0.947837963234901
"18";8.66805117482695;0.65593009026847;6.00823523278062;0.946307088400172
"19";8.71239923843188;0.65487370976585;6.03897496803167;0.944783053487751
"20";8.740278103752;0.653599776401099;6.05829912492552;0.942945156140001
"21";8.77703963454562;0.652473452860624;6.08378027634819;0.94132021475372
"22";8.79109802760141;0.651648427345485;6.09352481185801;0.940129954534424
"23";8.81973619077047;0.650891041979541;6.11337527391506;0.939037278422933
"24";8.85476441132474;0.650258537543208;6.13765498623228;0.938124767409296
"25";8.89807698475401;0.64923968743258;6.16767697438758;0.936654877407284
"26";8.94562588755062;0.64883916013096;6.20063536229977;0.936077038655496
"27";8.95454385609538;0.647684777188897;6.20681682705289;0.934411616109695
"28";8.96744460170445;0.646608132031617;6.21575894249894;0.932858345480491
"29";8.9703694064806;0.645467597090399;6.21778626268322;0.931212901376834
"30";8.97221918266703;0.644632830215448;6.21906842983151;0.930008587346044
"31";8.98897704470048;0.644052125691987;6.23068409465221;0.929170807809825
"32";9.01140514456715;0.643453073472636;6.24623006884011;0.928306558143734
"33";9.00882268137397;0.642472500771256;6.24444004175885;0.926891890770222
"34";9.01791588684407;0.641663414783276;6.25074297149271;0.92572462642771
"35";9.03994628023679;0.641254672188654;6.26601327655949;0.925134935513449
"36";9.05338201408045;0.64017503096659;6.27532621759199;0.923577342476438
"37";9.06071406577795;0.639437276818069;6.28040840855382;0.922512988224972
"38";9.08034808283488;0.63887312249432;6.2940176721199;0.921699085579803
"39";9.07885495757042;0.638364257312223;6.29298271655262;0.92096494830511
"40";9.10764132452028;0.638004262094868;6.31293590564248;0.920445584990289
"41";9.12445738690091;0.637920741182134;6.32459191186973;0.920325089783677
"42";9.1239420297201;0.637692590618873;6.32423469349287;0.919995938097484
"43";9.12810821634108;0.636935726486373;6.32712247400289;0.918904013966899
"44";9.13280175798137;0.636323091196276;6.3303757891577;0.918020168072003
"45";9.15032709022121;0.635605517344185;6.34252342378812;0.916984927834119
"46";9.16809585710605;0.635394503547925;6.35483979445637;0.916680499276697
"47";9.17744903391986;0.634537093780702;6.36132292259414;0.915443518457514
"48";9.18404368342127;0.634034889647835;6.36589398530283;0.914718991045512
"49";9.20014064129734;0.633687885128098;6.37705154627022;0.914218369345722
"50";9.21397572738322;0.633293271581329;6.38664129718345;0.91364906233873
"51";9.21296355991233;0.633140339737724;6.38593971615475;0.913428428326367
"52";9.21472190706866;0.632268253020692;6.3871585095286;0.912170273144481
"53";9.23236009584624;0.631851101762173;6.39938437034996;0.911568451092515
"54";9.24970030270494;0.631523227079565;6.4114036858444;0.911095427913883
"55";9.25531574314825;0.630888275089121;6.41529601255529;0.910179385826068
"56";9.26214471298139;0.630349344256973;6.42002949374125;0.909401872987146
"57";9.26288212970061;0.63001700774203;6.42054063206108;0.90892241274513
"58";9.2634453681556;0.629599023489343;6.42093103920814;0.908319388936609
"59";9.26849383331066;0.629112871517377;6.42443036859652;0.907618019897535
"60";9.27222195554356;0.628768744986813;6.42701450601104;0.907121550258452
"61";9.27972729301407;0.628390767043659;6.43221680951788;0.906576243354299
"62";9.27851685316885;0.628088862876887;6.43137779655192;0.906140687710073
"63";9.27743491496217;0.628015623441243;6.43062785413442;0.906035025539472
"64";9.27603821650776;0.627483410430453;6.42965973653866;0.905267204468108
"65";9.28437335175732;0.627035799840738;6.43543721203648;0.904621438890077
"66";9.29318366691851;0.626491722883052;6.4415440571503;0.903836501761362
"67";9.31009028320286;0.626161867164076;6.4532628305606;0.903360620551387
"68";9.31485552860057;0.625793121655205;6.4565658469727;0.902828633234387
"69";9.31079437400374;0.62504212559957;6.45375086911409;0.901745174949196
"70";9.32195016916041;0.624776332070703;6.46148347707384;0.9013617159432
"71";9.32255499427733;0.624215185747431;6.46190270989837;0.900552152925402
"72";9.32994826017143;0.623981407669483;6.46702733130799;0.900214882451677
"73";9.32839699148087;0.623811800764605;6.46595207378884;0.89997019141111
"74";9.34344970358835;0.623577086708363;6.47638581874592;0.899631570606142
"75";9.34381418474004;0.623149730046932;6.47663845782858;0.899015025270005
"76";9.34806941451916;0.622856913331328;6.47958795835262;0.898592580046514
"77";9.36028165258382;0.622404963329789;6.48805283673546;0.897940554020564
"78";9.36401715874935;0.622029070006655;6.49064209230206;0.897398254587375
"79";9.3711604455769;0.621699955432488;6.49559344142651;0.89692344262334
"80";9.37577984304801;0.621455356643362;6.49879536375949;0.89657056116326
"81";9.39350648952466;0.621720113649067;6.51108253878557;0.896952524782432
"82";9.40075768373608;0.621539792576294;6.51610868360891;0.896692376464975
"83";9.40977123400307;0.621422112239072;6.5223564005633;0.896522599626054
"84";9.40973222892351;0.621419536340219;6.52232936430238;0.896518883389553
"85";9.41326332166872;0.621122261979434;6.52477693128302;0.896090007143465
"86";9.42694195653116;0.621032729374715;6.53425823847183;0.895960838898639
"87";9.42787587610628;0.620920678461098;6.53490558219219;0.895799183601237
"88";9.43095999822261;0.620548260827907;6.53704333274163;0.895261898528692
"89";9.43735709019781;0.620398181007372;6.54147745900802;0.895045379115869
"90";9.43789534948237;0.620036731520886;6.54185055191352;0.894523917734184
"91";9.44524917949628;0.619676723414116;6.54694783845399;0.894004535823867
"92";9.45405160387701;0.619642087381694;6.55304921409558;0.893954566591656
"93";9.45035816418154;0.619123726985818;6.5504891167841;0.893206730619132
"94";9.44959254805216;0.618853385815058;6.54995843212262;0.892816710752728
"95";9.45712959944348;0.618635836928373;6.55518271804425;0.892502854052758
"96";9.45362068628146;0.618189094791379;6.55275052477917;0.891858341387159
"97";9.4606332593476;0.617892445544038;6.55761127002844;0.891430366989137
"98";9.46850363182488;0.617606122738403;6.56306659652101;0.891017290497354
"99";9.47226122337313;0.617533652903933;6.56567116050838;0.89091273862655
"100";9.4769960498362;0.617368597386246;6.5689530921217;0.890674613849713
"101";9.47691712371464;0.617049516139396;6.56889838470307;0.89021427691724
"102";9.47918890414556;0.616781064547121;6.57047306290361;0.889826983136347
"103";9.48162246158515;0.616525554296762;6.57215987638159;0.889458359765257
"104";9.48037696205069;0.616135920416955;6.5712965618909;0.888896236899098
"105";9.489235408965;0.61594559995842;6.57743676939369;0.88862166251739
"106";9.49284372186837;0.61567386196654;6.57993786130924;0.888229627464084
"107";9.49222515830743;0.615281912426776;6.57950910572097;0.887664163806788
"108";9.49279673690179;0.615218779298437;6.57990529381212;0.887573081955617
"109";9.50671806542008;0.615175475459309;6.58955482342423;0.887510607721656
"110";9.50748290436568;0.614929176810554;6.59008496938295;0.887155273882519
"111";9.50800470713052;0.61491375512274;6.59044665549821;0.887133025089987
"112";9.50884396898447;0.614624839563003;6.59102838748603;0.886716208044719
"113";9.51267035794024;0.614384809394163;6.59368063820244;0.88636991771047
"114";9.51296759449064;0.614210074652175;6.59388666687931;0.886117828764733
"115";9.51625708133473;0.614036190696006;6.59616676541078;0.885866967243478
"116";9.51896779402144;0.61387488860687;6.59804568826689;0.885634257519396
"117";9.52117418964141;0.61377803317313;6.59957504517006;0.885494524665457
"118";9.52212341283576;0.613316133890831;6.60023299655095;0.884828144861493
"119";9.52793661560924;0.612983558215273;6.60426240166341;0.884348339583646
"120";9.52838658002094;0.612918815839097;6.60457429322673;0.884254936078601
"121";9.53052610714302;0.612636408949245;6.60605730041914;0.883847509059098
"122";9.53344431892272;0.612267992844796;6.60808005068651;0.883315996972227
"123";9.53161212735271;0.61187415964524;6.60681007226551;0.88274781576829
"124";9.5322681848554;0.611870358915022;6.60726481667379;0.882742332473652
"125";9.5334045302847;0.611668456932701;6.60805247130425;0.882451049485012
"126";9.53395229659641;0.61147544442083;6.60843215397882;0.882172591291306
"127";9.5328429211445;0.61126780101438;6.60766319351214;0.881873025178547
"128";9.53348894724331;0.610991844111433;6.6081109846811;0.881474903523167
"129";9.53740075141943;0.61074674435484;6.61082244071668;0.881121299319807
"130";9.53853564399229;0.610550552412037;6.6116090883038;0.880838254176863
"131";9.538692537451;0.610560594979519;6.61171783856235;0.880852742539167
"132";9.53882154746416;0.610345646715128;6.61180726148924;0.880542637744083
"133";9.54697231243423;0.61046701036794;6.61745694124765;0.880717728484138
"134";9.54781164964404;0.6102111287163;6.61803872546817;0.880348569294263
"135";9.55140457331862;0.610044795975555;6.62052915038317;0.880108601874052
"136";9.55464165842566;0.609988837749799;6.62277292679835;0.880027871219258
"137";9.55551807224127;0.609870230886563;6.62338041056364;0.879856757685852
"138";9.55782710252293;0.609756590004525;6.6249809083932;0.879692808548893
"139";9.55574372761888;0.609450297214051;6.62353682295241;0.879250921459017
"140";9.55521968853611;0.609330365260913;6.62317358673968;0.87907789622498
"141";9.55399012415345;0.609122428212074;6.62232131765453;0.878777906475802
"142";9.5553682463745;0.608994961650317;6.62327655918652;0.878594011099277
"143";9.55957984161375;0.608877437631369;6.62619581455226;0.878424459779955
"144";9.55959962066263;0.608707913310236;6.62620952434422;0.878179887882546
"145";9.55836698253565;0.608416613554017;6.62535512470185;0.877759631168837
"146";9.55778043032379;0.608294357080022;6.62494855768995;0.877583252360088
"147";9.56551145942544;0.608194616416159;6.63030729871459;0.877439356998958
"148";9.5640058408169;0.608056832920081;6.62926368342108;0.87724057743245
"149";9.56269871139335;0.607805816271946;6.62835765034652;0.876878436959005
"150";9.56074691872345;0.607472534002227;6.62700477076034;0.876397612281265
"151";9.55856694645984;0.607334022514967;6.62549372913212;0.876197782445489
"152";9.55776902586331;0.607074849620809;6.62494065272033;0.875823874996354
"153";9.55394968983422;0.606749094019953;6.62229329072016;0.875353909006457
"154";9.55240704344688;0.606443720434878;6.62122400972617;0.874913348049652
"155";9.55418973222434;0.606185202102124;6.62245967542608;0.874540384933008
"156";9.55397961921275;0.605966317554755;6.6223140361845;0.874224601281992
"157";9.55489526234639;0.605860413537772;6.62294871164098;0.87407181408188
"158";9.55440033436666;0.605747204713127;6.62260565370725;0.87390848827198
"159";9.55421500472461;0.605572122482286;6.62247719298839;0.873655898005799
"160";9.55679037344458;0.605328753239778;6.62426230255554;0.873304790406527
"161";9.55701974991586;0.605060202502092;6.6244212942099;0.87291735358904
"162";9.55444861094376;0.60469605147223;6.62263911648056;0.872391994704124
"163";9.5590408690917;0.604585678554966;6.6258222272682;0.872232760243738
"164";9.5627995719564;0.604663650423189;6.62842756156143;0.872345249871352
"165";9.560973624713;0.604388872038278;6.62716191137782;0.871948828458098
"166";9.567488783653;0.604245871811019;6.63167787542797;0.871742522739385
"167";9.56967712785451;0.604029875678354;6.63319472004135;0.871430906189938
"168";9.56790329343216;0.60383948571119;6.63196519171271;0.871156231528475
"169";9.56788154209786;0.603838112963775;6.63195011483668;0.871154251072587
"170";9.56924228724299;0.603806517173282;6.63289331149748;0.871108667982331
"171";9.57059836635939;0.603735771251123;6.63383327391363;0.871006603191269
"172";9.56843748822196;0.603482504727572;6.63233546732514;0.870641216833718
"173";9.56942547301825;0.603428069310165;6.63302028620112;0.870562683126976
"174";9.57094386647168;0.603174815783731;6.63407275634234;0.870197315520303
"175";9.57183078043418;0.603114796653941;6.63468751825486;0.870110726219396
"176";9.57036327344241;0.603022329998268;6.63367031992106;0.869977325033809
"177";9.57050091288325;0.602799848583215;6.63376572431141;0.869656352199622
"178";9.56871765900783;0.60264909431253;6.63252966691544;0.869438859760913
"179";9.56919059297208;0.602563708940311;6.63285747975935;0.869315674707847
"180";9.57269329764769;0.602516261787801;6.63528536962958;0.869247222936217
"181";9.57121216255578;0.602232332282518;6.6342587250166;0.868837599246983
"182";9.57121085651284;0.601966236806003;6.63425781973662;0.868453704622611
"183";9.57112314594458;0.60177140393159;6.63419702340352;0.868172620200894
"184";9.57093270341177;0.60175943011529;6.63406501869884;0.868155345635497
"185";9.5709700057335;0.60164846238988;6.63409087469798;0.867995253048349
"186";9.56977787276884;0.601498104278172;6.63326455109467;0.867778332146232
"187";9.57195596999649;0.601484408068578;6.634774293047;0.867758572692571
"188";9.57353540246762;0.601358402152656;6.63586907221125;0.867576784582547
"189";9.57765625653922;0.601355367377146;6.63872543059248;0.867572406326969
"190";9.57590257454585;0.601245258384806;6.63750987086318;0.867413552629763
"191";9.58069487323742;0.601173814197032;6.64083163918964;0.867310480454361
"192";9.58233432487706;0.601054309459084;6.64196802047132;0.867138071561561
"193";9.58363610575167;0.600914348008046;6.64287034621426;0.866936149870232
"194";9.58227537078748;0.600681741455683;6.64192715661035;0.86660056955066
"195";9.58232656555057;0.600574714499933;6.64196264211604;0.866446162292358
"196";9.58031303266636;0.600338497986668;6.64056696747439;0.866105373900095
"197";9.58002885647104;0.600101244338781;6.64036999154582;0.865763089238855
"198";9.57922768781375;0.599941634828543;6.63981466374986;0.865532821389957
"199";9.58226400546823;0.599695885760246;6.64191927877135;0.865178280427821
"200";9.58470907414538;0.599559920076145;6.64361407123119;0.864982123409638
"201";9.58527540155906;0.599487315861388;6.64400661948126;0.86487737766906
"202";9.58567160364988;0.599440176840025;6.64428124584345;0.864809370436707
"203";9.58706713743994;0.599383838852295;6.6452485561554;0.864728091901195
"204";9.58544221488861;0.599210581672178;6.64412224567032;0.864478134626643
"205";9.58576608301262;0.599052016490148;6.64434673394734;0.864249373424871
"206";9.58508616174613;0.598866858217434;6.64387544843848;0.863982246503046
"207";9.58471433888491;0.598701293849402;6.64361772047056;0.863743387610339
"208";9.58485943839633;0.598532898089993;6.6437182957878;0.863500443883333
"209";9.58752487613291;0.598487004044902;6.64556583643987;0.863434232772073
"210";9.58466917782933;0.598202876611573;6.64358641721221;0.863024323533028
"211";9.58466640953533;0.598167455944828;6.64358449837703;0.862973222312771
"212";9.58435213726351;0.597901677974701;6.64336666143789;0.862589785753291
"213";9.5834397575172;0.597774615010079;6.64273424798913;0.86240647264435
