"ShannonWiener";"Pielou";"Richness"
"1";2.484906649788;1;12
"2";2.89439954443004;0.983005443451041;19
"3";3.26840489402363;0.970631942972695;29
"4";3.54948732559328;0.962212880563173;40
"5";3.64290922328198;0.956982457223778;45
"6";3.64380586447125;0.951722944805607;46
"7";3.71093480778195;0.943819781044226;51
"8";3.76226477957586;0.934642502973141;56
"9";3.88456148630758;0.934039598720701;64
"10";3.98761903900171;0.929415390985347;73
"11";4.00093000258541;0.929570049696184;74
"12";4.03614413740811;0.93197706260558;76
"13";4.07600424850121;0.93284194848552;79
"14";4.12263116665562;0.927966416592531;85
"15";4.14475892064871;0.925719706242771;88
"16";4.21537529436392;0.92566738071884;95
"17";4.21697864968828;0.923895038851573;96
"18";4.25419860693819;0.921795777903087;101
"19";4.25416519347779;0.917888662806752;103
"20";4.28739375523534;0.915692779048544;108
"21";4.29640862140265;0.914036074412652;110
"22";4.30679859894151;0.914485822331366;111
"23";4.30779341223916;0.911241805715134;113
"24";4.33093953821411;0.909445895406599;117
"25";4.38268427020753;0.907704948074944;125
"26";4.42655744536943;0.909404440877685;130
"27";4.43386867046897;0.906656877498076;133
"28";4.42818018561939;0.904108824805534;134
"29";4.42924490620095;0.902955513454637;135
"30";4.44048043303919;0.901207998771331;138
"31";4.4579349494001;0.899534002616679;142
"32";4.47576850660417;0.898098274271478;146
"33";4.481237361762;0.896747449630859;148
"34";4.49081551900562;0.896256713055307;150
"35";4.51471380361345;0.895168203939002;155
"36";4.52113476019918;0.89416830871175;157
"37";4.52689502512718;0.894184700849065;158
"38";4.53913481043171;0.892196336214316;162
"39";4.54380065610907;0.890964640038158;164
"40";4.55430136600763;0.890906151298104;166
"41";4.55937273930974;0.891898206348325;166
"42";4.56348205325676;0.892702064674508;166
"43";4.57122292716506;0.89212628065692;168
"44";4.56830136049735;0.89052467005011;169
"45";4.57539148648186;0.888857969074353;172
"46";4.5939401481151;0.888493253730922;176
"47";4.59383052000877;0.887499542584619;177
"48";4.5981519767146;0.887368592703068;178
"49";4.6047005380649;0.886720354180399;180
"50";4.60674268138745;0.885229969597745;182
"51";4.60911539110875;0.884754322380681;183
"52";4.61920277163488;0.883025589786426;187
"53";4.62926223258287;0.883152548049897;189
"54";4.65455086358602;0.884443259342726;193
"55";4.65828117939078;0.882565362850586;196
"56";4.65999451132265;0.882039525747344;197
"57";4.66645076093091;0.881576050397549;199
"58";4.6748922113778;0.881505456017376;201
"59";4.67495964508387;0.880694025166178;202
"60";4.68577186619595;0.881095550987902;204
"61";4.69522839810727;0.880456776388963;207
"62";4.6920547925097;0.87986165676601;207
"63";4.6900903324857;0.879493278064608;207
"64";4.69912315253383;0.878815906644635;210
"65";4.70392843028234;0.877387071043889;213
"66";4.708342758333;0.876682199335345;215
"67";4.71650687535593;0.87594227877569;218
"68";4.7251439766185;0.876801091823544;219
"69";4.72583715565813;0.875452893320428;221
"70";4.72881645223993;0.874545261757606;223
"71";4.72677968693344;0.873445831756341;224
"72";4.72784990262154;0.873643593339016;224
"73";4.72877580676181;0.873814688072744;224
"74";4.73122605092336;0.872833779610045;226
"75";4.72954951287837;0.871814394167288;227
"76";4.7355529482926;0.871511819190426;229
"77";4.75015196558059;0.870737370932769;234
"78";4.7584304774438;0.870896222147068;236
"79";4.75725467648963;0.870681025011408;236
"80";4.75905431149927;0.870336863286827;237
"81";4.77284382146926;0.872187087607464;238
"82";4.77779773018428;0.872423907304046;239
"83";4.77856408023532;0.87256384250927;239
"84";4.78127239011192;0.87305837878271;239
"85";4.79101634727931;0.872849463102571;242
"86";4.80385941249334;0.871940607373039;247
"87";4.80249168676672;0.871692353729795;247
"88";4.80647867108748;0.871140861785557;249
"89";4.80399299865922;0.870690350929388;249
"90";4.81070066614274;0.870643677384871;251
"91";4.81137167320477;0.870765116671282;251
"92";4.81828961521211;0.870766394635297;253
"93";4.81269124724235;0.869754651655489;253
"94";4.81540101689584;0.870244364092868;253
"95";4.81391956568813;0.869976634663966;253
"96";4.81051382293274;0.869361145231615;253
"97";4.81323634242748;0.869233481369559;254
"98";4.81336870873965;0.869257385707963;254
"99";4.81509944657641;0.868340011620373;256
"100";4.81516982288407;0.867742620432099;257
"101";4.81927685613786;0.867271184680834;259
"102";4.82038849796699;0.866870074179496;260
"103";4.82636014999506;0.866156987427854;263
"104";4.82396540803048;0.865727217907709;263
"105";4.82297191238884;0.865548921393308;263
"106";4.82882220110627;0.865422225036276;265
"107";4.82944229110133;0.865533357656384;265
"108";4.82941751784061;0.865528917788955;265
"109";4.84239061281177;0.866106580053118;268
"110";4.84254659779743;0.866134479417971;268
"111";4.84254659779743;0.866134479417971;268
"112";4.8432404714007;0.866258585162751;268
"113";4.84315839655302;0.865093490991437;270
"114";4.84314108289186;0.865090398394757;270
"115";4.84304924444663;0.865073994049764;270
"116";4.84649657047039;0.865118489170022;271
"117";4.84791302027106;0.865371330968984;271
"118";4.84557687882412;0.864954320633852;271
"119";4.84718949873191;0.864673679414204;272
"120";4.84906315606652;0.865007914785424;272
"121";4.85530698483472;0.864991301251274;274
"122";4.86023665610382;0.864193016959276;277
"123";4.85697031491885;0.863612232638926;277
"124";4.85697031491885;0.863612232638926;277
"125";4.85363726223255;0.863019586424252;277
"126";4.85424367821158;0.862574714989674;278
"127";4.85286652656213;0.862330002060068;278
"128";4.85153567031702;0.862093515591235;278
"129";4.85700297364024;0.862514705861281;279
"130";4.860411394955;0.863119979015057;279
"131";4.860411394955;0.863119979015057;279
"132";4.86067640735459;0.862618970656993;280
"133";4.86213542799293;0.862332313793142;281
"134";4.86280403662337;0.861907857658989;282
"135";4.86660483829731;0.861502395500645;284
"136";4.86992047055572;0.862089339628663;284
"137";4.87123977814672;0.86232288779783;284
"138";4.87501390626095;0.862990996370309;284
"139";4.87430177193547;0.862864932009692;284
"140";4.87710888064369;0.862824982959435;285
"141";4.88111872919906;0.863534378135168;285
"142";4.88210168744918;0.86370827643356;285
"143";4.88569175189204;0.86327539616383;287
"144";4.88445159855184;0.863056267753683;287
"145";4.88368698491646;0.862921164645973;287
"146";4.88830205792705;0.863736623169322;287
"147";4.89480788073018;0.864354942595798;288
"148";4.89492860584311;0.864376260970411;288
"149";4.89438477356005;0.863751539189231;289
"150";4.89147029835537;0.863237198253558;289
"151";4.89110892068287;0.86317342302229;289
"152";4.88865758638142;0.862740816295622;289
"153";4.88645605717993;0.862352294688855;289
"154";4.88354814521891;0.861839112021705;289
"155";4.88155781442123;0.861487862299926;289
"156";4.8794977530645;0.86112430666423;289
"157";4.88062357410943;0.860798249629518;290
"158";4.87910914876968;0.860531149603906;290
"159";4.87895867128673;0.860504609807922;290
"160";4.8799452002429;0.860156379327184;291
"161";4.87994727198496;0.859636940752136;292
"162";4.87756468927351;0.859217232095668;292
"163";4.88277750238306;0.859617803626571;293
"164";4.88472341727299;0.859960383865566;293
"165";4.88192515634767;0.859467747264897;293
"166";4.88559620774148;0.859085172981283;295
"167";4.88710529935399;0.859350532248369;295
"168";4.88889582787304;0.85864520997665;297
"169";4.88889582787304;0.85864520997665;297
"170";4.8892820238463;0.858713038241809;297
"171";4.88863212568245;0.8585988955059;297
"172";4.88524902459609;0.858004715624605;297
"173";4.88577156454165;0.85809649021688;297
"174";4.88565261591481;0.857569325040455;298
"175";4.88469830936318;0.857401817423826;298
"176";4.88306180197089;0.857114564389247;298
"177";4.88801931326469;0.856978563783556;300
"178";4.88649154555934;0.856710712105808;300
"179";4.88604006699364;0.85663155786602;300
"180";4.88823310864014;0.857016046870682;300
"181";4.88699071274416;0.856798227221792;300
"182";4.88866801840687;0.855599690222311;303
"183";4.88752222605194;0.855399157156812;303
"184";4.88752222605194;0.855399157156812;303
"185";4.88582025589389;0.855101283557191;303
"186";4.88326466206223;0.854654011359024;303
"187";4.88204986787504;0.854441401804369;303
"188";4.88043690668716;0.854159106281848;303
"189";4.88410042824188;0.85480028459372;303
"190";4.88217196631683;0.854462771099355;303
"191";4.87944708869094;0.853985871370466;303
"192";4.87701985080622;0.853561063636655;303
"193";4.87584754901387;0.853355890970683;303
"194";4.87666675393057;0.853007368274786;304
"195";4.87727868834475;0.853114405435726;304
"196";4.87542106945793;0.852789478046209;304
"197";4.8754366965851;0.852302616882294;305
"198";4.8761748905185;0.852431664731821;305
"199";4.87495471749375;0.852218359395958;305
"200";4.87505436492972;0.852235779326876;305
"201";4.87545552641909;0.852305908631892;305
"202";4.87623900836317;0.852442873534275;305
"203";4.87714962058727;0.852602062798717;305
"204";4.87540470927117;0.852297024999337;305
"205";4.87563838311076;0.852337874842617;305
"206";4.87761567619181;0.852195885849238;306
"207";4.87621520485831;0.85195120156333;306
"208";4.87649292069367;0.85199972287129;306
"209";4.87769271986354;0.852209346585884;306
"210";4.87593157213215;0.851901646481837;306
"211";4.87438815753895;0.851631987768688;306
"212";4.87173837061191;0.851169028473099;306
"213";4.87049292706999;0.850951429971507;306
