"ShannonWiener";"Pielou";"Richness"
"1";4.61512051684126;1;101
"2";4.99193594501089;0.993641453911406;152
"3";5.19195185103431;0.988515149137093;191
"4";5.38175892400966;0.983459928234674;238
"5";5.52550694423395;0.979985699425126;281
"6";5.61234913979234;0.976163771296934;314
"7";5.72830369552195;0.972732621741003;361
"8";5.79410558035207;0.970331855445045;392
"9";5.8833809620703;0.968769606255128;434
"10";5.94339738165662;0.96597685558034;470
"11";5.99295405517476;0.962485949008402;506
"12";5.99944067593807;0.961106391233927;514
"13";6.08480279891764;0.960228836499311;565
"14";6.12993109797288;0.958261451722304;600
"15";6.18342038916398;0.956046447279154;644
"16";6.20176024298192;0.953707593078024;667
"17";6.21275171986109;0.951288949816754;686
"18";6.21000138193178;0.949182727785161;694
"19";6.22936504196988;0.947622166542069;716
"20";6.22841120447418;0.946674781638451;720
"21";6.23694115949765;0.944233134393176;739
"22";6.24861591943568;0.942191532688264;759
"23";6.25458584660864;0.94086628240307;771
"24";6.27235435970477;0.939208302303247;795
"25";6.28741944512056;0.937974488989943;815
"26";6.30130212857987;0.936158844696698;838
"27";6.33256992257043;0.935595224011162;870
"28";6.33634302986022;0.934574633208805;880
"29";6.33747881002204;0.932724711737282;893
"30";6.33528465351163;0.931941774808698;896
"31";6.34550454770337;0.931021086346166;912
"32";6.35906679750474;0.930196842978373;931
"33";6.3658117234816;0.929298463865167;944
"34";6.37472149336503;0.928180728955393;961
"35";6.3765634006628;0.92774791267483;966
"36";6.38744144437021;0.926841000917113;984
"37";6.39349100984255;0.925820942919275;998
"38";6.39587249541049;0.924301259161072;1012
"39";6.40081670116053;0.923182773848701;1026
"40";6.40492744776533;0.922485167007101;1036
"41";6.42122247414499;0.921791584650318;1060
"42";6.42662183168006;0.920955142491423;1073
"43";6.43037298915998;0.919784049664898;1087
"44";6.43748709982725;0.919119199209307;1101
"45";6.44052757937783;0.9182499564627;1112
"46";6.44680286142927;0.91774020787099;1124
"47";6.45996349682282;0.916856137337789;1148
"48";6.47625545396313;0.916698705290077;1170
"49";6.48572659896536;0.915950797782351;1189
"50";6.49101525839359;0.915507040155098;1200
"51";6.49019695003449;0.914641292901339;1207
"52";6.4971474524384;0.91381963452175;1224
"53";6.50323213569238;0.912904386793167;1241
"54";6.49993455275308;0.912029484812242;1245
"55";6.49988293413588;0.912022242016108;1245
"56";6.50936114340437;0.911819920927794;1260
"57";6.51029593105053;0.911344404631366;1266
"58";6.51532104062203;0.910745373925811;1279
"59";6.51327753556238;0.910062490776716;1283
"60";6.51245039336596;0.909946918995322;1283
"61";6.51693692202268;0.908999687122139;1299
"62";6.5250599025371;0.908389034372599;1317
"63";6.52389411701474;0.907652377966201;1323
"64";6.52258392265628;0.906899167653055;1329
"65";6.53487555968962;0.906818404779159;1348
"66";6.53896070591729;0.906178403267;1361
"67";6.55379759782106;0.905588523482093;1390
"68";6.55817321339239;0.904851116999371;1405
"69";6.56239143858076;0.904284000358373;1418
"70";6.56818099626764;0.903771312738354;1433
"71";6.57631835798888;0.903596298879889;1448
"72";6.57998899385303;0.903076566126534;1460
"73";6.58183399809165;0.902484305823966;1470
"74";6.58473948474524;0.902378698592163;1476
"75";6.58979983938533;0.901905361050223;1490
"76";6.58635432742362;0.901020671839315;1495
"77";6.58826633295755;0.900461006120808;1505
"78";6.59226608868299;0.899949765734576;1518
"79";6.59171225974579;0.899148552229678;1527
"80";6.5976370144772;0.898837749296809;1541
"81";6.60144950461563;0.898407726501483;1553
"82";6.60241523982369;0.898224707691018;1557
"83";6.60257022799973;0.897697961037043;1564
"84";6.60947440283162;0.897317722959631;1581
"85";6.61258056576793;0.896971608478017;1591
"86";6.62274866785413;0.896831156176031;1611
"87";6.62416469728096;0.896271854495814;1621
"88";6.62174369038751;0.895645617572741;1625
"89";6.62592579830661;0.895320294971842;1637
"90";6.62866740440324;0.894880935785211;1648
"91";6.63128142335427;0.89443053637917;1659
"92";6.64069319319777;0.894111259175212;1681
"93";6.64031672855684;0.89363187847282;1687
"94";6.64842293916117;0.893587616550727;1703
"95";6.6539318437688;0.893066001226649;1721
"96";6.65141264749106;0.892172548190262;1729
"97";6.6504640188502;0.891562122631484;1736
"98";6.65060553577332;0.891512268460464;1737
"99";6.65466992067095;0.891302852821713;1748
"100";6.65463377620126;0.890957161377689;1753
"101";6.65548196618297;0.89059553548641;1760
"102";6.66243077619022;0.890380070835283;1777
"103";6.6610038759302;0.889988747668846;1780
"104";6.66559318229694;0.889869437060507;1791
"105";6.66337883987954;0.889308955880953;1795
"106";6.6681371506957;0.889284642794548;1805
"107";6.67054432777072;0.889081311434908;1813
"108";6.67450737481082;0.888892869532086;1824
"109";6.67334321054097;0.888413940300462;1829
"110";6.68063092097316;0.888290058403149;1846
"111";6.68110936400338;0.887843178371142;1854
"112";6.68324151348073;0.887681972639454;1861
"113";6.68882483841209;0.887540051552785;1875
"114";6.6907072856964;0.887288569021696;1883
"115";6.69217359026494;0.886860081989154;1893
"116";6.6936009701342;0.886430317215945;1903
"117";6.69656781017607;0.88639221919587;1910
"118";6.69851389402632;0.886098442318482;1919
"119";6.69941804368686;0.885730611046205;1927
"120";6.70024927208471;0.885476562670245;1933
"121";6.69983700422395;0.884939064270983;1941
"122";6.70292643884981;0.884806486516056;1950
"123";6.70281832524395;0.88455294532775;1954
"124";6.70517761000684;0.884268608209221;1964
"125";6.70390990692018;0.883805074250844;1969
"126";6.70356105712378;0.883345807538192;1976
"127";6.7056452753108;0.882974538825972;1987
"128";6.7082436712206;0.882907840419193;1994
"129";6.70783451604236;0.882679335087477;1997
"130";6.70872808229261;0.882332728103352;2005
"131";6.70590082353501;0.881903051736841;2006
"132";6.709534845772;0.881861804826328;2015
"133";6.70993912272927;0.881685126935837;2019
"134";6.71066533885839;0.881494060758014;2024
"135";6.71367452271457;0.881261911226024;2035
"136";6.71350419512463;0.88123955339248;2035
"137";6.71310151769891;0.880959621193569;2039
"138";6.71664326974405;0.880802508684188;2050
"139";6.72370716991108;0.880719172128334;2068
"140";6.72539451759395;0.880494889305249;2076
"141";6.72425826580212;0.880179727326926;2079
"142";6.72484658830979;0.880090621829741;2082
"143";6.72387627882302;0.879687488094897;2087
"144";6.72368089676014;0.879551703843809;2089
"145";6.72859619081524;0.879480956875917;2102
"146";6.72851931972065;0.879088896370466;2109
"147";6.72741933794856;0.878673338400699;2114
"148";6.72657007593379;0.878508150988143;2115
"149";6.72965806501113;0.878424296746456;2124
"150";6.72956663050522;0.878196686679365;2128
"151";6.72646303058062;0.877684076025842;2130
"152";6.72682809637879;0.877570546097118;2133
"153";6.73179312064609;0.877629339895534;2144
"154";6.73390835427695;0.877372838376551;2154
"155";6.73495659673254;0.877138621624893;2161
"156";6.73390150396611;0.876948371096714;2162
"157";6.7333790116814;0.876722008313163;2165
"158";6.73704607980064;0.87651623967647;2178
"159";6.74013993927599;0.876500664660902;2186
"160";6.73908723327339;0.87625956165331;2188
"161";6.74083999623028;0.876227406052367;2193
"162";6.74144288963532;0.876046436560194;2198
"163";6.74142016300865;0.875888237285123;2201
"164";6.74275763738814;0.875700732642345;2208
"165";6.74306976674635;0.875484084483548;2213
"166";6.74423508635199;0.875276489068465;2220
"167";6.74568058100852;0.874852012921972;2232
"168";6.7467440569906;0.874685402635376;2238
"169";6.74667939466863;0.874575737748473;2240
"170";6.74507166212967;0.874316740399837;2241
"171";6.74461398483718;0.873954514568481;2247
"172";6.74353917741673;0.873613906800743;2251
"173";6.74251176098121;0.873279951115817;2255
"174";6.74332719787264;0.873285293462269;2257
"175";6.74453386309058;0.873141361770312;2263
"176";6.74495659019379;0.872896870030439;2269
"177";6.74850050758232;0.872809231001705;2280
"178";6.74768168800098;0.872653839208094;2281
"179";6.74753306496316;0.872634618315565;2281
"180";6.74911924213816;0.872444723476123;2289
"181";6.74937181010342;0.872182227751179;2295
"182";6.75156012038092;0.872219717820174;2300
"183";6.75340228233139;0.872164155874406;2306
"184";6.75323265733199;0.872142249753871;2306
"185";6.75307360524497;0.87197530288746;2309
"186";6.75275571260112;0.871739428541093;2313
"187";6.75177941623156;0.871419019037;2317
"188";6.75117890932854;0.871244493630961;2319
"189";6.75226488644599;0.871045839225229;2326
"190";6.751526298085;0.870757557101238;2330
"191";6.75165802431438;0.870581954863203;2334
"192";6.75109833687697;0.870413654826862;2336
"193";6.75165892965759;0.870293961841034;2340
"194";6.751661204785;0.870294255106683;2340
"195";6.75912031393185;0.870396006183844;2358
"196";6.76047377977873;0.870427781734216;2361
"197";6.75948055051795;0.870110262604165;2365
"198";6.76069985478091;0.870077947202655;2369
"199";6.75968776964065;0.869806027942881;2372
"200";6.75753050081715;0.869434150545705;2374
"201";6.75674956550451;0.869286572206067;2375
"202";6.75960326184821;0.869371504665321;2381
"203";6.76071678241604;0.869233355428049;2387
"204";6.76102458231871;0.869039128768346;2392
"205";6.76301039878917;0.869014545295056;2398
"206";6.76547041900544;0.86905158982561;2404
"207";6.76720368879897;0.868903423916447;2412
"208";6.76820432939207;0.868847051536564;2416
"209";6.77362750538145;0.868944626694978;2429
"210";6.77406609375142;0.868955007410648;2430
"211";6.77241361764405;0.86869718516147;2431
"212";6.77012955207546;0.868358399294558;2432
"213";6.77323380926195;0.868253989996661;2443
"214";6.77430264018404;0.868118026323387;2449
"215";6.77461505377932;0.867931212260425;2454
"216";6.77496028357964;0.86783960337267;2457
"217";6.77375533348066;0.867594828165972;2459
"218";6.77531869290251;0.867479224980627;2466
"219";6.77556972245987;0.86742132874205;2468
"220";6.77993208701623;0.867620342538762;2476
"221";6.7818509896742;0.867463130471844;2485
"222";6.78356930823935;0.867415353702398;2491
"223";6.78402807085566;0.867296075521475;2495
"224";6.78389907526183;0.867235155997671;2496
"225";6.78402049939813;0.867206271844283;2497
"226";6.784102502158;0.867172369421461;2498
"227";6.78562425460962;0.867056745769371;2505
"228";6.78603174149116;0.866976221464133;2508
"229";6.78607928000848;0.866805813316779;2512
"230";6.78631645160571;0.866703973481743;2515
"231";6.78700300081752;0.866659704979381;2518
"232";6.78956283256547;0.866591762215358;2527
"233";6.7901796478331;0.86649556558964;2531
"234";6.792024848755;0.866512804469097;2536
"235";6.79213293753514;0.866352397982348;2540
"236";6.7912744261504;0.866155934792731;2542
"237";6.79025918138397;0.865852818120324;2546
"238";6.79052828960666;0.865713835498754;2550
"239";6.7916179780252;0.86550712859942;2558
"240";6.79255279465211;0.865281936163325;2566
"241";6.79379539282606;0.8651399922714;2573
"242";6.7931404962196;0.864928249971307;2576
"243";6.79229477346722;0.86473512012754;2578
"244";6.79443794419917;0.864794642733754;2583
"245";6.79392169969271;0.864728935240772;2583
"246";6.79348623834468;0.86463091254275;2584
"247";6.79318850734481;0.864593019270123;2584
"248";6.79192604888006;0.864347228761083;2586
"249";6.79038822171196;0.864066512171571;2588
"250";6.78860408512482;0.863797019989291;2589
"251";6.79044084902705;0.863733983869935;2596
"252";6.79240129619672;0.863645336021357;2604
"253";6.79349047738045;0.863699510559178;2606
"254";6.79588171701164;0.8634991642152;2618
"255";6.79846004281646;0.863492012914533;2626
"256";6.7989511309609;0.863304138377992;2632
"257";6.79896595982493;0.863264382570815;2633
"258";6.80035798763803;0.863108662747658;2641
"259";6.80187188167621;0.86313501129322;2645
"260";6.80176096209591;0.863038156911768;2647
"261";6.80175124271878;0.862954223117918;2649
"262";6.80254787625204;0.862890108040327;2653
"263";6.80218032893943;0.862761013947028;2655
"264";6.80177011426246;0.862667779952589;2656
"265";6.80385093917546;0.862602656512465;2664
"266";6.80562871563601;0.862500162154662;2672
"267";6.80541072731622;0.862390759721822;2674
"268";6.80520410257351;0.862201258591079;2678
"269";6.80515020822425;0.862112886897684;2680
"270";6.80659996404054;0.862052324344146;2686
"271";6.80696511883856;0.861936124907956;2690
"272";6.80738651720262;0.861827331043678;2694
"273";6.80813144189815;0.861759769887904;2698
"274";6.80847228950665;0.861722087412862;2700
"275";6.80896543374522;0.861582750256163;2705
"276";6.8086587186893;0.861423117703499;2708
"277";6.81052366005416;0.861377724042811;2715
"278";6.81055241931125;0.861140931063826;2721
"279";6.81095636391076;0.861072033339638;2724
"280";6.81079366471873;0.860971575771632;2726
"281";6.81082293197532;0.860855579998792;2729
"282";6.81063886627629;0.860752611648477;2731
"283";6.81000792917325;0.860553464671357;2734
"284";6.80972339947757;0.860517509791719;2734
"285";6.81013473700116;0.860410531768563;2738
"286";6.80957768208673;0.860260788960656;2740
"287";6.81003341201242;0.86015984263154;2744
"288";6.81167131003224;0.860208453790445;2748
"289";6.81144871867637;0.860061836061884;2751
"290";6.81165477440412;0.859930090381793;2755
"291";6.81204544635211;0.85974328833551;2761
"292";6.81131840357471;0.859651528796744;2761
"293";6.81302038038743;0.859709253633769;2765
"294";6.81305870202425;0.859635655330602;2767
"295";6.81604075311222;0.859620635895209;2777
"296";6.81556725308247;0.8594828807175;2779
"297";6.81547982470371;0.859315990993682;2783
"298";6.81493150375482;0.859052436093107;2788
"299";6.81475226178747;0.859029841845664;2788
"300";6.81537364077271;0.859030518213421;2790
"301";6.81559524313382;0.858942099628297;2793
"302";6.81521766964802;0.858739633946393;2797
"303";6.81519595907384;0.858659561740477;2799
"304";6.81528585024939;0.858670887301453;2799
"305";6.81672661403178;0.85858221695301;2806
"306";6.81718671408696;0.858524620169275;2809
"307";6.81706068648229;0.858431804434663;2811
"308";6.81960440252215;0.858406586827919;2820
"309";6.82025933451916;0.858297640304064;2825
"310";6.82093583789177;0.858039314108032;2834
"311";6.8222362168196;0.857936650600453;2841
"312";6.82155053136286;0.857774510094036;2843
"313";6.82142868756409;0.857721258857703;2844
"314";6.82290956344661;0.85764236193432;2851
"315";6.82286708948898;0.857523658106122;2854
"316";6.82251754968002;0.857328812990747;2858
"317";6.82135947928862;0.857107943006707;2860
"318";6.82144701660368;0.857081293885589;2861
"319";6.82127684906208;0.857022282333622;2862
"320";6.82168709743388;0.856961025108886;2865
"321";6.82190684638279;0.856875974051474;2868
"322";6.82291500546598;0.856852603606187;2872
"323";6.82482055725836;0.856792606934594;2880
"324";6.82424962779239;0.856608970290295;2883
"325";6.82413529057965;0.856408341880463;2888
"326";6.82370118808616;0.856316658846275;2889
"327";6.82321745631997;0.856181599220518;2891
"328";6.8227413560085;0.856047571970313;2893
"329";6.82305059721017;0.855937986431729;2897
"330";6.82281682488969;0.855908660163894;2897
"331";6.82273095879908;0.855749765488877;2901
"332";6.82316707223843;0.855730495143117;2903
"333";6.8233740124222;0.855756448637154;2903
"334";6.82386213394154;0.855743752367541;2905
"335";6.82440885086789;0.855664663642197;2909
"336";6.82488356984149;0.855466390711664;2916
"337";6.8254936763495;0.855285819879254;2923
"338";6.82633144286003;0.855134490821419;2930
"339";6.82668085585251;0.85503213642813;2934
"340";6.82660702507603;0.855022889227642;2934
"341";6.82681101633467;0.854975468163875;2936
"342";6.82860371943134;0.854981385507859;2942
"343";6.82889917228158;0.854836631290341;2947
"344";6.8283207653954;0.854655372932902;2950
"345";6.82783341989189;0.854521887982533;2952
"346";6.82835810202838;0.854370443087853;2958
"347";6.82819685777613;0.854241921841115;2961
"348";6.82922400723634;0.854190123908295;2966
"349";6.83051750074981;0.854279885247421;2968
"350";6.83101623281054;0.854198377907773;2972
"351";6.83201415906325;0.854143625947851;2977
"352";6.83255543583386;0.854139580740984;2979
"353";6.83227514107444;0.853961295200411;2983
"354";6.83206296299249;0.853827501651783;2986
"355";6.83098937219609;0.853621901479653;2988
"356";6.83047589925523;0.853522046543615;2989
"357";6.832130434845;0.853514916561303;2995
"358";6.83200981526739;0.853393111920438;2998
"359";6.83172636698755;0.853251107898962;3001
"360";6.8324860448238;0.853239511199301;3004
"361";6.83372407781536;0.853252328094416;3008
"362";6.8353380810987;0.853206228904051;3015
"363";6.83505281295019;0.853135306464267;3016
"364";6.83533459686786;0.853170478073842;3016
"365";6.83635537813837;0.853086269330368;3022
"366";6.83756797160124;0.852956189883358;3030
"367";6.83728190468005;0.852815224827426;3033
"368";6.83651400794263;0.852684384637415;3034
"369";6.83553767506673;0.852562611494476;3034
"370";6.83552076705049;0.85249043549494;3036
"371";6.83619647087874;0.85232989993853;3043
"372";6.83667395497775;0.852214989038158;3048
"373";6.83526960956777;0.852005093971026;3049
"374";6.83499119839527;0.851831184487297;3053
