"ShannonWiener";"Pielou";"Richness"
"1";4.34380542185369;1;77
"2";4.79587157987261;0.990026085755226;127
"3";4.83705970501476;0.989103145438132;133
"4";5.18197627551681;0.984662993546866;193
"5";5.34809697124986;0.980345035270978;234
"6";5.48297145663258;0.97554811260477;276
"7";5.5970584967459;0.973504248268344;314
"8";5.65917167572758;0.972849154865278;336
"9";5.72664491283285;0.967959655912928;371
"10";5.76469143395731;0.963361099375761;397
"11";5.82952701817643;0.960266656107803;433
"12";5.88540905361703;0.958553699756952;464
"13";5.8826670596085;0.956769519900489;468
"14";5.96927856446781;0.955679880058468;516
"15";5.98283427300219;0.953190074147374;532
"16";6.00631273006366;0.950792488070517;554
"17";6.02378054128034;0.948234213815503;574
"18";6.0610945228599;0.946762405168015;603
"19";6.07360679193692;0.945089504500507;618
"20";6.09638099451386;0.943042419427402;642
"21";6.10687641924267;0.939985828117461;663
"22";6.132466798533;0.938995820791147;686
"23";6.13117199681788;0.938170718197049;689
"24";6.15048571499794;0.936420943532281;712
"25";6.1752549563717;0.935277963308423;737
"26";6.21585216605217;0.935039643370094;771
"27";6.2480570351573;0.933822196981739;805
"28";6.25965294791255;0.932811473236001;821
"29";6.26804184053091;0.930887824790232;840
"30";6.28971270475157;0.930055342048583;865
"31";6.30700837951979;0.928546608150767;891
"32";6.31979905588755;0.927398822073401;911
"33";6.31807529727164;0.927145869139962;911
"34";6.32484547110678;0.925920351311282;926
"35";6.33596791581383;0.924798846165668;945
"36";6.34454381225572;0.923507203213306;963
"37";6.34148484541964;0.922922513108462;964
"38";6.3593307902465;0.92249025236087;986
"39";6.3893950958866;0.922054929262041;1022
"40";6.39635953040529;0.921251151986441;1036
"41";6.40126576565377;0.920304872071809;1049
"42";6.40902473176625;0.919419438124784;1065
"43";6.41024297704982;0.919346761600521;1067
"44";6.41967423824411;0.918616869245739;1084
"45";6.4251961124025;0.917483372133994;1100
"46";6.43082415880287;0.916280421513591;1117
"47";6.43132926460234;0.915421562957236;1125
"48";6.43881965024447;0.914763128086517;1140
"49";6.44858467950891;0.913780768930789;1161
"50";6.45619410707293;0.91297845253887;1178
"51";6.45522484680485;0.911968541536284;1186
"52";6.45108286478878;0.910303573294799;1196
"53";6.46429618233059;0.910038447564312;1216
"54";6.46921593213603;0.909369671741012;1229
"55";6.46667731902344;0.908805099055336;1231
"56";6.46947430575478;0.90785785489821;1244
"57";6.47774991938735;0.907796208600029;1256
"58";6.47834330599589;0.907879366196443;1256
"59";6.4858295361267;0.907219212111782;1273
"60";6.49487397819038;0.906507670199364;1293
"61";6.49797021818408;0.906159709170654;1301
"62";6.50852087666178;0.906086546737429;1317
"63";6.5118740312814;0.905884827427807;1324
"64";6.52108820817108;0.905935245791068;1337
"65";6.52375024165062;0.905274589129627;1348
"66";6.53820879124965;0.905155912383448;1371
"67";6.54864678410408;0.904876796011254;1390
"68";6.55507801053451;0.904690873272651;1402
"69";6.55343066513495;0.90437452151096;1403
"70";6.56736064652571;0.904093253652754;1428
"71";6.57125971360387;0.903502825911816;1441
"72";6.57095399815677;0.902688032592887;1450
"73";6.57097404031982;0.902264110859623;1455
"74";6.57097540688386;0.901839488195825;1460
"75";6.57529743159844;0.901588028483059;1470
"76";6.57953813517985;0.901415076977811;1479
"77";6.58354790800217;0.900801717986638;1493
"78";6.5881166570179;0.900440548941272;1505
"79";6.59034050613321;0.900092294126499;1513
"80";6.5905527789667;0.900040066637212;1514
"81";6.58888757905225;0.899569471407522;1517
"82";6.59091983991093;0.899201216893506;1525
"83";6.59842388051288;0.898865508137778;1542
"84";6.60477297845313;0.898545465930891;1557
"85";6.60636142926327;0.897901592439874;1568
"86";6.60763414246933;0.89737651062013;1577
"87";6.61256669665018;0.897046232020333;1590
"88";6.61271229619734;0.896836647409808;1593
"89";6.61987042147885;0.896894582553322;1605
"90";6.61799881876764;0.896263308124958;1610
"91";6.62062199801156;0.896017092362534;1618
"92";6.61794062149283;0.895579314690039;1619
"93";6.62393772481401;0.895125568345723;1636
"94";6.62314569562775;0.894649606984737;1641
"95";6.62731136400995;0.894332111104307;1653
"96";6.62947495072248;0.894041590754586;1661
"97";6.63122084118143;0.893770142543731;1668
"98";6.63262061312582;0.893454497379222;1675
"99";6.63284823369078;0.893055003989359;1681
"100";6.63801194537506;0.892753315633262;1695
"101";6.64076009807363;0.89241690322188;1705
"102";6.63933050166878;0.892224787262617;1705
"103";6.64226187131322;0.892127516116871;1712
"104";6.64310571248676;0.891752129832988;1719
"105";6.64380176825734;0.891636863912613;1722
"106";6.64354974306033;0.891256239104091;1727
"107";6.64122762112537;0.890806402168711;1729
"108";6.6450031879561;0.890486704228131;1741
"109";6.64471520898555;0.88996955409616;1748
"110";6.6449872053516;0.889665628038621;1753
"111";6.6474629254889;0.889454870364512;1761
"112";6.65065920210996;0.889208819568229;1771
"113";6.65271183410088;0.888947578652092;1779
"114";6.65416189467482;0.888741488636401;1785
"115";6.65735476806509;0.888372938835576;1797
"116";6.66026550562659;0.888169249753643;1806
"117";6.65946575164095;0.887866085268777;1809
"118";6.66342145925124;0.887546154700379;1822
"119";6.66277116621619;0.887135712952972;1827
"120";6.66466046649326;0.886807039034597;1836
"121";6.66403494573051;0.886531214158533;1839
"122";6.66369239118188;0.886485643374109;1839
"123";6.66415939858647;0.886036119750642;1847
"124";6.66645158785731;0.885578377773214;1859
"125";6.67306003611833;0.885135440781222;1880
"126";6.67294047807627;0.884870120021417;1884
"127";6.67312536483521;0.884397703270201;1892
"128";6.67241383589074;0.884117757924208;1895
"129";6.67444911252327;0.883955576555345;1902
"130";6.67154162823935;0.883263402621675;1907
"131";6.67532001696543;0.883152110909483;1917
"132";6.67585076275584;0.882796624603994;1924
"133";6.67613928616372;0.88229028905677;1933
"134";6.67565455130921;0.882165932034731;1934
"135";6.67583741506823;0.882009438621754;1937
"136";6.6759154120748;0.881899499719962;1939
"137";6.67670147042412;0.881583668013187;1946
"138";6.67664339478104;0.881337045505538;1950
"139";6.67722907449431;0.880997637632295;1957
"140";6.67790329941607;0.881027211743161;1958
"141";6.68037345994152;0.880997474686474;1964
"142";6.68237379663021;0.880612646583474;1975
"143";6.68175537801663;0.880179306139012;1981
"144";6.68144937853467;0.879905192159144;1985
"145";6.68045419342345;0.879657470445707;1987
"146";6.68135178564035;0.879484615725712;1992
"147";6.68311842204689;0.879195459979934;2001
"148";6.68446817703894;0.878969220928041;2008
"149";6.68610842415239;0.878782773727307;2015
"150";6.68589148088486;0.878639693269706;2017
"151";6.68544155151875;0.878237746768723;2023
"152";6.69068075928949;0.878357033386555;2033
"153";6.69136612284455;0.878107287564037;2039
"154";6.69289064112521;0.877912510593148;2046
"155";6.69315187122131;0.877778074602816;2049
"156";6.69431189961071;0.877314184548511;2060
"157";6.69458373770751;0.877126821122473;2064
"158";6.6968800559363;0.87698318731081;2072
"159";6.69769705488736;0.876592636795393;2081
"160";6.69660908504439;0.8761750490196;2086
"161";6.70030568004083;0.876110503122021;2096
"162";6.70064567786357;0.875936590849911;2100
"163";6.70357123886779;0.875775159672741;2110
"164";6.70420429083509;0.875587119275005;2115
"165";6.70319030056909;0.875346633998097;2117
"166";6.70377374732345;0.875099400801271;2123
"167";6.70612211416442;0.874869278893764;2133
"168";6.70710628910934;0.874730484898084;2138
"169";6.7062005522228;0.874612360086607;2138
"170";6.70853806657414;0.874650757139759;2143
"171";6.70654430581108;0.874337631386424;2144
"172";6.70632945810652;0.874150268872178;2147
"173";6.70606915057032;0.874116338552444;2147
"174";6.7092209052935;0.874262081315547;2152
"175";6.7121004240059;0.874372886978271;2157
"176";6.71375467677492;0.874061729373888;2167
"177";6.71657700230707;0.87416687722255;2172
"178";6.71675488828243;0.874085323461546;2174
"179";6.71749115748897;0.873867713274107;2180
"180";6.71618617749214;0.873645828886085;2181
"181";6.71624786504144;0.873497667458434;2184
"182";6.71957737732268;0.873463523595329;2193
"183";6.71988002495731;0.873347669833142;2196
"184";6.72123395417161;0.873213981840221;2202
"185";6.72208276133597;0.873066993581779;2207
"186";6.72174954756105;0.872869716932106;2210
"187";6.72292879157685;0.872715587868049;2216
"188";6.72412264351938;0.872717298070017;2219
"189";6.7219905729796;0.872440578720978;2219
"190";6.7208178786618;0.872135445960824;2222
"191";6.72562628330255;0.872048656408115;2236
"192";6.72586246242424;0.871927697845144;2239
"193";6.72440643442373;0.871688481737253;2240
"194";6.72275954898889;0.871374185868386;2242
"195";6.72380744977406;0.871258442518721;2247
"196";6.72437896477846;0.87103152047882;2253
"197";6.72315304653076;0.870822667410349;2254
"198";6.72281928552231;0.870579502925369;2258
"199";6.72190842558428;0.870361763805196;2260
"200";6.72529735701804;0.87040233052178;2268
"201";6.72753269268628;0.870295028363844;2276
"202";6.72816136074381;0.870030730727272;2283
"203";6.72866729193153;0.86999764136566;2285
"204";6.7293537254908;0.869742420080019;2292
"205";6.72979917672675;0.869652969701435;2295
"206";6.73119170814802;0.869539535647161;2301
"207";6.73116433556761;0.869535999640183;2301
"208";6.73169674909589;0.869361007582518;2306
"209";6.73335250954709;0.869283120986899;2312
"210";6.73533307467766;0.869247960743541;2318
"211";6.73718230990875;0.869293189537063;2322
"212";6.73705084046275;0.869131431638534;2325
"213";6.73670923489174;0.868990967622467;2327
"214";6.73925557726814;0.869030761269074;2333
"215";6.74049034451107;0.868950097284694;2338
"216";6.74275754249765;0.868812051955866;2347
"217";6.74329986215387;0.868596178102709;2353
"218";6.74290783178214;0.868450639463022;2355
"219";6.74614118545969;0.868487742197421;2363
"220";6.74838138442079;0.868492604023127;2369
"221";6.74868383541607;0.868342995832668;2373
"222";6.75148245983598;0.868327065577556;2381
"223";6.75057133608819;0.868116137931483;2383
"224";6.75091375360651;0.867972968415886;2387
"225";6.75142470634641;0.867851837997098;2391
"226";6.75387115953788;0.867700798366346;2401
"227";6.75374089735191;0.86754488610664;2404
"228";6.75620767281897;0.867491544449854;2412
"229";6.75608447476316;0.86738341648934;2414
"230";6.75715306999788;0.867244212311041;2420
"231";6.75715306999788;0.867244212311041;2420
"232";6.75837792398594;0.867079981489881;2427
"233";6.75873350407262;0.866850997697845;2433
"234";6.7597168337312;0.866748895650639;2438
"235";6.75992383934458;0.866593279571216;2442
"236";6.76011095416538;0.866435477459993;2446
"237";6.76269017024847;0.866493963778706;2452
"238";6.76261299254261;0.866212824556275;2458
"239";6.76340433178564;0.86608875208047;2463
"240";6.76291977380272;0.865846781183868;2467
"241";6.7630791363197;0.865732480691108;2470
"242";6.76358793176651;0.865528799232094;2476
"243";6.76538287384939;0.865312171167785;2486
"244";6.76682457443146;0.865274203735671;2491
"245";6.76604405322748;0.865129997799883;2492
"246";6.76605434450088;0.864998245652969;2495
"247";6.76835116891764;0.865026256007175;2501
"248";6.7683306894336;0.864802896065409;2506
"249";6.76829516978525;0.864798357650226;2506
"250";6.76726494245041;0.864622648263569;2507
"251";6.76760484753268;0.864489987149993;2511
"252";6.77000569724289;0.864620870561691;2515
"253";6.76976467314209;0.864458473599974;2518
"254";6.77139601286443;0.864404082354327;2524
"255";6.77188210583013;0.86446613466129;2524
"256";6.77173579746935;0.86436005954842;2526
"257";6.77364922786862;0.864298997388317;2533
"258";6.77385714940885;0.864064678252622;2539
"259";6.7763421423597;0.863991690994477;2548
"260";6.7776820245119;0.863860351179048;2555
"261";6.77790440077128;0.863845609849178;2556
"262";6.77981470083182;0.863830940860082;2562
"263";6.77880709344539;0.863616694964891;2564
"264";6.77981298927492;0.863487717524957;2570
"265";6.78110098294802;0.863267402277363;2579
"266";6.78103489396409;0.863173805676044;2581
"267";6.78159034389401;0.863031896718642;2586
"268";6.78196274045348;0.862994382572101;2588
"269";6.78203650905616;0.862791862587546;2593
"270";6.78220392968752;0.862686259971866;2596
"271";6.78277674285725;0.862590190683323;2600
"272";6.78307608827487;0.862459647488254;2604
"273";6.78178395286746;0.862253259854623;2605
"274";6.78421431586998;0.862226116102909;2613
"275";6.78273158013841;0.861953854173389;2615
"276";6.78327443325354;0.861771851986938;2621
"277";6.78337109028624;0.86170062776785;2623
"278";6.78384135499334;0.861635251222171;2626
"279";6.78374477058997;0.861539674551495;2628
"280";6.78304034353341;0.861450211890742;2628
"281";6.78724444263774;0.861485686761728;2640
"282";6.78729507384663;0.861409314111161;2642
"283";6.78672308193914;0.861295353167083;2643
"284";6.79045381154864;0.861438406301217;2651
"285";6.79316396785391;0.861411849784388;2660
"286";6.7943848576157;0.861361547097475;2665
"287";6.79708696202828;0.861376789474284;2673
"288";6.79933864909067;0.861335939130951;2681
"289";6.80033917461208;0.861259398638574;2686
"290";6.80073594364097;0.861187897777688;2689
"291";6.80058483133351;0.861047183554371;2692
"292";6.80115527435102;0.860997990315365;2695
"293";6.80090251171678;0.860925557708565;2696
"294";6.80258654171237;0.860856156830749;2703
"295";6.80206730558905;0.860709885165828;2705
"296";6.80297759113414;0.860664145313406;2709
"297";6.80301029307961;0.860668282530024;2709
"298";6.80532455190257;0.860840526564573;2712
"299";6.80582423698418;0.860703191279353;2717
"300";6.80675113034884;0.860660287892055;2721
"301";6.80703112677896;0.860495942772251;2726
"302";6.80727332555416;0.860486663765286;2727
"303";6.80840004269939;0.860469661211863;2731
"304";6.80793650813625;0.86033147943854;2733
"305";6.80799904062847;0.860299609460712;2734
"306";6.80817051171646;0.860241785569952;2736
"307";6.80856968200936;0.860212798559201;2738
"308";6.80962221422586;0.860266414750525;2740
"309";6.81005447709942;0.860202106075575;2743
"310";6.80963338774861;0.860109316475942;2744
"311";6.80908536319138;0.859921413734546;2747
"312";6.80922113957583;0.859780566122064;2751
"313";6.80899271536883;0.859712271227502;2752
"314";6.80869324352818;0.859635026776257;2753
"315";6.80822842876889;0.859576341352527;2753
"316";6.80984393983167;0.859583380258766;2758
"317";6.80988225349834;0.859430994631911;2762
"318";6.81150907558226;0.859322640482282;2770
"319";6.81095955948723;0.859096920271967;2774
"320";6.81128463336939;0.858981803341596;2778
"321";6.81092409005865;0.858897350711975;2779
"322";6.8133623156375;0.858893473252549;2787
"323";6.81320996136703;0.858835428015879;2788
"324";6.81405054919841;0.858824959763401;2791
"325";6.81488401862629;0.858774995156871;2795
"326";6.81513708052249;0.858729479453974;2797
"327";6.81616157304382;0.858703942893115;2801
"328";6.81604423762435;0.85857337474414;2804
"329";6.81518820958945;0.858426990297115;2805
"330";6.81575591378006;0.858344431868508;2809
"331";6.81551959168353;0.858237743555679;2811
"332";6.81549370065529;0.858119221549254;2814
"333";6.81587779281287;0.857937505905894;2820
"334";6.81618705478622;0.857861620415941;2823
"335";6.81575500875948;0.857769009849934;2824
"336";6.81599447324907;0.857760927521632;2825
"337";6.81792409329749;0.857622390598432;2835
"338";6.81808118882867;0.857452092712751;2840
"339";6.81829948406708;0.857365707800684;2843
"340";6.81778493153619;0.857187326262565;2846
"341";6.8169785809828;0.857085945318193;2846
"342";6.81626702274837;0.856958631106795;2847
"343";6.81649007289066;0.856873215602918;2850
"344";6.81557683551332;0.856720635206793;2851
"345";6.81503263583071;0.856501282641985;2855
"346";6.81465617784187;0.85645397006587;2855
"347";6.81548722502597;0.856445370794123;2858
"348";6.81705900926571;0.856417188926555;2864
"349";6.8170467024542;0.856340542791712;2866
"350";6.81622046576721;0.856199232093249;2867
"351";6.81575968243708;0.856028895277447;2870
"352";6.815770835613;0.855843194064893;2875
"353";6.81550494747539;0.855735083076945;2877
"354";6.81511374339428;0.855685964624324;2877
"355";6.81649697923236;0.85563582471939;2883
"356";6.81583339761386;0.855515286901609;2884
"357";6.81701960730339;0.85547817709363;2889
"358";6.81688131999788;0.855423671999061;2890
"359";6.81751035539735;0.855391239692935;2893
"360";6.81749009447202;0.855351607273665;2894
