"ShannonWiener";"Pielou";"Richness"
"1";4.46590811865458;1;87
"2";4.50325250628071;0.99590072148388;92
"3";4.92283531828684;0.989169920087483;145
"4";5.1267051813704;0.98308117677004;184
"5";5.28692920713964;0.977762392355439;223
"6";5.43212813442469;0.974206907907306;264
"7";5.55777582880141;0.971586173244844;305
"8";5.6305185045519;0.968419692975911;335
"9";5.72192095638124;0.965846369915088;374
"10";5.72233378087787;0.965480884324172;375
"11";5.81470118306353;0.96265827535505;420
"12";5.88422185982832;0.960396196328949;458
"13";5.92211168564061;0.958589390954809;482
"14";5.98517716440595;0.956162516418346;523
"15";6.03355048940333;0.953478313013049;560
"16";6.07390886648068;0.951500360834362;592
"17";6.10209966309599;0.950002342699763;616
"18";6.10164535036072;0.949931613248156;616
"19";6.14791260439652;0.949195435759687;650
"20";6.16760854287593;0.947151375038867;673
"21";6.19298954195256;0.94575172955652;698
"22";6.21229223539025;0.943430378458731;724
"23";6.20750081324125;0.941718456588364;729
"24";6.22361776660144;0.940113133562053;750
"25";6.22767801103749;0.938476215680295;762
"26";6.26017453118435;0.93703198649996;797
"27";6.26075736911864;0.936417526281918;801
"28";6.28629951110279;0.935430590960488;829
"29";6.30817674931134;0.934878971055677;852
"30";6.30321005163632;0.933818415428689;854
"31";6.30893643507313;0.933057537172527;864
"32";6.32859194018388;0.93249681491721;886
"33";6.3479881498678;0.931535430266385;911
"34";6.36579231612211;0.930451636460508;936
"35";6.37400257339298;0.929491724735459;951
"36";6.38287005026629;0.92810749804996;970
"37";6.38936474578283;0.926438731159409;989
"38";6.40566795547223;0.925584742974684;1013
"39";6.40900509727611;0.925146376830391;1020
"40";6.43223524938649;0.924504158105882;1051
"41";6.4348912275577;0.923753787629459;1060
"42";6.44744930746735;0.923324650210408;1078
"43";6.44645830387484;0.921842465739029;1089
"44";6.44773629846552;0.920463229492581;1102
"45";6.45137922401933;0.919679253214483;1113
"46";6.4498169903035;0.918869412206686;1118
"47";6.46166421515089;0.918697413528478;1134
"48";6.46740646227711;0.918026056383911;1147
"49";6.46797410036715;0.917427191055441;1153
"50";6.47140709168657;0.916791162391289;1163
"51";6.4743303819263;0.915763175452443;1176
"52";6.47801578252844;0.914753227100931;1190
"53";6.47678526817196;0.913930404655108;1196
"54";6.48967657442682;0.913717305606008;1215
"55";6.49170912778346;0.912740474654471;1227
"56";6.49510442235429;0.912176836538071;1237
"57";6.49284614569563;0.911756209785457;1238
"58";6.50060322203715;0.911202386187633;1254
"59";6.50700405990529;0.910984361577472;1265
"60";6.51043219988832;0.910360824020133;1276
"61";6.51519446256963;0.909934565389068;1287
"62";6.51951277878688;0.909456666762565;1298
"63";6.52220863688166;0.909053554565138;1306
"64";6.52662215474047;0.908991453982782;1313
"65";6.53432836080873;0.908342194219781;1331
"66";6.53554460881741;0.90775508224319;1339
"67";6.53594901229686;0.907060772892596;1347
"68";6.55326341142417;0.907057036187877;1373
"69";6.55408133644205;0.906350602945191;1382
"70";6.55347016489846;0.90608488402793;1384
"71";6.55501054910299;0.90539662716769;1394
"72";6.55511542232433;0.904785136001346;1401
"73";6.55718532734814;0.904537287925112;1407
"74";6.56056882032681;0.904384888155379;1414
"75";6.57044049663215;0.903908748583933;1435
"76";6.57481810560072;0.903733659754092;1444
"77";6.5796000085054;0.903448547362874;1455
"78";6.58571713969402;0.903185360193996;1468
"79";6.58574309886447;0.902767946249537;1473
"80";6.58979038084008;0.902319175728914;1485
"81";6.58940418567946;0.902266295245794;1485
"82";6.59810891110742;0.902134400353282;1501
"83";6.59907622546852;0.901938464103615;1505
"84";6.60160378640174;0.901386743825906;1516
"85";6.60016464726722;0.900704464695782;1522
"86";6.5996750764406;0.900556934396573;1523
"87";6.60628232649366;0.900414219747635;1536
"88";6.60831010818684;0.899973965959361;1545
"89";6.60893627318377;0.899584385872577;1551
"90";6.6120613412254;0.899301504231887;1560
"91";6.6169060170116;0.899023443322946;1572
"92";6.61740876057173;0.898472087219235;1580
"93";6.61592549884242;0.89811644091919;1582
"94";6.61992019521103;0.897661452738785;1595
"95";6.61963884347683;0.897394638508134;1598
"96";6.62308346506012;0.897178527064607;1607
"97";6.62133486356292;0.896489083454909;1613
"98";6.61949450607534;0.896164709987849;1614
"99";6.62121813671456;0.895723736599356;1623
"100";6.62100341802661;0.895025122296271;1632
"101";6.62036020945388;0.894346986378114;1640
"102";6.62349255136513;0.894109100331167;1649
"103";6.62167829462486;0.893499027627052;1654
"104";6.62227207201953;0.892997739006112;1662
"105";6.62899911597887;0.892894873031228;1676
"106";6.62895894615852;0.892889462346144;1676
"107";6.63078170088289;0.892705282622346;1682
"108";6.63230986964562;0.892057239228517;1694
"109";6.63095678211851;0.891592414546383;1698
"110";6.6342506812121;0.891331563036617;1708
"111";6.63327501878946;0.89106037843563;1710
"112";6.63392926392197;0.89065949349411;1717
"113";6.63758416817986;0.890386790283939;1728
"114";6.6386979302854;0.890122315296657;1734
"115";6.64099702249956;0.889744564352725;1744
"116";6.64129728720684;0.889375555023582;1750
"117";6.64113192317586;0.889149462704943;1753
"118";6.64260701830066;0.888872689393239;1760
"119";6.64259395343102;0.888533641360541;1765
"120";6.6492736490853;0.888488162053152;1779
"121";6.65242283025824;0.888243663999544;1789
"122";6.65389722120693;0.88810956982303;1794
"123";6.65403756637448;0.887864370666697;1798
"124";6.66065581290389;0.887567734225257;1816
"125";6.66206039264634;0.887494696372509;1820
"126";6.66174595170743;0.887063872694038;1826
"127";6.662302576339;0.886750639225096;1832
"128";6.6654793764008;0.886403195528568;1844
"129";6.66702326007581;0.886034821111704;1853
"130";6.67020182656408;0.885697432118525;1865
"131";6.67441543572826;0.885690763437077;1874
"132";6.67646163237759;0.885524177678782;1881
"133";6.67504737374969;0.885274193057814;1882
"134";6.67365774840238;0.88471641443527;1888
"135";6.67159779121914;0.884319207540865;1890
"136";6.67067915665607;0.884135452721089;1891
"137";6.67308940567107;0.88396029839671;1899
"138";6.67326133686446;0.883613832930794;1905
"139";6.6737167921824;0.883245184991159;1912
"140";6.67313238097027;0.883045656760567;1914
"141";6.67475186676556;0.882651309541468;1924
"142";6.67593815326697;0.882263708185101;1933
"143";6.67580090596422;0.882004615050967;1937
"144";6.67480602180859;0.881873171284283;1937
"145";6.67622617854022;0.881760472025564;1942
"146";6.67845078710181;0.881635323337727;1949
"147";6.67958964935902;0.881368530207937;1956
"148";6.67817776669662;0.881004075028442;1959
"149";6.67744400491638;0.880670292841706;1963
"150";6.67791593512561;0.880437142521332;1968
"151";6.67902979966824;0.880407188072912;1971
"152";6.67887369111367;0.880034017037794;1977
"153";6.67774835965258;0.879885739047821;1977
"154";6.67865296307125;0.879653700838228;1983
"155";6.67670673863641;0.879338970049961;1984
"156";6.67504201215414;0.878886586264483;1988
"157";6.67209593107926;0.87849868291735;1988
"158";6.67382388865887;0.878435664979491;1993
"159";6.67621970485692;0.878461293407556;1998
"160";6.6757144124738;0.878279184347799;2000
"161";6.67723684832581;0.878190997206461;2005
"162";6.67790886190191;0.877991774924076;2010
"163";6.67951344256876;0.877801510710845;2017
"164";6.67971804622407;0.877656976187182;2020
"165";6.67988022962255;0.877564179467347;2022
"166";6.68221482283266;0.877472493478896;2029
"167";6.68497174191234;0.877381145414871;2037
"168";6.6841001440837;0.877210244957869;2038
"169";6.68881534810568;0.877377950726864;2046
"170";6.68830434616098;0.877086218569778;2050
"171";6.68920738534498;0.877036453196059;2053
"172";6.69100493001485;0.876825025452357;2061
"173";6.69129619081674;0.876807456964592;2062
"174";6.69129619081674;0.876807456964592;2062
"175";6.68985748515749;0.87656324249613;2063
"176";6.69089261089231;0.876254501644041;2071
"177";6.69300987723588;0.876034289755391;2080
"178";6.69116644432516;0.875793006615177;2080
"179";6.69119852773192;0.875632022626478;2083
"180";6.69221476037943;0.875600101672392;2086
"181";6.69319959109919;0.875454731622318;2091
"182";6.69147808782759;0.875174831611374;2092
"183";6.6913356496175;0.875101504914031;2093
"184";6.69382100441811;0.87498998599583;2101
"185";6.69486404593256;0.874908801559405;2105
