"","Words","count.present","Emma","Mansfield Park","Northanger Abbey","Persuasion","Pride and Prejudice","Sense and Sensibility"
"1","abusive",0,0,0,0,0,0,0
"2","accomplished",5,1,0,0,0,4,0
"3","active",16,3,4,0,4,2,3
"4","admirable",6,2,0,0,0,3,1
"5","adorable",0,0,0,0,0,0,0
"6","adventurous",0,0,0,0,0,0,0
"7","affectionate",23,3,1,4,2,6,7
"8","afraid",64,19,15,7,3,12,8
"9","aggravating",0,0,0,0,0,0,0
"10","aggressive",0,0,0,0,0,0,0
"11","agreeable",155,29,28,21,26,32,19
"12","alcoholic",0,0,0,0,0,0,0
"13","alert",1,1,0,0,0,0,0
"14","alone",0,0,0,0,0,0,0
"15","amazing",8,2,3,1,0,2,0
"16","ambitious",2,0,2,0,0,0,0
"17","amusing",16,4,5,2,1,3,1
"18","angry",36,6,9,5,2,8,6
"19","annoyed",0,0,0,0,0,0,0
"20","annoying",0,0,0,0,0,0,0
"21","anxious",62,13,13,9,5,12,10
"22","appealing",0,0,0,0,0,0,0
"23","appreciated",0,0,0,0,0,0,0
"24","appreciative",0,0,0,0,0,0,0
"25","argumentative",0,0,0,0,0,0,0
"26","arrogant",0,0,0,0,0,0,0
"27","artificial",5,0,1,0,3,0,1
"28","artistic",0,0,0,0,0,0,0
"29","ashamed",38,9,9,6,2,10,2
"30","assertive",0,0,0,0,0,0,0
"31","athletic",0,0,0,0,0,0,0
"32","attentive",14,3,3,0,1,5,2
"33","attractive",6,1,2,0,1,0,2
"34","average",0,0,0,0,0,0,0
"35","awake",1,1,0,0,0,0,0
"36","awesome",0,0,0,0,0,0,0
"37","awful",15,0,4,6,1,1,3
"38","awkward",28,12,3,0,0,10,3
"39","bad",110,39,28,5,17,12,9
"40","bashful",1,0,0,0,0,0,1
"41","beautiful",43,11,5,10,2,9,6
"42","believable",0,0,0,0,0,0,0
"43","big",0,0,0,0,0,0,0
"44","bitter",7,1,3,1,0,1,1
"45","blind",16,8,1,0,0,4,3
"46","bold",4,0,1,1,1,0,1
"47","bored",0,0,0,0,0,0,0
"48","boring",0,0,0,0,0,0,0
"49","bossy",0,0,0,0,0,0,0
"50","brave",0,0,0,0,0,0,0
"51","bright",13,2,2,6,3,0,0
"52","brilliant",8,4,1,0,1,0,2
"53","businesslike",0,0,0,0,0,0,0
"54","busy",15,5,5,1,1,1,2
"55","calm",14,2,5,1,2,1,3
"56","capable",49,3,13,0,5,14,14
"57","carefree",0,0,0,0,0,0,0
"58","careful",3,1,0,0,0,1,1
"59","careless",9,2,3,0,0,1,3
"60","caring",0,0,0,0,0,0,0
"61","casual",0,0,0,0,0,0,0
"62","cautious",7,2,0,0,2,2,1
"63","certain",55,11,9,2,2,23,8
"64","charming",72,22,4,16,3,12,15
"65","cheap",6,2,0,1,1,1,1
"66","cheerful",24,8,2,4,2,2,6
"67","childish",0,0,0,0,0,0,0
"68","chubby",0,0,0,0,0,0,0
"69","clean",2,1,0,1,0,0,0
"70","clever",39,21,7,2,1,5,3
"71","closed-minded",0,0,0,0,0,0,0
"72","clumsy",0,0,0,0,0,0,0
"73","cocky",0,0,0,0,0,0,0
"74","cold",71,27,9,7,7,10,11
"75","colorful",0,0,0,0,0,0,0
"76","comfortable",50,10,14,2,4,7,13
"77","comical",0,0,0,0,0,0,0
"78","compassionate",8,3,0,0,0,1,4
"79","compatible",3,1,0,0,1,1,0
"80","competent",2,2,0,0,0,0,0
"81","competitive",0,0,0,0,0,0,0
"82","complaining",0,0,0,0,0,0,0
"83","complicated",0,0,0,0,0,0,0
"84","compulsive",0,0,0,0,0,0,0
"85","conceited",7,1,0,2,1,3,0
"86","concerned",11,2,1,1,1,2,4
"87","confident",8,0,1,1,1,2,3
"88","confused",2,0,1,0,0,1,0
"89","confusing",0,0,0,0,0,0,0
"90","conscientious",3,0,1,1,0,0,1
"91","conservative",0,0,0,0,0,0,0
"92","considerate",7,3,1,0,0,0,3
"93","consistent",5,0,3,0,0,2,0
"94","constructive",0,0,0,0,0,0,0
"95","controlling",0,0,0,0,0,0,0
"96","controversial",0,0,0,0,0,0,0
"97","cool",12,1,3,2,4,1,1
"98","cooperative",0,0,0,0,0,0,0
"99","corrupt",0,0,0,0,0,0,0
"100","courageous",1,1,0,0,0,0,0
"101","courteous",4,0,2,0,2,0,0
"102","crabby",0,0,0,0,0,0,0
"103","cranky",0,0,0,0,0,0,0
"104","crazy",0,0,0,0,0,0,0
"105","creative",1,0,0,0,0,1,0
"106","critical",6,2,1,0,1,0,2
"107","cruel",23,3,4,2,5,2,7
"108","curious",11,3,2,0,2,3,1
"109","cute",0,0,0,0,0,0,0
"110","dangerous",17,7,3,1,3,1,2
"111","daring",5,1,3,0,0,1,0
"112","decent",18,1,2,5,4,3,3
"113","dedicated",0,0,0,0,0,0,0
"114","defensive",0,0,0,0,0,0,0
"115","delighted",47,13,8,5,5,10,6
"116","delightful",93,31,13,16,4,16,13
"117","demanding",0,0,0,0,0,0,0
"118","democratic",0,0,0,0,0,0,0
"119","dependable",0,0,0,0,0,0,0
"120","dependent",6,1,0,0,1,1,3
"121","depressed",2,2,0,0,0,0,0
"122","desirable",39,11,9,2,6,6,5
"123","determined",2,1,1,0,0,0,0
"124","devoted",8,2,3,0,0,1,2
"125","difficult",33,3,9,4,4,10,3
"126","direct",11,3,1,0,0,1,6
"127","disabled",2,0,1,0,1,0,0
"128","disappointed",13,0,1,2,1,6,3
"129","disgusting",6,1,2,1,1,1,0
"130","dishonest",1,0,0,0,0,1,0
"131","disobedient",1,0,0,0,0,0,1
"132","disorganized",0,0,0,0,0,0,0
"133","disrespectful",3,0,1,1,1,0,0
"134","distinguished",7,1,2,2,0,1,1
"135","disturbed",2,0,0,1,0,0,1
"136","dominant",0,0,0,0,0,0,0
"137","down-to-earth",0,0,0,0,0,0,0
"138","dumb",0,0,0,0,0,0,0
"139","eager",34,11,4,3,5,5,6
"140","easygoing",0,0,0,0,0,0,0
"141","educated",0,0,0,0,0,0,0
"142","effective",0,0,0,0,0,0,0
"143","efficient",0,0,0,0,0,0,0
"144","elderly",2,0,0,0,0,1,1
"145","embarrassed",4,1,0,0,0,2,1
"146","embarrassing",1,0,1,0,0,0,0
"147","emotional",0,0,0,0,0,0,0
"148","employed",0,0,0,0,0,0,0
"149","encouraged",0,0,0,0,0,0,0
"150","encouraging",9,2,1,0,1,1,4
"151","energetic",1,1,0,0,0,0,0
"152","entertaining",6,3,1,1,1,0,0
"153","enthusiastic",1,0,0,0,0,0,1
"154","ethical",0,0,0,0,0,0,0
"155","evil",28,9,11,1,1,1,5
"156","excellent",81,24,11,13,13,12,8
"157","exceptional",0,0,0,0,0,0,0
"158","excited",2,0,0,0,1,1,0
"159","exciting",10,4,2,0,0,1,3
"160","exhausted",0,0,0,0,0,0,0
"161","experienced",3,0,1,0,1,0,1
"162","expressive",9,1,3,0,1,2,2
"163","extraordinary",59,20,3,6,9,14,7
"164","fair",68,16,21,9,3,13,6
"165","faithful",8,1,1,4,0,1,1
"166","familiar",10,2,4,1,1,2,0
"167","famous",10,2,1,7,0,0,0
"168","fascinating",1,0,0,0,0,0,1
"169","fat",1,0,0,0,0,1,0
"170","feminine",4,1,2,0,0,0,1
"171","fine",124,25,33,15,21,13,17
"172","firm",6,1,0,2,0,2,1
"173","flexible",0,0,0,0,0,0,0
"174","foolish",27,7,6,3,1,5,5
"175","forgetful",1,0,0,0,1,0,0
"176","forgiving",2,1,0,0,0,1,0
"177","fortunate",39,17,5,1,1,12,3
"178","forward",0,0,0,0,0,0,0
"179","friendly",33,9,7,1,5,6,5
"180","frightening",0,0,0,0,0,0,0
"181","frustrated",0,0,0,0,0,0,0
"182","frustrating",0,0,0,0,0,0,0
"183","funny",0,0,0,0,0,0,0
"184","furious",0,0,0,0,0,0,0
"185","generous",20,3,4,2,1,5,5
"186","gentle",40,11,13,6,3,3,4
"187","genuine",8,1,3,3,0,0,1
"188","gifted",1,0,0,0,1,0,0
"189","giving",0,0,0,0,0,0,0
"190","glad",94,21,30,11,6,14,12
"191","glamorous",0,0,0,0,0,0,0
"192","good",811,217,182,76,100,137,99
"193","good-for-nothing",2,0,0,0,0,0,2
"194","good-humored",0,0,0,0,0,0,0
"195","good-looking",5,1,0,2,2,0,0
"196","good-natured",14,3,1,3,1,2,4
"197","gorgeous",0,0,0,0,0,0,0
"198","graceful",6,2,0,1,0,1,2
"199","gracious",12,1,1,1,0,5,4
"200","grateful",22,6,4,0,2,4,6
"201","great",651,178,122,61,77,107,106
"202","greedy",2,0,0,2,0,0,0
"203","grouchy",0,0,0,0,0,0,0
"204","grumpy",0,0,0,0,0,0,0
"205","handicapped",0,0,0,0,0,0,0
"206","handsome",84,19,11,14,11,16,13
"207","happy",186,45,37,16,23,26,39
"208","hard",25,3,7,3,2,6,4
"209","hard-working",0,0,0,0,0,0,0
"210","harmless",4,1,0,2,0,0,1
"211","healthy",7,3,0,0,2,1,1
"212","heartbroken",0,0,0,0,0,0,0
"213","helpful",0,0,0,0,0,0,0
"214","helpless",5,1,2,0,1,0,1
"215","hilarious",0,0,0,0,0,0,0
"216","homeless",0,0,0,0,0,0,0
"217","honest",20,4,5,5,1,1,4
"218","hopeful",0,0,0,0,0,0,0
"219","hostile",1,0,0,0,0,0,1
"220","hot-tempered",0,0,0,0,0,0,0
"221","humiliated",0,0,0,0,0,0,0
"222","humorous",0,0,0,0,0,0,0
"223","idealistic",0,0,0,0,0,0,0
"224","ignorant",25,5,1,2,1,12,4
"225","imaginative",0,0,0,0,0,0,0
"226","immature",0,0,0,0,0,0,0
"227","impatient",18,2,4,3,3,4,2
"228","impolite",1,1,0,0,0,0,0
"229","important",46,15,8,4,3,8,8
"230","impressive",0,0,0,0,0,0,0
"231","impulsive",0,0,0,0,0,0,0
"232","incompetent",0,0,0,0,0,0,0
"233","inconsiderate",0,0,0,0,0,0,0
"234","indecisive",1,0,0,0,1,0,0
"235","independent",19,3,7,4,0,1,4
"236","inexperienced",1,0,1,0,0,0,0
"237","influential",0,0,0,0,0,0,0
"238","informal",0,0,0,0,0,0,0
"239","innocent",6,1,2,1,0,1,1
"240","insane",1,1,0,0,0,0,0
"241","insecure",0,0,0,0,0,0,0
"242","insensitive",0,0,0,0,0,0,0
"243","insulting",1,0,0,0,0,1,0
"244","intellectual",4,2,1,1,0,0,0
"245","intelligent",9,3,0,0,3,2,1
"246","interested",14,5,3,2,0,2,2
"247","interesting",62,18,9,6,8,10,11
"248","intimidating",0,0,0,0,0,0,0
"249","involved",0,0,0,0,0,0,0
"250","irrational",2,0,0,0,1,0,1
"251","irresponsible",0,0,0,0,0,0,0
"252","irritable",1,0,0,0,1,0,0
"253","irritated",6,1,1,2,0,1,1
"254","irritating",0,0,0,0,0,0,0
"255","jealous",7,1,1,1,1,2,1
"256","joyful",4,1,1,1,0,0,1
"257","kind",20,11,5,1,0,2,1
"258","kind-hearted",0,0,0,0,0,0,0
"259","knowledgeable",0,0,0,0,0,0,0
"260","laid-back",0,0,0,0,0,0,0
"261","laughing",0,0,0,0,0,0,0
"262","lazy",0,0,0,0,0,0,0
"263","level-headed",0,0,0,0,0,0,0
"264","liberal",19,7,1,3,1,2,5
"265","likeable",0,0,0,0,0,0,0
"266","little",804,243,174,61,108,122,96
"267","lively",23,4,4,2,3,5,5
"268","logical",0,0,0,0,0,0,0
"269","lonely",1,0,1,0,0,0,0
"270","lonesome",0,0,0,0,0,0,0
"271","loud",9,2,1,2,0,1,3
"272","lovable",0,0,0,0,0,0,0
"273","lovely",26,8,9,2,2,3,2
"274","loving",2,0,0,1,1,0,0
"275","loyal",0,0,0,0,0,0,0
"276","lucky",29,8,3,2,6,5,5
"277","masculine",0,0,0,0,0,0,0
"278","materialistic",0,0,0,0,0,0,0
"279","mature",1,0,0,0,0,1,0
"280","mean",4,0,1,0,0,3,0
"281","messy",0,0,0,0,0,0,0
"282","middle-aged",0,0,0,0,0,0,0
"283","middle-class",0,0,0,0,0,0,0
"284","modest",14,2,5,1,3,1,2
"285","moody",0,0,0,0,0,0,0
"286","motherly",0,0,0,0,0,0,0
"287","muscular",0,0,0,0,0,0,0
"288","naive",0,0,0,0,0,0,0
"289","narrow-minded",1,0,0,1,0,0,0
"290","natural",120,37,25,8,14,19,17
"291","neat",5,2,1,1,0,0,1
"292","needy",0,0,0,0,0,0,0
"293","negative",7,1,2,0,1,2,1
"294","neglected",0,0,0,0,0,0,0
"295","neighborly",0,0,0,0,0,0,0
"296","nervous",11,5,1,0,1,0,4
"297","nice",29,5,6,4,9,2,3
"298","noisy",5,1,1,0,0,1,2
"299","normal",0,0,0,0,0,0,0
"300","nosy",0,0,0,0,0,0,0
"301","obnoxious",0,0,0,0,0,0,0
"302","observant",3,0,0,0,1,0,2
"303","obsessive",0,0,0,0,0,0,0
"304","offensive",5,0,1,0,2,2,0
"305","old",176,49,40,22,28,10,27
"306","old-fashioned",6,2,0,3,0,0,1
"307","open",79,17,9,16,12,4,21
"308","open-minded",0,0,0,0,0,0,0
"309","opinionated",0,0,0,0,0,0,0
"310","optimistic",0,0,0,0,0,0,0
"311","ordinary",11,1,1,3,0,3,3
"312","organized",0,0,0,0,0,0,0
"313","original",9,1,2,1,0,5,0
"314","outgoing",0,0,0,0,0,0,0
"315","outspoken",0,0,0,0,0,0,0
"316","outstanding",0,0,0,0,0,0,0
"317","overrated",0,0,0,0,0,0,0
"318","overworked",0,0,0,0,0,0,0
"319","passionate",1,0,0,0,0,0,1
"320","pathetic",1,0,0,0,1,0,0
"321","patient",0,0,0,0,0,0,0
"322","peaceful",0,0,0,0,0,0,0
"323","perceptive",0,0,0,0,0,0,0
"324","persistent",0,0,0,0,0,0,0
"325","persuasive",0,0,0,0,0,0,0
"326","phony",0,0,0,0,0,0,0
"327","plain",19,6,2,3,2,5,1
"328","playful",3,1,0,1,1,0,0
"329","pleasant",77,24,18,6,7,11,11
"330","pleased",29,6,5,4,4,6,4
"331","pleasing",0,0,0,0,0,0,0
"332","polite",14,1,0,3,3,3,4
"333","poor",216,72,48,15,29,23,29
"334","popular",2,1,0,0,1,0,0
"335","positive",13,1,1,3,2,1,5
"336","possessive",0,0,0,0,0,0,0
"337","powerful",11,3,2,0,3,2,1
"338","practical",1,0,1,0,0,0,0
"339","predictable",0,0,0,0,0,0,0
"340","prejudiced",4,1,1,0,0,1,1
"341","preoccupied",0,0,0,0,0,0,0
"342","presentable",0,0,0,0,0,0,0
"343","pretty",12,1,3,2,2,2,2
"344","private",46,8,14,3,4,6,11
"345","procrastinating",0,0,0,0,0,0,0
"346","productive",3,0,0,0,0,1,2
"347","professional",2,1,1,0,0,0,0
"348","prominent",3,2,1,0,0,0,0
"349","prompt",2,0,0,0,1,1,0
"350","proper",87,28,15,5,11,14,14
"351","prosperous",6,1,1,0,1,2,1
"352","protective",0,0,0,0,0,0,0
"353","proud",13,2,0,1,3,7,0
"354","punctual",5,1,1,0,0,2,1
"355","quiet",28,7,9,3,5,1,3
"356","radical",0,0,0,0,0,0,0
"357","realistic",0,0,0,0,0,0,0
"358","reasonable",43,15,8,2,0,10,8
"359","rebellious",0,0,0,0,0,0,0
"360","reckless",0,0,0,0,0,0,0
"361","relaxed",0,0,0,0,0,0,0
"362","reliable",0,0,0,0,0,0,0
"363","religious",1,0,0,1,0,0,0
"364","remarkable",20,3,1,6,2,7,1
"365","resourceful",0,0,0,0,0,0,0
"366","respectable",41,9,11,0,3,8,10
"367","respected",0,0,0,0,0,0,0
"368","respectful",4,2,0,0,0,1,1
"369","responsible",2,0,0,0,2,0,0
"370","retarded",0,0,0,0,0,0,0
"371","rich",47,8,7,6,9,5,12
"372","ridiculous",14,1,2,2,0,2,7
"373","romantic",4,1,1,0,0,0,2
"374","rough",6,1,4,0,0,1,0
"375","rowdy",0,0,0,0,0,0,0
"376","rude",12,5,0,2,0,2,3
"377","rushed",0,0,0,0,0,0,0
"378","sad",19,5,8,0,3,3,0
"379","sarcastic",3,1,1,0,0,1,0
"380","satisfied",27,7,7,2,4,5,2
"381","scared",0,0,0,0,0,0,0
"382","secure",13,2,0,4,1,3,3
"383","seductive",0,0,0,0,0,0,0
"384","self-assured",0,0,0,0,0,0,0
"385","self-centered",0,0,0,0,0,0,0
"386","self-confident",0,0,0,0,0,0,0
"387","self-conscious",0,0,0,0,0,0,0
"388","self-sufficient",0,0,0,0,0,0,0
"389","self-supporting",0,0,0,0,0,0,0
"390","selfish",17,1,7,1,2,2,4
"391","senile",0,0,0,0,0,0,0
"392","sensible",71,13,10,3,16,20,9
"393","sensitive",0,0,0,0,0,0,0
"394","sentimental",0,0,0,0,0,0,0
"395","serious",103,24,26,3,11,20,19
"396","sexy",0,0,0,0,0,0,0
"397","shallow",1,0,0,1,0,0,0
"398","short",206,38,38,34,26,31,39
"399","short-tempered",0,0,0,0,0,0,0
"400","shy",6,0,2,0,2,1,1
"401","sincere",21,3,1,4,1,6,6
"402","skilled",0,0,0,0,0,0,0
"403","skillful",0,0,0,0,0,0,0
"404","skinny",0,0,0,0,0,0,0
"405","sleepy",0,0,0,0,0,0,0
"406","slender",0,0,0,0,0,0,0
"407","slim",0,0,0,0,0,0,0
"408","sloppy",0,0,0,0,0,0,0
"409","smart",11,0,1,1,1,2,6
"410","snobbish",0,0,0,0,0,0,0
"411","sociable",1,0,0,0,0,0,1
"412","social",6,2,1,1,1,1,0
"413","soft-spoken",0,0,0,0,0,0,0
"414","sophisticated",0,0,0,0,0,0,0
"415","spoiled",0,0,0,0,0,0,0
"416","spontaneous",1,0,1,0,0,0,0
"417","stable",4,2,0,0,0,0,2
"418","stingy",0,0,0,0,0,0,0
"419","straightforward",3,3,0,0,0,0,0
"420","strange",65,10,9,18,2,9,17
"421","strict",13,2,3,1,5,0,2
"422","strong",109,29,30,7,18,12,13
"423","stubborn",4,0,0,1,0,0,3
"424","stuck-up",0,0,0,0,0,0,0
"425","stupid",26,4,6,6,1,4,5
"426","successful",8,2,3,1,0,1,1
"427","superstitious",0,0,0,0,0,0,0
"428","supportive",0,0,0,0,0,0,0
"429","surprised",17,0,8,2,1,3,3
"430","suspicious",4,1,1,0,1,0,1
"431","sweet",43,8,8,9,3,5,10
"432","sympathetic",2,0,1,1,0,0,0
"433","talented",0,0,0,0,0,0,0
"434","talkative",2,1,1,0,0,0,0
"435","tall",16,3,5,0,2,4,2
"436","temperamental",0,0,0,0,0,0,0
"437","tense",0,0,0,0,0,0,0
"438","terrible",9,0,7,0,0,0,2
"439","terrific",2,0,0,1,0,1,0
"440","thankful",9,1,0,0,1,6,1
"441","thin",8,1,1,1,2,1,2
"442","thinking",0,0,0,0,0,0,0
"443","thorough",18,6,3,0,1,3,5
"444","thoughtful",14,3,5,0,2,0,4
"445","thoughtless",1,0,0,0,1,0,0
"446","tiny",0,0,0,0,0,0,0
"447","tired",12,3,1,5,1,2,0
"448","tolerant",0,0,0,0,0,0,0
"449","tough",1,0,1,0,0,0,0
"450","traditional",1,0,0,1,0,0,0
"451","troubled",0,0,0,0,0,0,0
"452","trusted",0,0,0,0,0,0,0
"453","trusting",0,0,0,0,0,0,0
"454","trustworthy",0,0,0,0,0,0,0
"455","truthful",0,0,0,0,0,0,0
"456","unattractive",0,0,0,0,0,0,0
"457","uncomfortable",9,1,0,3,0,3,2
"458","undependable",0,0,0,0,0,0,0
"459","understandable",0,0,0,0,0,0,0
"460","understanding",0,0,0,0,0,0,0
"461","uneducated",0,0,0,0,0,0,0
"462","unemployed",4,1,1,0,1,0,1
"463","unfair",4,3,0,0,0,0,1
"464","unfaithful",0,0,0,0,0,0,0
"465","unforgettable",0,0,0,0,0,0,0
"466","unfriendly",3,1,1,1,0,0,0
"467","ungraceful",0,0,0,0,0,0,0
"468","unhappy",30,6,3,4,1,3,13
"469","uninhibited",0,0,0,0,0,0,0
"470","unlucky",18,3,5,0,0,7,3
"471","unpopular",0,0,0,0,0,0,0
"472","unpredictable",0,0,0,0,0,0,0
"473","unreasonable",23,6,9,1,0,5,2
"474","unreliable",0,0,0,0,0,0,0
"475","unstable",0,0,0,0,0,0,0
"476","unsure",0,0,0,0,0,0,0
"477","unusual",12,3,4,3,1,0,1
"478","upset",0,0,0,0,0,0,0
"479","useful",46,11,23,2,7,2,1
"480","valuable",26,7,4,1,4,6,4
"481","violent",20,0,1,2,1,8,8
"482","warm",49,14,12,5,8,3,7
"483","warm-hearted",2,0,2,0,0,0,0
"484","wasteful",0,0,0,0,0,0,0
"485","weak",13,5,3,0,3,2,0
"486","wealthy",5,0,0,3,1,0,1
"487","weird",0,0,0,0,0,0,0
"488","well",0,0,0,0,0,0,0
"489","well-adjusted",0,0,0,0,0,0,0
"490","well-known",7,2,0,3,1,0,1
"491","well-liked",0,0,0,0,0,0,0
"492","well-to-do",0,0,0,0,0,0,0
"493","wise",9,3,1,0,2,2,1
"494","wishy-washy",0,0,0,0,0,0,0
"495","witty",3,2,0,0,0,0,1
"496","wonderful",26,8,8,4,1,3,2
"497","worthy",26,14,3,3,2,3,1
"498","young",457,111,84,58,49,93,62
"499","youthful",4,0,0,1,1,0,2
