"","Words","count.present","A Tale of Two Cities","Barnaby Rudge","Bleak House","David Copperfield","Dombey and Son","Great Expectations","Hard Times","Little Dorrit","Martin Chuzzlewit","Mystery of Edwin Drood","Nicholas Nickleby","Oliver Twist","Our Mutual Friend","Pickwick","The Old Curiosity Shop"
"1","abrasive",0,0,0,0,0,0,0,0,0,0,0,0,0,0,0,0
"2","abrupt",42,3,3,2,5,2,1,1,2,2,3,3,2,3,3,7
"3","absent-minded",0,0,0,0,0,0,0,0,0,0,0,0,0,0,0,0
"4","abstinent",0,0,0,0,0,0,0,0,0,0,0,0,0,0,0,0
"5","abstract",16,0,5,0,2,0,0,0,1,1,0,5,0,0,0,2
"6","abusive",7,0,0,1,1,0,0,1,1,0,0,0,0,2,1,0
"7","acceptant",0,0,0,0,0,0,0,0,0,0,0,0,0,0,0,0
"8","accessible",23,1,0,1,1,5,0,2,8,0,1,1,0,3,0,0
"9","accommodating",0,0,0,0,0,0,0,0,0,0,0,0,0,0,0,0
"10","accomplished",36,0,1,6,1,10,0,1,5,1,1,6,3,0,1,0
"11","accurate",26,1,0,2,1,2,2,1,5,3,2,2,1,1,3,0
"12","acid",5,0,2,0,0,0,0,0,0,3,0,0,0,0,0,0
"13","acquiescent",1,0,0,0,0,1,0,0,0,0,0,0,0,0,0,0
"14","acquisitive",0,0,0,0,0,0,0,0,0,0,0,0,0,0,0,0
"15","active",123,4,18,19,7,9,1,1,11,10,2,12,8,7,6,8
"16","adaptable",6,0,0,0,0,0,0,0,1,2,1,0,0,2,0,0
"17","adaptive",0,0,0,0,0,0,0,0,0,0,0,0,0,0,0,0
"18","adjustable",0,0,0,0,0,0,0,0,0,0,0,0,0,0,0,0
"19","adulterous",0,0,0,0,0,0,0,0,0,0,0,0,0,0,0,0
"20","adventurous",26,2,3,2,2,4,0,0,2,0,0,4,0,1,4,2
"21","affable",41,0,3,7,2,5,1,0,9,3,1,1,0,4,4,1
"22","affected",46,0,6,0,8,3,0,1,1,2,0,8,3,0,11,3
"23","affectionate",192,5,4,23,26,15,4,6,18,14,10,22,6,13,12,14
"24","affirmative",8,0,0,0,0,0,0,0,2,3,1,1,0,1,0,0
"25","aggressive",5,0,0,0,0,1,0,0,0,0,3,0,0,1,0,0
"26","agitable",0,0,0,0,0,0,0,0,0,0,0,0,0,0,0,0
"27","agitative",0,0,0,0,0,0,0,0,0,0,0,0,0,0,0,0
"28","agreeable",350,6,15,47,45,21,13,12,37,37,5,26,7,31,29,19
"29","aimful",0,0,0,0,0,0,0,0,0,0,0,0,0,0,0,0
"30","aimless",1,0,0,0,0,0,0,0,0,0,1,0,0,0,0,0
"31","alarmable",0,0,0,0,0,0,0,0,0,0,0,0,0,0,0,0
"32","alert",2,1,0,0,0,1,0,0,0,0,0,0,0,0,0,0
"33","aloof",20,0,6,3,1,1,0,1,2,3,0,1,1,0,1,0
"34","altruistic",0,0,0,0,0,0,0,0,0,0,0,0,0,0,0,0
"35","ambitious",22,0,1,2,1,8,0,0,0,1,0,3,2,4,0,0
"36","amiable",173,2,8,21,17,15,4,2,17,17,4,19,8,9,20,10
"37","amicable",9,0,0,2,0,1,0,0,0,3,1,2,0,0,0,0
"38","amorous",8,0,1,0,0,0,0,0,0,1,0,3,1,0,1,1
"39","analytical",2,0,0,0,0,0,0,0,0,1,0,0,0,1,0,0
"40","angelic",11,0,1,0,2,5,0,0,1,1,0,1,0,0,0,0
"41","animated",3,0,0,1,0,0,0,0,0,0,0,0,0,0,2,0
"42","antagonistic",0,0,0,0,0,0,0,0,0,0,0,0,0,0,0,0
"43","anticipative",2,0,0,0,1,0,0,0,0,0,0,1,0,0,0,0
"44","antisocial",0,0,0,0,0,0,0,0,0,0,0,0,0,0,0,0
"45","anxious",375,14,22,36,35,27,15,10,30,31,3,48,23,18,32,31
"46","apathetic",1,0,0,0,0,0,0,0,0,0,0,0,0,0,1,0
"47","appreciative",8,2,0,0,0,0,2,0,2,0,2,0,0,0,0,0
"48","approachable",4,0,2,0,0,0,0,0,1,1,0,0,0,0,0,0
"49","arbitrary",8,0,0,0,1,0,1,0,2,2,0,1,1,0,0,0
"50","arbitrative",0,0,0,0,0,0,0,0,0,0,0,0,0,0,0,0
"51","argumentative",20,1,0,3,1,1,3,1,3,1,0,1,0,2,2,1
"52","aristocratic",28,2,0,6,0,0,1,1,3,4,0,3,0,5,3,0
"53","arrogant",9,0,0,1,1,3,0,1,1,0,0,1,0,1,0,0
"54","articulate",3,1,0,0,0,0,0,0,0,1,0,0,0,0,1,0
"55","artistic",5,0,0,1,1,0,0,0,1,0,1,0,0,1,0,0
"56","ascendant",0,0,0,0,0,0,0,0,0,0,0,0,0,0,0,0
"57","asocial",0,0,0,0,0,0,0,0,0,0,0,0,0,0,0,0
"58","assertive",0,0,0,0,0,0,0,0,0,0,0,0,0,0,0,0
"59","assured",10,1,0,1,1,0,0,1,1,0,0,2,2,1,0,0
"60","astute",0,0,0,0,0,0,0,0,0,0,0,0,0,0,0,0
"61","audacious",24,0,2,3,1,2,1,0,4,1,0,2,1,3,3,1
"62","austere",7,0,0,1,2,2,0,0,2,0,0,0,0,0,0,0
"63","authoritative",1,1,0,0,0,0,0,0,0,0,0,0,0,0,0,0
"64","autocratic",1,0,0,0,0,0,0,0,0,0,0,0,0,1,0,0
"65","autonomous",0,0,0,0,0,0,0,0,0,0,0,0,0,0,0,0
"66","aweless",0,0,0,0,0,0,0,0,0,0,0,0,0,0,0,0
"67","awkward",87,1,6,5,6,5,1,1,5,11,4,18,2,7,12,3
"68","balky",0,0,0,0,0,0,0,0,0,0,0,0,0,0,0,0
"69","bashful",33,0,0,3,6,1,1,0,6,5,0,4,1,1,3,2
"70","belligerent",1,0,0,0,0,0,0,0,0,0,0,0,0,0,1,0
"71","bendable",0,0,0,0,0,0,0,0,0,0,0,0,0,0,0,0
"72","beneficent",13,0,1,2,0,1,1,2,2,1,2,0,0,1,0,0
"73","benevolent",50,1,1,5,4,3,2,0,9,1,2,5,4,3,10,0
"74","biased",0,0,0,0,0,0,0,0,0,0,0,0,0,0,0,0
"75","big-mouthed",0,0,0,0,0,0,0,0,0,0,0,0,0,0,0,0
"76","bigheaded",0,0,0,0,0,0,0,0,0,0,0,0,0,0,0,0
"77","bighearted",0,0,0,0,0,0,0,0,0,0,0,0,0,0,0,0
"78","bigoted",0,0,0,0,0,0,0,0,0,0,0,0,0,0,0,0
"79","bitter",114,5,10,7,8,13,5,1,6,13,3,18,8,8,3,6
"80","bland",25,0,1,2,2,3,0,0,3,3,2,0,0,3,3,3
"81","blase",0,0,0,0,0,0,0,0,0,0,0,0,0,0,0,0
"82","blasphemous",2,1,0,0,0,0,0,0,0,1,0,0,0,0,0,0
"83","blunt",27,1,3,1,1,7,2,0,3,2,0,1,0,3,0,3
"84","blunt-witted",0,0,0,0,0,0,0,0,0,0,0,0,0,0,0,0
"85","blustery",0,0,0,0,0,0,0,0,0,0,0,0,0,0,0,0
"86","boastful",22,3,0,2,1,0,0,1,2,4,0,1,0,6,1,1
"87","boastless",0,0,0,0,0,0,0,0,0,0,0,0,0,0,0,0
"88","boisterous",51,0,12,1,2,2,0,2,1,7,2,2,5,0,9,6
"89","bold",188,4,34,10,20,29,4,4,9,27,2,14,4,11,7,9
"90","bookish",0,0,0,0,0,0,0,0,0,0,0,0,0,0,0,0
"91","boorish",3,0,0,0,1,0,1,0,0,1,0,0,0,0,0,0
"92","bossy",0,0,0,0,0,0,0,0,0,0,0,0,0,0,0,0
"93","bountiful",4,0,1,1,0,0,0,0,0,1,1,0,0,0,0,0
"94","boyish",32,0,2,1,9,3,3,0,0,1,1,4,1,4,1,2
"95","brainy",0,0,0,0,0,0,0,0,0,0,0,0,0,0,0,0
"96","brash",0,0,0,0,0,0,0,0,0,0,0,0,0,0,0,0
"97","brave",89,8,20,6,8,9,2,3,9,8,2,1,1,6,4,2
"98","brawlsome",0,0,0,0,0,0,0,0,0,0,0,0,0,0,0,0
"99","brazen",1,0,0,1,0,0,0,0,0,0,0,0,0,0,0,0
"100","breezy",6,0,1,1,0,0,0,0,0,1,2,0,0,0,0,1
"101","bright",601,21,61,62,58,66,27,11,52,56,24,28,16,45,31,43
"102","brisk",65,3,6,2,4,5,2,1,4,12,4,7,1,6,5,3
"103","bristly",2,0,0,0,0,2,0,0,0,0,0,0,0,0,0,0
"104","broad-minded",0,0,0,0,0,0,0,0,0,0,0,0,0,0,0,0
"105","broad-spoken",0,0,0,0,0,0,0,0,0,0,0,0,0,0,0,0
"106","broody",0,0,0,0,0,0,0,0,0,0,0,0,0,0,0,0
"107","brusque",0,0,0,0,0,0,0,0,0,0,0,0,0,0,0,0
"108","brutal",21,0,3,1,1,1,3,0,0,3,0,3,2,0,3,1
"109","bubbly",0,0,0,0,0,0,0,0,0,0,0,0,0,0,0,0
"110","bullheaded",0,0,0,0,0,0,0,0,0,0,0,0,0,0,0,0
"111","bullish",0,0,0,0,0,0,0,0,0,0,0,0,0,0,0,0
"112","bullying",0,0,0,0,0,0,0,0,0,0,0,0,0,0,0,0
"113","buoyant",12,0,2,0,0,0,0,1,0,3,0,3,0,1,1,1
"114","businesslike",3,0,0,0,0,1,0,0,1,0,0,0,0,0,0,1
"115","busyish",0,0,0,0,0,0,0,0,0,0,0,0,0,0,0,0
"116","cagy",0,0,0,0,0,0,0,0,0,0,0,0,0,0,0,0
"117","calculable",0,0,0,0,0,0,0,0,0,0,0,0,0,0,0,0
"118","calculating",5,0,0,1,0,0,0,1,0,1,0,2,0,0,0,0
"119","callous",4,0,0,1,0,1,1,0,0,0,0,0,0,0,1,0
"120","calm",159,6,9,8,26,19,4,2,16,13,2,11,9,8,14,12
"121","candid",27,0,4,6,0,2,1,1,1,4,2,1,0,3,1,1
"122","canny",1,0,0,0,0,0,0,0,0,0,0,0,0,0,1,0
"123","cantankerous",0,0,0,0,0,0,0,0,0,0,0,0,0,0,0,0
"124","capable",92,6,2,13,11,11,5,3,6,9,2,7,3,9,1,4
"125","capricious",33,1,4,4,3,4,3,0,2,3,3,0,0,5,0,1
"126","carefree",0,0,0,0,0,0,0,0,0,0,0,0,0,0,0,0
"127","careful",179,4,14,20,12,10,8,3,16,15,2,17,7,14,20,17
"128","careless",99,8,10,8,4,8,3,3,8,12,2,10,3,10,4,6
"129","careworn",6,0,0,1,1,1,0,0,0,1,0,1,0,0,1,0
"130","casual",26,2,2,2,2,1,0,0,3,4,0,2,0,3,3,2
"131","catty",0,0,0,0,0,0,0,0,0,0,0,0,0,0,0,0
"132","caustic",2,0,0,0,0,0,0,0,1,1,0,0,0,0,0,0
"133","cautious",51,3,6,0,0,6,1,2,4,4,0,4,2,4,7,8
"134","cavalier",0,0,0,0,0,0,0,0,0,0,0,0,0,0,0,0
"135","censorial",0,0,0,0,0,0,0,0,0,0,0,0,0,0,0,0
"136","cerebral",0,0,0,0,0,0,0,0,0,0,0,0,0,0,0,0
"137","ceremonious",11,0,0,3,2,2,2,0,1,0,0,0,0,0,1,0
"138","certain",824,25,59,57,70,61,44,13,85,100,24,63,24,102,43,54
"139","changeable",5,0,1,1,1,0,0,0,0,0,0,1,0,1,0,0
"140","changeless",0,0,0,0,0,0,0,0,0,0,0,0,0,0,0,0
"141","charitable",27,0,3,4,2,0,0,0,2,2,0,6,2,3,3,0
"142","chaste",17,1,1,1,0,1,0,3,1,3,1,2,2,0,1,0
"143","chatty",8,0,0,2,0,1,0,1,0,2,0,1,0,1,0,0
"144","cheerful",317,5,33,27,36,23,12,10,15,36,7,22,12,20,26,33
"145","cherubic",0,0,0,0,0,0,0,0,0,0,0,0,0,0,0,0
"146","chic",0,0,0,0,0,0,0,0,0,0,0,0,0,0,0,0
"147","childish",105,0,4,13,24,18,4,3,5,4,6,5,2,9,3,5
"148","childlike",1,0,0,0,0,0,0,0,0,0,0,0,0,0,0,1
"149","chipper",0,0,0,0,0,0,0,0,0,0,0,0,0,0,0,0
"150","chitchatty",0,0,0,0,0,0,0,0,0,0,0,0,0,0,0,0
"151","chivalrous",12,1,0,1,1,2,0,0,2,1,1,0,0,2,1,0
"152","choosy",0,0,0,0,0,0,0,0,0,0,0,0,0,0,0,0
"153","circumspect",2,0,0,1,0,0,0,0,0,0,0,0,1,0,0,0
"154","civil",45,1,6,3,5,2,0,1,5,6,2,5,3,2,2,2
"155","civilized",5,0,0,1,1,0,1,0,0,1,0,0,0,1,0,0
"156","clairvoyant",0,0,0,0,0,0,0,0,0,0,0,0,0,0,0,0
"157","clannish",0,0,0,0,0,0,0,0,0,0,0,0,0,0,0,0
"158","clear-cut",0,0,0,0,0,0,0,0,0,0,0,0,0,0,0,0
"159","clear-headed",0,0,0,0,0,0,0,0,0,0,0,0,0,0,0,0
"160","clear-sighted",0,0,0,0,0,0,0,0,0,0,0,0,0,0,0,0
"161","clear-thinking",0,0,0,0,0,0,0,0,0,0,0,0,0,0,0,0
"162","clever",105,0,3,10,11,5,2,1,25,6,1,12,13,7,5,4
"163","clingy",0,0,0,0,0,0,0,0,0,0,0,0,0,0,0,0
"164","cliquish",0,0,0,0,0,0,0,0,0,0,0,0,0,0,0,0
"165","close-mouthed",0,0,0,0,0,0,0,0,0,0,0,0,0,0,0,0
"166","closed-minded",0,0,0,0,0,0,0,0,0,0,0,0,0,0,0,0
"167","closefisted",0,0,0,0,0,0,0,0,0,0,0,0,0,0,0,0
"168","clownish",0,0,0,0,0,0,0,0,0,0,0,0,0,0,0,0
"169","clumsy",35,3,6,2,1,1,4,0,5,3,0,2,0,7,1,0
"170","coarse",108,9,8,4,3,8,19,3,6,12,1,14,4,5,6,6
"171","cocky",0,0,0,0,0,0,0,0,0,0,0,0,0,0,0,0
"172","coercive",1,0,0,1,0,0,0,0,0,0,0,0,0,0,0,0
"173","coherent",11,0,1,2,0,1,1,0,2,1,0,1,1,0,1,0
"174","cold",637,27,52,48,36,71,37,14,36,45,16,55,45,36,66,53
"175","coldhearted",0,0,0,0,0,0,0,0,0,0,0,0,0,0,0,0
"176","combative",3,0,0,1,0,0,0,0,0,0,1,0,0,1,0,0
"177","communicative",19,0,1,0,1,2,2,0,2,0,1,4,2,1,1,2
"178","companionable",8,0,1,0,1,0,0,0,1,0,0,0,0,0,2,3
"179","compassionate",50,7,2,6,8,2,3,5,2,4,0,1,0,3,3,4
"180","compassionless",0,0,0,0,0,0,0,0,0,0,0,0,0,0,0,0
"181","competitory",0,0,0,0,0,0,0,0,0,0,0,0,0,0,0,0
"182","complacent",35,1,1,6,5,5,1,2,0,2,0,3,1,2,4,2
"183","complaining",1,0,0,0,0,0,0,0,0,0,0,0,0,1,0,0
"184","complaisant",0,0,0,0,0,0,0,0,0,0,0,0,0,0,0,0
"185","complex",5,0,1,1,0,0,0,0,0,0,0,1,0,1,1,0
"186","compliant",3,0,0,0,0,1,0,0,0,0,0,0,0,1,0,1
"187","complicated",40,1,2,2,3,1,1,1,2,3,2,6,1,3,11,1
"188","complimentary",51,1,5,3,2,5,3,3,3,6,1,6,1,5,3,4
"189","compulsive",0,0,0,0,0,0,0,0,0,0,0,0,0,0,0,0
"190","comradely",0,0,0,0,0,0,0,0,0,0,0,0,0,0,0,0
"191","conceited",2,0,0,1,1,0,0,0,0,0,0,0,0,0,0,0
"192","conceitless",0,0,0,0,0,0,0,0,0,0,0,0,0,0,0,0
"193","conciliatory",25,0,5,2,3,2,2,1,2,2,1,0,1,2,2,0
"194","concise",3,0,0,1,0,0,0,0,0,0,0,0,1,0,0,1
"195","condescending",12,0,1,1,1,3,0,0,1,1,0,1,0,2,1,0
"196","confident",63,4,3,5,10,5,2,1,5,5,5,7,1,4,4,2
"197","confusable",0,0,0,0,0,0,0,0,0,0,0,0,0,0,0,0
"198","confused",120,7,5,19,12,12,7,2,6,10,7,9,4,8,9,3
"199","congenial",29,2,2,5,4,3,0,0,2,5,0,0,0,2,1,3
"200","conscienceless",0,0,0,0,0,0,0,0,0,0,0,0,0,0,0,0
"201","conscientious",24,0,3,0,2,1,1,0,4,2,4,1,0,4,2,0
"202","conservative",0,0,0,0,0,0,0,0,0,0,0,0,0,0,0,0
"203","considerate",65,1,2,10,6,6,2,2,10,8,1,6,1,4,4,2
"204","consistent",38,0,3,2,4,3,5,1,2,5,1,0,2,5,1,4
"205","consolatory",0,0,0,0,0,0,0,0,0,0,0,0,0,0,0,0
"206","constant",175,1,20,13,12,22,10,1,15,17,4,21,3,3,14,19
"207","constrained",8,0,0,0,0,3,0,1,0,0,0,0,0,4,0,0
"208","constructive",1,0,0,0,0,0,0,0,0,0,0,0,0,1,0,0
"209","contemplative",22,0,0,1,1,4,0,0,1,0,2,0,0,5,6,2
"210","contented",35,0,2,0,3,5,3,3,1,4,2,2,1,3,3,3
"211","contradictious",0,0,0,0,0,0,0,0,0,0,0,0,0,0,0,0
"212","contradictory",23,1,0,4,3,1,2,0,1,4,1,2,1,2,1,0
"213","contrary",24,0,0,5,7,1,0,1,2,1,1,0,1,2,3,0
"214","contrary-minded",0,0,0,0,0,0,0,0,0,0,0,0,0,0,0,0
"215","controlled",0,0,0,0,0,0,0,0,0,0,0,0,0,0,0,0
"216","conventional",23,0,2,0,3,0,2,1,4,0,2,3,0,6,0,0
"217","conversational",35,0,2,4,3,4,2,2,4,4,4,1,0,3,2,0
"218","cool",160,7,17,17,8,11,4,5,13,20,7,10,3,17,8,13
"219","coolheaded",0,0,0,0,0,0,0,0,0,0,0,0,0,0,0,0
"220","cooperative",0,0,0,0,0,0,0,0,0,0,0,0,0,0,0,0
"221","cordial",57,1,2,7,9,5,4,1,6,9,2,5,0,2,3,1
"222","corrective",4,0,0,0,0,0,0,0,0,0,1,0,0,3,0,0
"223","cosmopolitan",3,0,0,1,0,0,0,0,2,0,0,0,0,0,0,0
"224","counselable",0,0,0,0,0,0,0,0,0,0,0,0,0,0,0,0
"225","courageous",13,2,1,1,1,2,0,1,2,0,2,0,0,1,0,0
"226","courteous",27,0,6,1,0,3,0,0,4,3,0,3,0,4,3,0
"227","courtly",9,2,1,2,0,0,0,0,1,2,1,0,0,0,0,0
"228","covetous",9,0,0,0,0,2,0,0,0,3,0,1,1,1,1,0
"229","cowardly",5,0,1,0,0,0,0,0,0,1,0,2,1,0,0,0
"230","coy",1,0,0,0,0,0,0,0,0,1,0,0,0,0,0,0
"231","crabby",0,0,0,0,0,0,0,0,0,0,0,0,0,0,0,0
"232","crafty",19,0,3,0,2,1,0,0,1,0,0,4,3,3,0,2
"233","cranky",4,0,0,0,1,1,0,0,0,0,0,0,0,0,0,2
"234","creative",0,0,0,0,0,0,0,0,0,0,0,0,0,0,0,0
"235","credulous",11,0,4,0,0,1,0,0,3,2,0,0,0,1,0,0
"236","critical",27,0,2,1,1,1,2,0,0,1,2,2,3,3,6,3
"237","crotchety",0,0,0,0,0,0,0,0,0,0,0,0,0,0,0,0
"238","cruel",200,15,19,11,25,20,6,4,27,20,4,15,7,12,7,8
"239","crusading",0,0,0,0,0,0,0,0,0,0,0,0,0,0,0,0
"240","cultivated",0,0,0,0,0,0,0,0,0,0,0,0,0,0,0,0
"241","cultured",0,0,0,0,0,0,0,0,0,0,0,0,0,0,0,0
"242","cunning",48,0,4,2,1,1,3,1,1,3,0,8,2,3,8,11
"243","curious",311,11,14,51,24,21,20,11,35,27,10,13,11,20,28,15
"244","curt",0,0,0,0,0,0,0,0,0,0,0,0,0,0,0,0
"245","cynical",0,0,0,0,0,0,0,0,0,0,0,0,0,0,0,0
"246","dainty",36,3,2,3,0,9,0,0,4,3,1,5,1,1,1,3
"247","dapper",0,0,0,0,0,0,0,0,0,0,0,0,0,0,0,0
"248","daring",14,0,6,0,1,0,0,0,2,1,0,0,0,2,1,1
"249","dauntless",1,0,0,0,0,1,0,0,0,0,0,0,0,0,0,0
"250","debonair",0,0,0,0,0,0,0,0,0,0,0,0,0,0,0,0
"251","deceitful",7,0,0,1,1,2,0,1,0,1,0,0,1,0,0,0
"252","deceivable",0,0,0,0,0,0,0,0,0,0,0,0,0,0,0,0
"253","deceptive",1,0,0,0,0,0,0,0,0,0,0,0,0,0,0,1
"254","decisive",11,0,0,1,1,1,2,0,0,0,0,2,1,1,1,1
"255","dedicated",1,0,0,1,0,0,0,0,0,0,0,0,0,0,0,0
"256","deep",504,18,49,29,35,66,15,7,25,53,11,33,39,36,40,48
"257","defensive",7,0,1,0,3,1,0,0,0,0,0,0,0,1,1,0
"258","defiant",17,0,0,4,1,5,0,3,1,1,1,0,0,1,0,0
"259","definite",24,2,2,3,2,1,3,0,1,2,2,2,0,2,2,0
"260","deliberate",26,1,0,4,1,1,2,0,5,1,1,3,0,3,2,2
"261","deliberative",0,0,0,0,0,0,0,0,0,0,0,0,0,0,0,0
"262","demanding",0,0,0,0,0,0,0,0,0,0,0,0,0,0,0,0
"263","democratic",0,0,0,0,0,0,0,0,0,0,0,0,0,0,0,0
"264","demonstrative",16,2,0,2,3,2,0,2,3,1,1,0,0,0,0,0
"265","demure",2,0,0,1,1,0,0,0,0,0,0,0,0,0,0,0
"266","dependable",0,0,0,0,0,0,0,0,0,0,0,0,0,0,0,0
"267","dependent",41,0,3,6,1,3,3,2,7,3,0,6,2,0,3,2
"268","derisive",6,0,0,0,0,2,0,0,1,0,0,1,0,1,0,1
"269","derogatory",5,0,0,1,1,2,0,0,1,0,0,0,0,0,0,0
"270","designful",0,0,0,0,0,0,0,0,0,0,0,0,0,0,0,0
"271","despondent",28,1,3,1,1,4,1,0,5,5,2,1,0,1,0,3
"272","destructive",17,1,1,2,0,1,1,1,0,1,2,3,1,2,1,0
"273","detached",5,0,0,0,1,0,0,0,0,0,0,2,2,0,0,0
"274","determined",106,5,5,13,9,10,9,4,10,7,2,7,5,12,8,0
"275","devil-may-care",0,0,0,0,0,0,0,0,0,0,0,0,0,0,0,0
"276","devilish",64,1,2,2,3,20,1,5,2,5,2,5,1,4,6,5
"277","devious",3,0,0,1,0,0,0,0,0,1,0,0,1,0,0,0
"278","devout",2,0,1,0,0,0,0,0,0,0,0,0,0,1,0,0
"279","dictatorial",4,0,0,0,0,0,1,2,0,0,0,0,0,0,1,0
"280","dignified",47,0,3,5,2,6,1,0,3,1,0,3,4,7,10,2
"281","digressive",1,0,0,0,0,1,0,0,0,0,0,0,0,0,0,0
"282","diligent",9,0,0,3,1,2,0,0,2,0,0,0,0,0,0,1
"283","diplomatic",7,0,0,0,0,1,0,0,4,0,1,0,0,1,0,0
"284","direct",68,6,5,4,3,7,5,2,10,8,2,3,2,6,3,2
"285","discerning",1,0,0,0,0,0,0,0,0,0,0,1,0,0,0,0
"286","discourageable",0,0,0,0,0,0,0,0,0,0,0,0,0,0,0,0
"287","discourteous",2,0,1,1,0,0,0,0,0,0,0,0,0,0,0,0
"288","discreet",24,1,1,3,2,2,0,1,1,2,0,2,1,5,1,2
"289","discriminative",0,0,0,0,0,0,0,0,0,0,0,0,0,0,0,0
"290","disdainful",30,1,2,7,1,10,1,0,1,2,0,3,0,1,0,1
"291","disguiseless",0,0,0,0,0,0,0,0,0,0,0,0,0,0,0,0
"292","dishonest",12,0,0,0,2,1,0,2,0,0,0,0,0,1,3,3
"293","disobliging",0,0,0,0,0,0,0,0,0,0,0,0,0,0,0,0
"294","disorderly",12,1,3,2,2,2,0,1,0,0,0,0,0,1,0,0
"295","disorganized",0,0,0,0,0,0,0,0,0,0,0,0,0,0,0,0
"296","dispassionate",5,0,0,1,2,0,0,0,1,0,0,0,0,0,1,0
"297","disregardful",0,0,0,0,0,0,0,0,0,0,0,0,0,0,0,0
"298","disrespectful",11,1,3,0,1,0,1,0,0,2,0,2,0,0,0,1
"299","disruptive",0,0,0,0,0,0,0,0,0,0,0,0,0,0,0,0
"300","dissatisfied",21,1,1,2,1,1,3,2,4,1,1,3,0,1,0,0
"301","dissensualized",0,0,0,0,0,0,0,0,0,0,0,0,0,0,0,0
"302","dissocial",0,0,0,0,0,0,0,0,0,0,0,0,0,0,0,0
"303","distant",292,10,35,32,29,33,13,6,24,30,4,12,10,7,17,30
"304","distractible",0,0,0,0,0,0,0,0,0,0,0,0,0,0,0,0
"305","distrustful",29,0,4,4,2,3,2,0,2,5,0,0,0,3,1,3
"306","divertible",0,0,0,0,0,0,0,0,0,0,0,0,0,0,0,0
"307","docile",4,1,0,0,0,1,0,0,0,0,0,1,0,0,0,1
"308","doctrinaire",0,0,0,0,0,0,0,0,0,0,0,0,0,0,0,0
"309","dogged",10,1,2,0,0,1,1,0,0,0,0,2,2,1,0,0
"310","dogmatic",0,0,0,0,0,0,0,0,0,0,0,0,0,0,0,0
"311","doleful",27,3,2,2,3,3,2,1,6,2,1,1,0,1,0,0
"312","dominant",5,2,0,0,1,1,1,0,0,0,0,0,0,0,0,0
"313","domineering",0,0,0,0,0,0,0,0,0,0,0,0,0,0,0,0
"314","double-faced",0,0,0,0,0,0,0,0,0,0,0,0,0,0,0,0
"315","double-tongued",0,0,0,0,0,0,0,0,0,0,0,0,0,0,0,0
"316","down-to-earth",0,0,0,0,0,0,0,0,0,0,0,0,0,0,0,0
"317","dreamy",27,0,2,2,4,4,1,1,4,4,2,2,0,0,0,1
"318","dull",322,9,36,27,29,30,14,3,28,29,7,33,9,20,9,39
"319","dull-witted",0,0,0,0,0,0,0,0,0,0,0,0,0,0,0,0
"320","durable",0,0,0,0,0,0,0,0,0,0,0,0,0,0,0,0
"321","dutiful",40,2,0,6,2,6,0,1,4,7,1,1,2,4,2,2
"322","dynamic",0,0,0,0,0,0,0,0,0,0,0,0,0,0,0,0
"323","eager",112,7,9,10,7,8,5,2,6,10,1,12,10,8,8,9
"324","eagle-eyed",0,0,0,0,0,0,0,0,0,0,0,0,0,0,0,0
"325","earnest",232,7,20,20,26,30,1,6,15,17,7,21,15,10,11,26
"326","earthly-minded",0,0,0,0,0,0,0,0,0,0,0,0,0,0,0,0
"327","earthly-wise",0,0,0,0,0,0,0,0,0,0,0,0,0,0,0,0
"328","earthy",14,0,1,3,1,1,2,0,0,1,3,0,0,0,1,1
"329","easeless",0,0,0,0,0,0,0,0,0,0,0,0,0,0,0,0
"330","easy-going",0,0,0,0,0,0,0,0,0,0,0,0,0,0,0,0
"331","economical",4,0,0,0,0,0,0,1,0,0,0,1,0,2,0,0
"332","educable",0,0,0,0,0,0,0,0,0,0,0,0,0,0,0,0
"333","educated",1,0,0,0,0,0,0,0,0,0,0,0,0,1,0,0
"334","effeminate",1,0,0,0,0,0,0,0,1,0,0,0,0,0,0,0
"335","effervescent",0,0,0,0,0,0,0,0,0,0,0,0,0,0,0,0
"336","efficient",5,0,0,0,0,0,1,0,0,1,0,0,1,0,2,0
"337","egocentric",0,0,0,0,0,0,0,0,0,0,0,0,0,0,0,0
"338","egotistical",3,0,0,0,0,0,0,0,0,0,0,0,0,1,1,1
"339","elegant",76,3,6,11,4,9,4,1,5,3,1,16,1,5,5,2
"340","elfish",0,0,0,0,0,0,0,0,0,0,0,0,0,0,0,0
"341","eloquent",31,0,0,10,2,2,0,0,1,4,1,1,0,1,7,2
"342","elusive",1,0,0,0,1,0,0,0,0,0,0,0,0,0,0,0
"343","embittered",0,0,0,0,0,0,0,0,0,0,0,0,0,0,0,0
"344","emotional",5,1,0,0,0,0,1,0,0,0,0,0,0,3,0,0
"345","emotionless",0,0,0,0,0,0,0,0,0,0,0,0,0,0,0,0
"346","empathic",0,0,0,0,0,0,0,0,0,0,0,0,0,0,0,0
"347","emphatic",67,2,1,7,1,11,3,0,6,3,0,6,2,12,11,2
"348","encyclopedic",0,0,0,0,0,0,0,0,0,0,0,0,0,0,0,0
"349","energetic",31,2,1,4,0,3,1,2,1,2,0,4,0,2,7,2
"350","enlightened",5,0,1,0,0,0,0,0,1,1,0,2,0,0,0,0
"351","enterprising",0,0,0,0,0,0,0,0,0,0,0,0,0,0,0,0
"352","enthusiastic",36,0,2,1,1,3,1,1,1,2,1,3,1,3,16,0
"353","envious",21,0,1,1,1,2,2,0,1,2,1,3,0,2,2,3
"354","equalitarian",0,0,0,0,0,0,0,0,0,0,0,0,0,0,0,0
"355","erratic",1,0,0,0,1,0,0,0,0,0,0,0,0,0,0,0
"356","ethical",1,0,0,0,0,0,0,0,1,0,0,0,0,0,0,0
"357","evangelistic",0,0,0,0,0,0,0,0,0,0,0,0,0,0,0,0
"358","evasive",5,0,0,0,0,0,0,0,0,2,0,1,1,1,0,0
"359","exact",96,2,5,8,5,11,6,5,6,8,3,5,6,13,4,9
"360","exacting",0,0,0,0,0,0,0,0,0,0,0,0,0,0,0,0
"361","exaggerative",2,0,0,0,0,0,0,0,0,0,2,0,0,0,0,0
"362","excessive",54,0,6,1,2,8,2,2,2,4,0,4,5,1,12,5
"363","excitable",20,0,3,1,0,1,2,0,0,1,1,5,3,0,3,0
"364","exclusive",30,1,2,2,5,1,0,0,3,5,1,1,2,2,3,2
"365","exhaustible",0,0,0,0,0,0,0,0,0,0,0,0,0,0,0,0
"366","exhaustive",0,0,0,0,0,0,0,0,0,0,0,0,0,0,0,0
"367","exhibitionistic",0,0,0,0,0,0,0,0,0,0,0,0,0,0,0,0
"368","expansive",6,0,0,1,0,1,0,0,1,1,1,0,0,0,0,1
"369","explicit",20,2,2,3,1,3,1,0,2,0,0,2,1,2,1,0
"370","exploitative",0,0,0,0,0,0,0,0,0,0,0,0,0,0,0,0
"371","explosive",10,1,0,0,1,0,0,4,1,1,1,0,0,1,0,0
"372","expressive",179,6,8,11,12,21,8,5,21,11,6,15,9,27,16,3
"373","extravagant",20,2,3,0,2,1,1,1,1,2,0,4,0,1,2,0
"374","extroverted",0,0,0,0,0,0,0,0,0,0,0,0,0,0,0,0
"375","facetious",33,0,0,0,0,2,1,1,1,6,0,3,3,5,7,4
"376","factious",0,0,0,0,0,0,0,0,0,0,0,0,0,0,0,0
"377","faint-hearted",0,0,0,0,0,0,0,0,0,0,0,0,0,0,0,0
"378","fair-minded",0,0,0,0,0,0,0,0,0,0,0,0,0,0,0,0
"379","fair-natured",0,0,0,0,0,0,0,0,0,0,0,0,0,0,0,0
"380","faithful",173,7,10,22,11,14,6,5,23,11,3,16,5,14,18,8
"381","false-hearted",0,0,0,0,0,0,0,0,0,0,0,0,0,0,0,0
"382","fanatical",0,0,0,0,0,0,0,0,0,0,0,0,0,0,0,0
"383","fanciful",21,1,1,0,3,1,1,3,5,2,0,0,0,4,0,0
"384","fancy-free",0,0,0,0,0,0,0,0,0,0,0,0,0,0,0,0
"385","farseeing",0,0,0,0,0,0,0,0,0,0,0,0,0,0,0,0
"386","fastidious",7,0,0,1,0,0,0,0,0,1,0,4,0,0,0,1
"387","fatalistic",0,0,0,0,0,0,0,0,0,0,0,0,0,0,0,0
"388","fatigueless",0,0,0,0,0,0,0,0,0,0,0,0,0,0,0,0
"389","faultfinding",0,0,0,0,0,0,0,0,0,0,0,0,0,0,0,0
"390","fearful",113,6,10,8,7,7,6,1,7,9,3,9,8,6,11,15
"391","fearless",1,1,0,0,0,0,0,0,0,0,0,0,0,0,0,0
"392","feelingful",0,0,0,0,0,0,0,0,0,0,0,0,0,0,0,0
"393","feelingless",0,0,0,0,0,0,0,0,0,0,0,0,0,0,0,0
"394","feminine",28,2,2,2,1,1,1,1,1,1,3,3,1,4,3,2
"395","fervent",43,5,1,2,6,5,1,0,2,3,1,4,2,3,3,5
"396","fickle",10,0,4,1,1,1,0,0,0,0,0,1,0,1,1,0
"397","fidgety",0,0,0,0,0,0,0,0,0,0,0,0,0,0,0,0
"398","fierce",140,7,18,6,8,17,8,1,7,9,6,8,11,9,19,6
"399","fiery",56,0,5,6,5,5,2,2,3,10,2,4,0,4,3,5
"400","finicky",0,0,0,0,0,0,0,0,0,0,0,0,0,0,0,0
"401","firm",78,3,9,4,8,5,5,0,7,9,5,6,4,3,9,1
"402","flamboyant",0,0,0,0,0,0,0,0,0,0,0,0,0,0,0,0
"403","flammable",0,0,0,0,0,0,0,0,0,0,0,0,0,0,0,0
"404","flatterable",0,0,0,0,0,0,0,0,0,0,0,0,0,0,0,0
"405","flaunty",0,0,0,0,0,0,0,0,0,0,0,0,0,0,0,0
"406","flexible",4,0,0,0,0,1,0,0,0,2,0,0,0,0,0,1
"407","flighty",8,0,1,1,1,0,1,0,0,0,0,4,0,0,0,0
"408","flippant",2,0,1,0,0,0,0,0,0,0,0,1,0,0,0,0
"409","flirtatious",0,0,0,0,0,0,0,0,0,0,0,0,0,0,0,0
"410","fluttery",0,0,0,0,0,0,0,0,0,0,0,0,0,0,0,0
"411","folksy",0,0,0,0,0,0,0,0,0,0,0,0,0,0,0,0
"412","foolhardy",1,0,1,0,0,0,0,0,0,0,0,0,0,0,0,0
"413","foolish",142,2,13,11,21,7,5,3,10,12,3,22,4,8,10,11
"414","foot-loose",0,0,0,0,0,0,0,0,0,0,0,0,0,0,0,0
"415","forbearing",4,0,0,0,0,2,0,0,0,1,0,0,0,1,0,0
"416","forceful",0,0,0,0,0,0,0,0,0,0,0,0,0,0,0,0
"417","forceless",0,0,0,0,0,0,0,0,0,0,0,0,0,0,0,0
"418","forcible",22,2,3,1,0,3,1,0,2,2,1,0,0,1,2,4
"419","foresighted",0,0,0,0,0,0,0,0,0,0,0,0,0,0,0,0
"420","foresightless",0,0,0,0,0,0,0,0,0,0,0,0,0,0,0,0
"421","forethoughtful",0,0,0,0,0,0,0,0,0,0,0,0,0,0,0,0
"422","forgetful",31,2,7,4,1,5,1,0,1,6,0,0,0,3,0,1
"423","forgiving",10,0,2,1,1,0,0,1,2,2,0,0,0,0,1,0
"424","formal",48,3,1,5,5,6,3,2,3,3,2,1,1,4,5,4
"425","forthright",0,0,0,0,0,0,0,0,0,0,0,0,0,0,0,0
"426","forward",3,0,0,1,0,1,0,0,0,0,0,1,0,0,0,0
"427","forward-looking",0,0,0,0,0,0,0,0,0,0,0,0,0,0,0,0
"428","foul-mouthed",0,0,0,0,0,0,0,0,0,0,0,0,0,0,0,0
"429","foxy",1,0,0,0,1,0,0,0,0,0,0,0,0,0,0,0
"430","frank",55,0,8,4,2,11,3,1,6,8,3,1,2,1,2,3
"431","fraternal",8,2,0,0,0,0,0,0,4,0,0,0,0,0,0,2
"432","fraudulent",6,0,0,0,0,1,0,0,2,1,1,0,0,0,1,0
"433","free-living",0,0,0,0,0,0,0,0,0,0,0,0,0,0,0,0
"434","free-minded",0,0,0,0,0,0,0,0,0,0,0,0,0,0,0,0
"435","freethinking",0,0,0,0,0,0,0,0,0,0,0,0,0,0,0,0
"436","fretful",8,0,0,1,3,1,1,0,0,0,0,2,0,0,0,0
"437","fretless",0,0,0,0,0,0,0,0,0,0,0,0,0,0,0,0
"438","friendly",251,7,18,26,32,22,10,4,23,21,11,11,5,22,17,22
"439","frightenable",0,0,0,0,0,0,0,0,0,0,0,0,0,0,0,0
"440","frisky",0,0,0,0,0,0,0,0,0,0,0,0,0,0,0,0
"441","frivolous",8,0,1,2,0,0,0,1,0,2,0,1,0,0,1,0
"442","frolicsome",9,1,0,1,0,2,0,0,0,2,0,0,1,1,0,1
"443","frugal",19,1,4,2,1,3,0,0,0,1,0,4,0,1,1,1
"444","fussy",0,0,0,0,0,0,0,0,0,0,0,0,0,0,0,0
"445","gabby",0,0,0,0,0,0,0,0,0,0,0,0,0,0,0,0
"446","gallant",75,1,10,4,7,9,1,1,6,8,1,8,2,8,5,4
"447","generous",129,3,6,14,10,15,3,1,21,14,7,7,3,19,1,5
"448","genial",34,1,3,8,3,4,1,1,2,4,1,1,0,4,0,1
"449","genteel",111,1,5,11,18,16,2,3,9,10,3,15,3,4,3,8
"450","gentle",347,9,30,17,34,44,10,8,22,38,5,28,27,15,27,33
"451","gentle-hearted",0,0,0,0,0,0,0,0,0,0,0,0,0,0,0,0
"452","gentlemanlike",1,0,0,0,0,0,0,0,0,0,0,0,0,0,1,0
"453","girlish",14,1,0,1,4,3,0,0,1,2,0,1,0,0,1,0
"454","giving",1,0,0,0,0,0,0,1,0,0,0,0,0,0,0,0
"455","glib",7,1,0,1,0,0,0,0,0,1,0,0,0,2,0,2
"456","gloomy",225,10,18,21,12,15,10,1,26,18,8,18,15,18,14,21
"457","gluttonous",0,0,0,0,0,0,0,0,0,0,0,0,0,0,0,0
"458","god-fearing",0,0,0,0,0,0,0,0,0,0,0,0,0,0,0,0
"459","godless",0,0,0,0,0,0,0,0,0,0,0,0,0,0,0,0
"460","good-hearted",0,0,0,0,0,0,0,0,0,0,0,0,0,0,0,0
"461","good-humored",0,0,0,0,0,0,0,0,0,0,0,0,0,0,0,0
"462","good-natured",0,0,0,0,0,0,0,0,0,0,0,0,0,0,0,0
"463","good-tempered",0,0,0,0,0,0,0,0,0,0,0,0,0,0,0,0
"464","gossipy",0,0,0,0,0,0,0,0,0,0,0,0,0,0,0,0
"465","graceful",102,1,8,9,3,14,3,6,13,8,3,12,1,6,8,7
"466","graceless",7,0,0,2,0,0,0,2,2,0,0,0,0,1,0,0
"467","gracious",205,8,15,19,16,23,5,3,24,27,5,14,5,25,10,6
"468","great-hearted",0,0,0,0,0,0,0,0,0,0,0,0,0,0,0,0
"469","greedy",41,3,2,4,2,2,4,3,1,4,1,4,1,7,2,1
"470","gregarious",2,1,1,0,0,0,0,0,0,0,0,0,0,0,0,0
"471","gruff",41,3,5,3,3,8,2,1,1,2,1,5,1,1,2,3
"472","grumbly",0,0,0,0,0,0,0,0,0,0,0,0,0,0,0,0
"473","grumpy",2,0,0,0,2,0,0,0,0,0,0,0,0,0,0,0
"474","guileless",4,0,0,0,0,0,0,0,0,1,0,1,2,0,0,0
"475","gullible",0,0,0,0,0,0,0,0,0,0,0,0,0,0,0,0
"476","gushy",0,0,0,0,0,0,0,0,0,0,0,0,0,0,0,0
"477","gutless",0,0,0,0,0,0,0,0,0,0,0,0,0,0,0,0
"478","gutsy",0,0,0,0,0,0,0,0,0,0,0,0,0,0,0,0
"479","haphazard",1,0,0,1,0,0,0,0,0,0,0,0,0,0,0,0
"480","happy-go-lucky",0,0,0,0,0,0,0,0,0,0,0,0,0,0,0,0
"481","hard-headed",0,0,0,0,0,0,0,0,0,0,0,0,0,0,0,0
"482","hard-hearted",0,0,0,0,0,0,0,0,0,0,0,0,0,0,0,0
"483","hard-nosed",0,0,0,0,0,0,0,0,0,0,0,0,0,0,0,0
"484","hard-shelled",0,0,0,0,0,0,0,0,0,0,0,0,0,0,0,0
"485","hardened",12,0,1,1,0,0,0,2,0,0,0,2,2,2,1,1
"486","hardworking",0,0,0,0,0,0,0,0,0,0,0,0,0,0,0,0
"487","harsh",59,3,6,3,5,4,0,0,2,6,0,14,3,1,7,5
"488","hasty",114,1,12,13,7,6,1,2,6,13,3,21,8,3,8,10
"489","haughty",68,1,4,7,3,26,3,0,6,3,1,2,4,3,5,0
"490","headlong",25,1,5,0,3,4,0,0,1,1,0,3,4,0,2,1
"491","headstrong",3,0,0,2,0,0,0,0,0,0,0,0,0,0,1,0
"492","heartless",14,2,1,0,0,1,1,0,0,1,0,3,0,3,1,1
"493","hearty",118,0,19,6,11,4,1,1,6,9,1,20,9,4,19,8
"494","hectic",0,0,0,0,0,0,0,0,0,0,0,0,0,0,0,0
"495","heedful",2,1,0,0,0,0,1,0,0,0,0,0,0,0,0,0
"496","heedless",18,1,2,0,1,3,0,1,1,2,2,1,1,1,1,1
"497","helpful",8,2,0,0,1,0,1,0,2,0,0,0,0,2,0,0
"498","heretical",3,0,1,0,1,1,0,0,0,0,0,0,0,0,0,0
"499","hermitish",0,0,0,0,0,0,0,0,0,0,0,0,0,0,0,0
"500","heroic",16,0,1,0,1,1,0,0,0,0,0,3,1,5,4,0
"501","high-handed",0,0,0,0,0,0,0,0,0,0,0,0,0,0,0,0
"502","high-minded",0,0,0,0,0,0,0,0,0,0,0,0,0,0,0,0
"503","high-principled",0,0,0,0,0,0,0,0,0,0,0,0,0,0,0,0
"504","high-spirited",0,0,0,0,0,0,0,0,0,0,0,0,0,0,0,0
"505","high-strung",0,0,0,0,0,0,0,0,0,0,0,0,0,0,0,0
"506","highfaluting",0,0,0,0,0,0,0,0,0,0,0,0,0,0,0,0
"507","hit-or-miss",0,0,0,0,0,0,0,0,0,0,0,0,0,0,0,0
"508","hoggish",0,0,0,0,0,0,0,0,0,0,0,0,0,0,0,0
"509","homespun",0,0,0,0,0,0,0,0,0,0,0,0,0,0,0,0
"510","homicidal",0,0,0,0,0,0,0,0,0,0,0,0,0,0,0,0
"511","honest",308,13,35,18,21,25,14,10,21,31,4,34,8,38,11,25
"512","hospitable",49,0,3,7,2,7,0,2,3,6,1,1,0,7,8,2
"513","hostile",9,1,0,1,0,1,0,1,0,2,0,1,0,0,2,0
"514","hot-blooded",0,0,0,0,0,0,0,0,0,0,0,0,0,0,0,0
"515","hot-tempered",0,0,0,0,0,0,0,0,0,0,0,0,0,0,0,0
"516","humane",21,2,0,3,0,0,0,1,1,2,0,1,5,0,5,1
"517","humanitarian",0,0,0,0,0,0,0,0,0,0,0,0,0,0,0,0
"518","humble",188,1,17,9,9,17,8,6,16,21,2,19,7,12,16,28
"519","humorless",0,0,0,0,0,0,0,0,0,0,0,0,0,0,0,0
"520","humorous",28,0,1,0,1,2,0,1,3,2,2,3,1,0,9,3
"521","hypercritical",0,0,0,0,0,0,0,0,0,0,0,0,0,0,0,0
"522","hypersensitive",0,0,0,0,0,0,0,0,0,0,0,0,0,0,0,0
"523","hypersensual",0,0,0,0,0,0,0,0,0,0,0,0,0,0,0,0
"524","hypocritical",7,0,0,0,3,0,0,0,0,0,0,1,0,1,1,1
"525","icy",7,0,1,2,0,2,0,0,0,1,1,0,0,0,0,0
"526","idealistic",0,0,0,0,0,0,0,0,0,0,0,0,0,0,0,0
"527","ignorant",87,6,8,2,8,5,10,4,12,5,3,9,2,8,4,1
"528","ill-humored",0,0,0,0,0,0,0,0,0,0,0,0,0,0,0,0
"529","ill-mannered",0,0,0,0,0,0,0,0,0,0,0,0,0,0,0,0
"530","ill-natured",0,0,0,0,0,0,0,0,0,0,0,0,0,0,0,0
"531","ill-tempered",0,0,0,0,0,0,0,0,0,0,0,0,0,0,0,0
"532","ill-willed",0,0,0,0,0,0,0,0,0,0,0,0,0,0,0,0
"533","illiterate",1,0,0,0,0,0,0,0,0,0,0,1,0,0,0,0
"534","illogical",2,0,0,0,0,0,0,0,1,0,0,0,0,1,0,0
"535","imaginative",13,0,0,0,3,0,0,3,2,3,1,0,0,1,0,0
"536","imitative",5,0,0,0,0,1,0,0,0,1,0,2,0,1,0,0
"537","immature",1,1,0,0,0,0,0,0,0,0,0,0,0,0,0,0
"538","immoderate",3,0,0,0,1,0,0,0,0,1,0,0,0,0,0,1
"539","immodest",0,0,0,0,0,0,0,0,0,0,0,0,0,0,0,0
"540","immovable",67,2,1,9,10,5,3,1,11,6,1,11,0,0,7,0
"541","impartial",15,0,0,0,0,2,0,0,5,2,0,2,1,0,3,0
"542","impasslye",0,0,0,0,0,0,0,0,0,0,0,0,0,0,0,0
"543","impatient",122,4,9,6,7,7,8,6,17,10,3,16,7,8,2,12
"544","imperceptive",0,0,0,0,0,0,0,0,0,0,0,0,0,0,0,0
"545","impersonal",2,0,0,1,0,0,0,0,1,0,0,0,0,0,0,0
"546","impertinent",29,0,2,0,1,1,1,2,2,4,1,2,2,9,2,0
"547","imperturbable",27,1,4,5,2,1,0,0,1,3,0,1,0,2,4,3
"548","impetuous",29,1,1,3,3,4,0,0,2,1,0,3,3,3,1,4
"549","impious",5,0,1,0,1,0,0,0,1,0,0,1,1,0,0,0
"550","impish",3,0,0,0,0,0,0,0,0,0,1,0,0,1,0,1
"551","impolite",1,0,0,0,0,0,0,0,0,0,0,0,0,1,0,0
"552","impractical",0,0,0,0,0,0,0,0,0,0,0,0,0,0,0,0
"553","imprecise",0,0,0,0,0,0,0,0,0,0,0,0,0,0,0,0
"554","impressible",9,1,0,1,0,0,0,0,3,0,1,0,0,3,0,0
"555","impressionable",1,0,0,0,0,0,1,0,0,0,0,0,0,0,0,0
"556","imprudent",8,0,2,0,1,0,0,0,0,0,0,1,0,0,3,1
"557","impudent",22,0,0,0,4,2,0,0,1,1,1,2,2,4,5,0
"558","impulsive",6,0,0,0,0,2,0,2,1,0,1,0,0,0,0,0
"559","inaccurate",0,0,0,0,0,0,0,0,0,0,0,0,0,0,0,0
"560","inaggressive",0,0,0,0,0,0,0,0,0,0,0,0,0,0,0,0
"561","inarticulate",9,0,0,2,3,3,0,0,0,0,0,0,0,0,1,0
"562","incautious",6,0,3,0,0,0,0,0,0,0,0,0,0,2,0,1
"563","incoercible",0,0,0,0,0,0,0,0,0,0,0,0,0,0,0,0
"564","incompliant",0,0,0,0,0,0,0,0,0,0,0,0,0,0,0,0
"565","inconfident",0,0,0,0,0,0,0,0,0,0,0,0,0,0,0,0
"566","inconfinable",0,0,0,0,0,0,0,0,0,0,0,0,0,0,0,0
"567","incongenial",0,0,0,0,0,0,0,0,0,0,0,0,0,0,0,0
"568","inconsiderate",17,0,2,0,3,0,0,2,1,2,1,3,0,2,0,1
"569","inconsistent",29,1,0,4,1,5,2,0,3,2,0,0,0,7,3,1
"570","inconstant",12,0,3,1,1,2,0,0,2,0,0,0,0,1,1,1
"571","incontrollable",0,0,0,0,0,0,0,0,0,0,0,0,0,0,0,0
"572","inconvincible",0,0,0,0,0,0,0,0,0,0,0,0,0,0,0,0
"573","incorrupt",0,0,0,0,0,0,0,0,0,0,0,0,0,0,0,0
"574","incorruptible",6,0,1,0,0,0,0,0,0,1,2,0,0,1,0,1
"575","incurious",1,0,0,1,0,0,0,0,0,0,0,0,0,0,0,0
"576","indecisive",1,0,0,0,0,1,0,0,0,0,0,0,0,0,0,0
"577","indefatigable",17,0,0,1,0,1,0,1,2,0,1,3,0,0,7,1
"578","indefinite",24,0,1,2,3,3,1,0,2,2,1,1,0,4,2,2
"579","indeliberate",0,0,0,0,0,0,0,0,0,0,0,0,0,0,0,0
"580","indelicate",6,0,1,1,0,0,0,0,1,0,0,1,0,0,2,0
"581","independent",73,1,3,3,4,5,2,4,6,15,1,4,3,12,8,2
"582","indestructible",0,0,0,0,0,0,0,0,0,0,0,0,0,0,0,0
"583","indifferent",136,5,12,14,14,21,8,6,12,14,2,8,0,10,3,7
"584","indirect",5,0,0,0,0,0,0,0,1,0,1,1,0,1,1,0
"585","indiscreet",5,0,0,2,0,1,0,0,0,1,0,0,0,0,0,1
"586","indivertible",0,0,0,0,0,0,0,0,0,0,0,0,0,0,0,0
"587","individualistic",0,0,0,0,0,0,0,0,0,0,0,0,0,0,0,0
"588","indocile",0,0,0,0,0,0,0,0,0,0,0,0,0,0,0,0
"589","indomitable",14,0,2,2,1,4,0,0,3,0,0,0,0,2,0,0
"590","indulgent",6,0,0,2,1,0,0,0,1,1,1,0,0,0,0,0
"591","industrious",41,1,0,9,4,2,2,2,3,2,1,1,1,9,2,2
"592","inefficient",3,0,1,0,0,1,0,0,0,0,0,0,0,0,1,0
"593","inelegant",0,0,0,0,0,0,0,0,0,0,0,0,0,0,0,0
"594","ineloquent",0,0,0,0,0,0,0,0,0,0,0,0,0,0,0,0
"595","inexact",0,0,0,0,0,0,0,0,0,0,0,0,0,0,0,0
"596","inexcitable",0,0,0,0,0,0,0,0,0,0,0,0,0,0,0,0
"597","inexhaustible",17,0,0,2,0,2,0,0,2,1,0,1,1,4,3,1
"598","inexperienced",27,1,0,1,8,4,0,1,3,1,0,3,0,2,2,1
"599","inexplicit",0,0,0,0,0,0,0,0,0,0,0,0,0,0,0,0
"600","inexpressive",4,0,0,2,1,0,0,0,0,0,0,0,0,0,1,0
"601","inflexible",32,0,2,4,4,7,2,3,1,2,0,2,2,0,3,0
"602","informal",3,0,0,0,0,0,0,0,2,1,0,0,0,0,0,0
"603","informative",0,0,0,0,0,0,0,0,0,0,0,0,0,0,0,0
"604","informed",12,1,1,0,0,1,3,0,3,1,0,1,0,0,1,0
"605","ingenious",78,1,3,1,7,6,3,1,11,5,1,8,8,3,16,4
"606","ingenuous",26,0,3,5,2,6,0,0,0,5,1,1,0,2,1,0
"607","ingratiating",0,0,0,0,0,0,0,0,0,0,0,0,0,0,0,0
"608","ingratiatory",1,0,0,0,0,0,0,0,1,0,0,0,0,0,0,0
"609","inharmonious",1,0,0,1,0,0,0,0,0,0,0,0,0,0,0,0
"610","inhibited",0,0,0,0,0,0,0,0,0,0,0,0,0,0,0,0
"611","inhospitable",1,0,0,0,0,0,1,0,0,0,0,0,0,0,0,0
"612","inhuman",8,1,0,0,0,0,0,1,0,0,0,2,1,1,2,0
"613","inhumane",0,0,0,0,0,0,0,0,0,0,0,0,0,0,0,0
"614","inirritable",0,0,0,0,0,0,0,0,0,0,0,0,0,0,0,0
"615","injudicious",12,0,1,0,1,1,2,0,0,1,0,3,0,1,0,2
"616","innovative",0,0,0,0,0,0,0,0,0,0,0,0,0,0,0,0
"617","inquiring",0,0,0,0,0,0,0,0,0,0,0,0,0,0,0,0
"618","inquisitive",33,2,3,5,1,0,1,0,1,2,2,0,1,8,5,2
"619","inquisitorial",0,0,0,0,0,0,0,0,0,0,0,0,0,0,0,0
"620","insecure",2,0,1,0,0,0,0,0,0,0,0,0,1,0,0,0
"621","insensitive",0,0,0,0,0,0,0,0,0,0,0,0,0,0,0,0
"622","insensuous",0,0,0,0,0,0,0,0,0,0,0,0,0,0,0,0
"623","insightful",0,0,0,0,0,0,0,0,0,0,0,0,0,0,0,0
"624","insincere",0,0,0,0,0,0,0,0,0,0,0,0,0,0,0,0
"625","insolent",32,2,0,1,0,2,1,0,7,2,1,4,2,7,1,2
"626","instructible",0,0,0,0,0,0,0,0,0,0,0,0,0,0,0,0
"627","insubordinate",0,0,0,0,0,0,0,0,0,0,0,0,0,0,0,0
"628","insuppressible",0,0,0,0,0,0,0,0,0,0,0,0,0,0,0,0
"629","intellectual",36,0,1,5,2,6,3,2,2,5,0,2,2,3,3,0
"630","intelligent",30,1,0,7,0,1,2,2,1,5,0,1,2,3,4,1
"631","intemperate",4,0,1,3,0,0,0,0,0,0,0,0,0,0,0,0
"632","intense",77,1,7,7,2,5,0,1,3,7,1,8,8,5,21,1
"633","intimate",69,4,5,3,6,8,2,1,7,3,0,5,2,9,9,5
"634","intolerant",3,0,0,0,1,1,0,0,0,1,0,0,0,0,0,0
"635","intricate",21,1,0,1,1,0,0,1,1,1,0,5,3,1,3,3
"636","introspective",0,0,0,0,0,0,0,0,0,0,0,0,0,0,0,0
"637","introverted",0,0,0,0,0,0,0,0,0,0,0,0,0,0,0,0
"638","intrusive",11,0,1,3,1,0,0,0,1,0,0,1,0,4,0,0
"639","intuitive",4,0,0,1,0,0,0,0,0,0,0,0,0,1,1,1
"640","invariable",15,0,1,0,0,5,0,0,1,0,0,2,2,1,3,0
"641","inventive",3,0,0,0,0,0,0,0,0,1,0,0,0,0,1,1
"642","invincible",10,0,0,0,0,3,0,1,1,1,1,0,1,0,2,0
"643","inward",29,0,1,5,1,4,2,0,2,2,0,3,2,0,6,1
"644","iron-hearted",0,0,0,0,0,0,0,0,0,0,0,0,0,0,0,0
"645","ironical",14,1,1,0,0,0,0,0,1,3,0,1,3,3,0,1
"646","irrational",6,0,0,1,0,0,0,1,1,0,2,0,0,1,0,0
"647","irreformable",0,0,0,0,0,0,0,0,0,0,0,0,0,0,0,0
"648","irreligious",7,1,4,0,0,0,0,0,1,1,0,0,0,0,0,0
"649","irrepressible",31,2,0,0,0,5,1,0,4,3,1,3,5,5,2,0
"650","irresolute",21,1,3,0,1,2,0,0,7,0,0,0,2,5,0,0
"651","irresponsible",3,0,0,0,0,0,1,0,0,0,0,0,0,1,0,1
"652","irrestrainable",0,0,0,0,0,0,0,0,0,0,0,0,0,0,0,0
"653","irreverent",7,0,1,0,0,0,0,0,1,0,0,2,1,2,0,0
"654","irritable",18,0,0,1,1,1,0,0,3,1,0,4,2,1,3,1
"655","jaunty",9,0,3,0,1,0,0,0,0,2,0,1,0,0,2,0
"656","jealous",102,1,2,8,9,14,4,0,12,9,1,18,1,11,5,7
"657","jocular",9,0,0,1,1,1,0,3,1,1,0,1,0,0,0,0
"658","jolly",11,0,2,0,1,0,0,0,0,1,0,1,2,0,2,2
"659","jovial",25,0,5,0,1,3,0,0,0,5,0,3,0,1,4,3
"660","joyless",0,0,0,0,0,0,0,0,0,0,0,0,0,0,0,0
"661","judicious",18,1,1,0,2,2,2,0,0,2,2,1,0,3,2,0
"662","just",30,3,2,1,2,3,0,0,4,3,5,1,1,2,1,2
"663","juvenile",26,0,1,3,1,10,1,1,0,1,0,5,1,0,2,0
"664","kind",380,7,16,34,47,47,5,7,43,37,7,40,15,29,16,30
"665","kind-hearted",0,0,0,0,0,0,0,0,0,0,0,0,0,0,0,0
"666","kindly",5,1,0,0,0,0,0,0,0,0,0,2,0,1,1,0
"667","knavish",2,1,0,0,0,0,0,0,0,0,1,0,0,0,0,0
"668","know-it-all",0,0,0,0,0,0,0,0,0,0,0,0,0,0,0,0
"669","knowledgeable",0,0,0,0,0,0,0,0,0,0,0,0,0,0,0,0
"670","lackadaisical",3,0,0,1,1,0,0,0,0,0,0,1,0,0,0,0
"671","ladylike",1,0,0,0,0,0,0,1,0,0,0,0,0,0,0,0
"672","lamblike",0,0,0,0,0,0,0,0,0,0,0,0,0,0,0,0
"673","languid",40,0,3,8,2,3,0,2,1,6,0,6,1,5,1,2
"674","larcenous",1,0,0,0,0,0,1,0,0,0,0,0,0,0,0,0
"675","laughterless",0,0,0,0,0,0,0,0,0,0,0,0,0,0,0,0
"676","lavish",19,0,4,2,0,2,4,0,0,3,1,0,0,1,2,0
"677","law-abiding",0,0,0,0,0,0,0,0,0,0,0,0,0,0,0,0
"678","lawless",1,0,0,0,1,0,0,0,0,0,0,0,0,0,0,0
"679","lax",3,0,0,1,1,0,0,0,0,1,0,0,0,0,0,0
"680","lazy",47,1,6,0,11,1,1,1,1,4,1,5,3,2,6,4
"681","leadable",0,0,0,0,0,0,0,0,0,0,0,0,0,0,0,0
"682","learned",17,1,0,1,2,2,0,0,2,2,0,0,0,1,6,0
"683","lecherous",0,0,0,0,0,0,0,0,0,0,0,0,0,0,0,0
"684","legalistic",0,0,0,0,0,0,0,0,0,0,0,0,0,0,0,0
"685","leisureless",0,0,0,0,0,0,0,0,0,0,0,0,0,0,0,0
"686","leisurely",7,0,1,2,0,0,1,0,2,0,1,0,0,0,0,0
"687","lenient",10,1,0,1,0,3,0,0,1,3,1,0,0,0,0,0
"688","lethargic",7,1,0,0,0,0,1,0,0,1,0,1,0,1,2,0
"689","level-headed",0,0,0,0,0,0,0,0,0,0,0,0,0,0,0,0
"690","lewd",0,0,0,0,0,0,0,0,0,0,0,0,0,0,0,0
"691","life-weary",0,0,0,0,0,0,0,0,0,0,0,0,0,0,0,0
"692","lifeless",18,1,4,3,0,2,2,0,0,0,0,3,0,0,3,0
"693","light-hearted",0,0,0,0,0,0,0,0,0,0,0,0,0,0,0,0
"694","lion-hearted",0,0,0,0,0,0,0,0,0,0,0,0,0,0,0,0
"695","literal",18,0,0,5,1,0,0,0,2,2,1,2,0,4,0,1
"696","literary",35,0,0,0,0,1,1,0,0,6,0,6,1,16,3,1
"697","literate",0,0,0,0,0,0,0,0,0,0,0,0,0,0,0,0
"698","live",39,3,3,2,3,2,2,0,0,2,4,3,3,5,6,1
"699","lively",157,2,8,8,14,18,8,0,14,30,3,12,8,11,18,3
"700","logical",9,0,1,0,1,1,1,1,0,2,0,1,0,1,0,0
"701","long-suffering",0,0,0,0,0,0,0,0,0,0,0,0,0,0,0,0
"702","long-winded",0,0,0,0,0,0,0,0,0,0,0,0,0,0,0,0
"703","loose-tongued",0,0,0,0,0,0,0,0,0,0,0,0,0,0,0,0
"704","loud",287,14,27,15,7,13,6,6,17,27,2,52,22,4,60,15
"705","loud-mouthed",0,0,0,0,0,0,0,0,0,0,0,0,0,0,0,0
"706","loving",51,2,3,10,12,6,0,4,4,3,0,0,0,5,0,2
"707","loyal",14,2,4,1,1,0,0,0,2,0,2,0,0,1,1,0
"708","lucid",10,0,1,0,1,0,1,0,5,0,0,2,0,0,0,0
"709","lukewarm",7,0,0,0,1,1,0,0,2,1,0,1,0,0,0,1
"710","lustful",0,0,0,0,0,0,0,0,0,0,0,0,0,0,0,0
"711","lustless",0,0,0,0,0,0,0,0,0,0,0,0,0,0,0,0
"712","lusty",2,0,2,0,0,0,0,0,0,0,0,0,0,0,0,0
"713","magisterial",5,0,0,0,0,1,1,0,0,0,0,0,1,0,2,0
"714","magnanimous",20,2,0,1,1,0,1,1,4,1,0,1,0,5,3,0
"715","magnetic",5,0,0,0,0,2,0,0,0,1,0,1,0,1,0,0
"716","malevolent",8,1,0,0,2,1,1,0,2,0,0,1,0,0,0,0
"717","malicious",37,0,4,2,1,2,1,0,2,5,1,6,3,1,4,5
"718","malleable",0,0,0,0,0,0,0,0,0,0,0,0,0,0,0,0
"719","manipulable",0,0,0,0,0,0,0,0,0,0,0,0,0,0,0,0
"720","manipulative",0,0,0,0,0,0,0,0,0,0,0,0,0,0,0,0
"721","manly",38,0,8,2,3,3,1,0,2,6,0,4,0,5,1,3
"722","mannerless",0,0,0,0,0,0,0,0,0,0,0,0,0,0,0,0
"723","mannerly",0,0,0,0,0,0,0,0,0,0,0,0,0,0,0,0
"724","many-sided",0,0,0,0,0,0,0,0,0,0,0,0,0,0,0,0
"725","masculine",7,0,0,0,3,0,0,0,0,1,1,2,0,0,0,0
"726","masochistic",0,0,0,0,0,0,0,0,0,0,0,0,0,0,0,0
"727","materialistic",0,0,0,0,0,0,0,0,0,0,0,0,0,0,0,0
"728","maternal",23,1,0,2,0,1,0,1,4,0,1,4,0,6,3,0
"729","matter-of-fact",0,0,0,0,0,0,0,0,0,0,0,0,0,0,0,0
"730","mature",18,2,0,1,1,2,0,1,1,1,0,1,1,6,0,1
"731","mechanistic",0,0,0,0,0,0,0,0,0,0,0,0,0,0,0,0
"732","meddlesome",1,1,0,0,0,0,0,0,0,0,0,0,0,0,0,0
"733","meditative",20,1,0,2,3,0,4,0,0,0,1,1,1,4,3,0
"734","meek",23,0,3,3,3,3,2,0,2,2,0,1,0,2,0,2
"735","melancholic",0,0,0,0,0,0,0,0,0,0,0,0,0,0,0,0
"736","melodramatic",8,0,0,0,0,0,0,0,0,0,0,3,1,1,2,1
"737","mercenary",39,3,1,5,6,3,0,1,4,1,0,1,0,13,0,1
"738","merciful",36,4,3,0,2,2,2,1,3,4,0,2,2,5,3,3
"739","merciless",4,0,3,0,1,0,0,0,0,0,0,0,0,0,0,0
"740","merry",92,1,10,9,9,5,0,0,0,13,0,11,8,2,13,11
"741","messy",0,0,0,0,0,0,0,0,0,0,0,0,0,0,0,0
"742","methodical",26,4,0,4,0,1,1,0,4,1,1,1,0,7,1,1
"743","meticulous",0,0,0,0,0,0,0,0,0,0,0,0,0,0,0,0
"744","mild",132,0,14,9,15,21,3,3,8,22,3,6,3,7,3,15
"745","mild-hearted",0,0,0,0,0,0,0,0,0,0,0,0,0,0,0,0
"746","militant",0,0,0,0,0,0,0,0,0,0,0,0,0,0,0,0
"747","ministrative",0,0,0,0,0,0,0,0,0,0,0,0,0,0,0,0
"748","mirthful",3,0,1,1,0,0,0,0,0,0,0,0,0,0,0,1
"749","mirthless",0,0,0,0,0,0,0,0,0,0,0,0,0,0,0,0
"750","mischievous",11,0,0,3,1,0,1,2,0,0,1,0,0,1,2,0
"751","miserly",9,0,0,1,0,0,1,0,0,0,1,0,0,5,0,1
"752","misleadable",0,0,0,0,0,0,0,0,0,0,0,0,0,0,0,0
"753","mistrustful",7,1,0,1,0,0,0,0,2,0,0,0,0,3,0,0
"754","moderate",40,2,2,3,3,2,5,0,2,8,3,2,1,2,3,2
"755","modest",108,1,4,6,14,13,4,4,10,8,6,5,3,16,4,10
"756","moldable",0,0,0,0,0,0,0,0,0,0,0,0,0,0,0,0
"757","monosyllalic",0,0,0,0,0,0,0,0,0,0,0,0,0,0,0,0
"758","moody",22,1,0,1,2,2,1,0,1,1,2,1,0,5,2,3
"759","moral",188,6,18,8,3,18,3,12,15,32,5,17,4,15,15,17
"760","moralistic",0,0,0,0,0,0,0,0,0,0,0,0,0,0,0,0
"761","moralizing",0,0,0,0,0,0,0,0,0,0,0,0,0,0,0,0
"762","morbid",0,0,0,0,0,0,0,0,0,0,0,0,0,0,0,0
"763","morose",1,0,0,0,0,0,0,0,1,0,0,0,0,0,0,0
"764","mousy",0,0,0,0,0,0,0,0,0,0,0,0,0,0,0,0
"765","muddle-headed",0,0,0,0,0,0,0,0,0,0,0,0,0,0,0,0
"766","mulish",0,0,0,0,0,0,0,0,0,0,0,0,0,0,0,0
"767","mundane",1,0,0,0,0,0,0,0,1,0,0,0,0,0,0,0
"768","murderous",23,3,0,5,0,2,4,0,1,4,1,0,1,2,0,0
"769","mushy",0,0,0,0,0,0,0,0,0,0,0,0,0,0,0,0
"770","musical",55,2,5,13,3,5,2,0,4,2,5,4,2,3,2,3
"771","mussy",0,0,0,0,0,0,0,0,0,0,0,0,0,0,0,0
"772","mutinous",4,1,0,0,0,0,0,0,0,0,0,0,0,3,0,0
"773","mystical",1,0,0,0,0,0,0,0,1,0,0,0,0,0,0,0
"774","nagging",0,0,0,0,0,0,0,0,0,0,0,0,0,0,0,0
"775","naive",0,0,0,0,0,0,0,0,0,0,0,0,0,0,0,0
"776","narrow",208,9,18,22,14,8,5,8,28,17,5,11,16,14,20,13
"777","narrow-minded",0,0,0,0,0,0,0,0,0,0,0,0,0,0,0,0
"778","natural",529,19,34,64,56,56,22,15,48,46,12,45,7,43,32,30
"779","negative",33,1,2,1,1,5,2,0,5,4,1,0,2,3,2,4
"780","negativistic",0,0,0,0,0,0,0,0,0,0,0,0,0,0,0,0
"781","neglectful",3,0,0,1,0,0,0,0,2,0,0,0,0,0,0,0
"782","negligent",11,2,1,1,1,0,0,2,1,1,0,0,0,1,1,0
"783","neighborly",0,0,0,0,0,0,0,0,0,0,0,0,0,0,0,0
"784","nervous",103,2,4,6,12,7,7,2,4,9,3,17,5,8,15,2
"785","nervy",0,0,0,0,0,0,0,0,0,0,0,0,0,0,0,0
"786","niggardly",1,0,0,0,0,0,0,0,0,1,0,0,0,0,0,0
"787","nimble-witted",0,0,0,0,0,0,0,0,0,0,0,0,0,0,0,0
"788","noisy",76,0,9,2,0,3,2,3,4,10,3,9,5,2,6,18
"789","nonbelligerent",0,0,0,0,0,0,0,0,0,0,0,0,0,0,0,0
"790","nonchalant",0,0,0,0,0,0,0,0,0,0,0,0,0,0,0,0
"791","noncoercive",0,0,0,0,0,0,0,0,0,0,0,0,0,0,0,0
"792","noncompliant",0,0,0,0,0,0,0,0,0,0,0,0,0,0,0,0
"793","nonconforming",0,0,0,0,0,0,0,0,0,0,0,0,0,0,0,0
"794","nonegotistical",0,0,0,0,0,0,0,0,0,0,0,0,0,0,0,0
"795","nonexplosive",0,0,0,0,0,0,0,0,0,0,0,0,0,0,0,0
"796","nonhostile",0,0,0,0,0,0,0,0,0,0,0,0,0,0,0,0
"797","nonimitative",0,0,0,0,0,0,0,0,0,0,0,0,0,0,0,0
"798","noninterfering",0,0,0,0,0,0,0,0,0,0,0,0,0,0,0,0
"799","nonirritable",0,0,0,0,0,0,0,0,0,0,0,0,0,0,0,0
"800","nonpersistent",0,0,0,0,0,0,0,0,0,0,0,0,0,0,0,0
"801","nonrational",0,0,0,0,0,0,0,0,0,0,0,0,0,0,0,0
"802","nonreligious",0,0,0,0,0,0,0,0,0,0,0,0,0,0,0,0
"803","nonrigid",0,0,0,0,0,0,0,0,0,0,0,0,0,0,0,0
"804","nonspiritual",0,0,0,0,0,0,0,0,0,0,0,0,0,0,0,0
"805","nonunderstanding",0,0,0,0,0,0,0,0,0,0,0,0,0,0,0,0
"806","nonvariant",0,0,0,0,0,0,0,0,0,0,0,0,0,0,0,0
"807","nonvocal",0,0,0,0,0,0,0,0,0,0,0,0,0,0,0,0
"808","nonvolatile",0,0,0,0,0,0,0,0,0,0,0,0,0,0,0,0
"809","nosey",0,0,0,0,0,0,0,0,0,0,0,0,0,0,0,0
"810","objective",2,0,0,0,0,0,0,0,0,0,0,0,0,2,0,0
"811","obliging",30,0,1,2,3,2,3,0,6,1,1,3,1,1,3,3
"812","observant",52,4,1,7,6,9,2,1,5,2,1,0,2,10,1,1
"813","obsessive",0,0,0,0,0,0,0,0,0,0,0,0,0,0,0,0
"814","obstinate",3,0,0,1,0,0,0,0,0,0,0,0,0,1,0,1
"815","obtrusive",16,0,0,3,3,1,1,1,3,1,1,1,0,0,0,1
"816","old-fashioned",0,0,0,0,0,0,0,0,0,0,0,0,0,0,0,0
"817","one-sided",0,0,0,0,0,0,0,0,0,0,0,0,0,0,0,0
"818","open-hearted",0,0,0,0,0,0,0,0,0,0,0,0,0,0,0,0
"819","open-minded",0,0,0,0,0,0,0,0,0,0,0,0,0,0,0,0
"820","opinionated",2,0,0,0,0,0,0,0,1,0,0,0,0,0,0,1
"821","opportunistic",0,0,0,0,0,0,0,0,0,0,0,0,0,0,0,0
"822","optimistic",0,0,0,0,0,0,0,0,0,0,0,0,0,0,0,0
"823","orderly",35,2,2,5,8,3,1,1,1,1,4,0,1,6,0,0
"824","organized",0,0,0,0,0,0,0,0,0,0,0,0,0,0,0,0
"825","original",229,8,28,9,14,18,2,2,25,7,6,29,3,34,8,36
"826","ornery",0,0,0,0,0,0,0,0,0,0,0,0,0,0,0,0
"827","ostentatious",7,2,0,0,1,0,1,0,1,0,0,1,0,0,1,0
"828","otherworldly",0,0,0,0,0,0,0,0,0,0,0,0,0,0,0,0
"829","outgoing",0,0,0,0,0,0,0,0,0,0,0,0,0,0,0,0
"830","outspoken",3,1,0,0,1,0,0,1,0,0,0,0,0,0,0,0
"831","overactive",0,0,0,0,0,0,0,0,0,0,0,0,0,0,0,0
"832","overambitious",0,0,0,0,0,0,0,0,0,0,0,0,0,0,0,0
"833","overbearing",4,1,0,0,0,1,0,0,1,0,0,0,0,0,1,0
"834","overbitter",0,0,0,0,0,0,0,0,0,0,0,0,0,0,0,0
"835","overbold",0,0,0,0,0,0,0,0,0,0,0,0,0,0,0,0
"836","overbookish",0,0,0,0,0,0,0,0,0,0,0,0,0,0,0,0
"837","overbrave",0,0,0,0,0,0,0,0,0,0,0,0,0,0,0,0
"838","overbusy",0,0,0,0,0,0,0,0,0,0,0,0,0,0,0,0
"839","overcareful",0,0,0,0,0,0,0,0,0,0,0,0,0,0,0,0
"840","overcaring",0,0,0,0,0,0,0,0,0,0,0,0,0,0,0,0
"841","overcasual",0,0,0,0,0,0,0,0,0,0,0,0,0,0,0,0
"842","overcautious",0,0,0,0,0,0,0,0,0,0,0,0,0,0,0,0
"843","overcharitable",0,0,0,0,0,0,0,0,0,0,0,0,0,0,0,0
"844","overconfident",0,0,0,0,0,0,0,0,0,0,0,0,0,0,0,0
"845","overconscientious",0,0,0,0,0,0,0,0,0,0,0,0,0,0,0,0
"846","overcredulous",0,0,0,0,0,0,0,0,0,0,0,0,0,0,0,0
"847","overcritical",0,0,0,0,0,0,0,0,0,0,0,0,0,0,0,0
"848","overcunning",0,0,0,0,0,0,0,0,0,0,0,0,0,0,0,0
"849","overcurious",0,0,0,0,0,0,0,0,0,0,0,0,0,0,0,0
"850","overdaring",0,0,0,0,0,0,0,0,0,0,0,0,0,0,0,0
"851","overdiligent",0,0,0,0,0,0,0,0,0,0,0,0,0,0,0,0
"852","overearnest",0,0,0,0,0,0,0,0,0,0,0,0,0,0,0,0
"853","overelegant",0,0,0,0,0,0,0,0,0,0,0,0,0,0,0,0
"854","overemotional",0,0,0,0,0,0,0,0,0,0,0,0,0,0,0,0
"855","overemphatic",0,0,0,0,0,0,0,0,0,0,0,0,0,0,0,0
"856","overexcitable",0,0,0,0,0,0,0,0,0,0,0,0,0,0,0,0
"857","overfastidious",0,0,0,0,0,0,0,0,0,0,0,0,0,0,0,0
"858","overfearful",0,0,0,0,0,0,0,0,0,0,0,0,0,0,0,0
"859","overfierce",0,0,0,0,0,0,0,0,0,0,0,0,0,0,0,0
"860","overforward",0,0,0,0,0,0,0,0,0,0,0,0,0,0,0,0
"861","overgreedy",0,0,0,0,0,0,0,0,0,0,0,0,0,0,0,0
"862","overharsh",0,0,0,0,0,0,0,0,0,0,0,0,0,0,0,0
"863","overhasty",0,0,0,0,0,0,0,0,0,0,0,0,0,0,0,0
"864","overimaginative",0,0,0,0,0,0,0,0,0,0,0,0,0,0,0,0
"865","overindulgent",0,0,0,0,0,0,0,0,0,0,0,0,0,0,0,0
"866","overintense",0,0,0,0,0,0,0,0,0,0,0,0,0,0,0,0
"867","overjealous",0,0,0,0,0,0,0,0,0,0,0,0,0,0,0,0
"868","overkind",0,0,0,0,0,0,0,0,0,0,0,0,0,0,0,0
"869","overlogical",0,0,0,0,0,0,0,0,0,0,0,0,0,0,0,0
"870","overloud",0,0,0,0,0,0,0,0,0,0,0,0,0,0,0,0
"871","overlusty",0,0,0,0,0,0,0,0,0,0,0,0,0,0,0,0
"872","overmerry",0,0,0,0,0,0,0,0,0,0,0,0,0,0,0,0
"873","overmodest",0,0,0,0,0,0,0,0,0,0,0,0,0,0,0,0
"874","overneat",0,0,0,0,0,0,0,0,0,0,0,0,0,0,0,0
"875","overnervous",0,0,0,0,0,0,0,0,0,0,0,0,0,0,0,0
"876","overpartial",0,0,0,0,0,0,0,0,0,0,0,0,0,0,0,0
"877","overparticular",0,0,0,0,0,0,0,0,0,0,0,0,0,0,0,0
"878","overpassionate",0,0,0,0,0,0,0,0,0,0,0,0,0,0,0,0
"879","overpatient",0,0,0,0,0,0,0,0,0,0,0,0,0,0,0,0
"880","overprompt",0,0,0,0,0,0,0,0,0,0,0,0,0,0,0,0
"881","overproud",0,0,0,0,0,0,0,0,0,0,0,0,0,0,0,0
"882","overquiet",0,0,0,0,0,0,0,0,0,0,0,0,0,0,0,0
"883","overrash",0,0,0,0,0,0,0,0,0,0,0,0,0,0,0,0
"884","overrefined",0,0,0,0,0,0,0,0,0,0,0,0,0,0,0,0
"885","overrelaxed",0,0,0,0,0,0,0,0,0,0,0,0,0,0,0,0
"886","overrighteous",0,0,0,0,0,0,0,0,0,0,0,0,0,0,0,0
"887","overrigid",0,0,0,0,0,0,0,0,0,0,0,0,0,0,0,0
"888","overrigorous",0,0,0,0,0,0,0,0,0,0,0,0,0,0,0,0
"889","overscrupulous",0,0,0,0,0,0,0,0,0,0,0,0,0,0,0,0
"890","oversensitive",0,0,0,0,0,0,0,0,0,0,0,0,0,0,0,0
"891","overserious",0,0,0,0,0,0,0,0,0,0,0,0,0,0,0,0
"892","oversevere",0,0,0,0,0,0,0,0,0,0,0,0,0,0,0,0
"893","overslow",0,0,0,0,0,0,0,0,0,0,0,0,0,0,0,0
"894","oversolicitous",0,0,0,0,0,0,0,0,0,0,0,0,0,0,0,0
"895","overspeedy",0,0,0,0,0,0,0,0,0,0,0,0,0,0,0,0
"896","overstrict",0,0,0,0,0,0,0,0,0,0,0,0,0,0,0,0
"897","overstudious",0,0,0,0,0,0,0,0,0,0,0,0,0,0,0,0
"898","oversubtle",0,0,0,0,0,0,0,0,0,0,0,0,0,0,0,0
"899","oversuspicious",0,0,0,0,0,0,0,0,0,0,0,0,0,0,0,0
"900","overtalkative",0,0,0,0,0,0,0,0,0,0,0,0,0,0,0,0
"901","overthoughtful",0,0,0,0,0,0,0,0,0,0,0,0,0,0,0,0
"902","overtrained",0,0,0,0,0,0,0,0,0,0,0,0,0,0,0,0
"903","overtrusting",0,0,0,0,0,0,0,0,0,0,0,0,0,0,0,0
"904","overvaliant",0,0,0,0,0,0,0,0,0,0,0,0,0,0,0,0
"905","overviolent",0,0,0,0,0,0,0,0,0,0,0,0,0,0,0,0
"906","overwary",0,0,0,0,0,0,0,0,0,0,0,0,0,0,0,0
"907","overwomanly",0,0,0,0,0,0,0,0,0,0,0,0,0,0,0,0
"908","overzealous",0,0,0,0,0,0,0,0,0,0,0,0,0,0,0,0
"909","pacifistic",0,0,0,0,0,0,0,0,0,0,0,0,0,0,0,0
"910","painstaking",1,0,0,1,0,0,0,0,0,0,0,0,0,0,0,0
"911","participative",0,0,0,0,0,0,0,0,0,0,0,0,0,0,0,0
"912","particular",562,15,33,45,43,43,26,15,45,73,6,60,20,39,59,40
"913","passionate",66,5,1,3,9,7,2,0,11,3,5,3,3,8,5,1
"914","passionless",3,0,0,1,1,1,0,0,0,0,0,0,0,0,0,0
"915","passive",27,1,3,0,3,1,1,1,1,3,1,2,1,3,4,2
"916","patient",103,2,10,7,11,14,3,7,12,2,2,10,1,13,2,7
"917","patronizing",1,0,0,0,0,0,0,0,0,0,0,0,0,1,0,0
"918","peaceful",81,4,5,8,3,7,2,1,8,8,2,8,4,8,6,7
"919","peacemaking",0,0,0,0,0,0,0,0,0,0,0,0,0,0,0,0
"920","peevish",12,1,1,0,0,2,0,0,1,3,0,3,1,0,0,0
"921","penetrative",0,0,0,0,0,0,0,0,0,0,0,0,0,0,0,0
"922","pensive",23,1,0,0,1,10,0,1,0,2,1,2,0,2,0,3
"923","peppery",1,0,0,0,0,0,0,0,0,1,0,0,0,0,0,0
"924","peppy",0,0,0,0,0,0,0,0,0,0,0,0,0,0,0,0
"925","perceptive",3,0,0,0,0,0,0,0,0,1,0,0,0,2,0,0
"926","perfectionistic",0,0,0,0,0,0,0,0,0,0,0,0,0,0,0,0
"927","perky",0,0,0,0,0,0,0,0,0,0,0,0,0,0,0,0
"928","persecutive",0,0,0,0,0,0,0,0,0,0,0,0,0,0,0,0
"929","persevering",4,1,0,1,0,0,0,0,0,0,0,1,0,1,0,0
"930","persistent",8,2,0,1,0,0,1,1,1,0,0,0,0,2,0,0
"931","perspectiveless",0,0,0,0,0,0,0,0,0,0,0,0,0,0,0,0
"932","persuadable",1,0,0,1,0,0,0,0,0,0,0,0,0,0,0,0
"933","persuasive",20,0,2,2,0,2,1,0,5,2,1,2,0,0,2,1
"934","pert",5,0,0,0,0,0,0,1,0,0,0,0,0,2,1,1
"935","perturbable",0,0,0,0,0,0,0,0,0,0,0,0,0,0,0,0
"936","pessimistic",0,0,0,0,0,0,0,0,0,0,0,0,0,0,0,0
"937","petty",14,0,1,2,1,0,0,1,0,0,0,3,3,0,1,2
"938","philanthropic",12,0,0,0,0,0,0,0,5,1,1,0,0,2,3,0
"939","philosophical",36,0,3,3,1,3,1,2,2,4,0,4,2,1,8,2
"940","philosophizing",0,0,0,0,0,0,0,0,0,0,0,0,0,0,0,0
"941","picky",0,0,0,0,0,0,0,0,0,0,0,0,0,0,0,0
"942","pig-headed",0,0,0,0,0,0,0,0,0,0,0,0,0,0,0,0
"943","pious",44,0,4,2,5,2,1,2,5,11,1,3,0,4,3,1
"944","pitiless",2,0,0,0,0,1,0,0,1,0,0,0,0,0,0,0
"945","placid",61,1,7,6,10,4,5,0,5,5,0,2,1,3,7,5
"946","plain-dealing",0,0,0,0,0,0,0,0,0,0,0,0,0,0,0,0
"947","plain-spoken",0,0,0,0,0,0,0,0,0,0,0,0,0,0,0,0
"948","planful",0,0,0,0,0,0,0,0,0,0,0,0,0,0,0,0
"949","planless",0,0,0,0,0,0,0,0,0,0,0,0,0,0,0,0
"950","playful",46,0,1,5,2,1,3,0,3,9,0,6,2,8,4,2
"951","pleasant",505,9,35,52,50,32,19,11,36,70,6,51,14,28,48,44
"952","pleasure-seeking",0,0,0,0,0,0,0,0,0,0,0,0,0,0,0,0
"953","pliable",2,0,0,0,0,0,0,0,1,0,0,0,0,0,1,0
"954","pliant",6,0,1,0,3,0,0,0,0,0,0,0,0,0,1,1
"955","plucky",0,0,0,0,0,0,0,0,0,0,0,0,0,0,0,0
"956","poetic",11,0,0,0,0,0,1,0,0,0,0,2,0,0,7,1
"957","poised",0,0,0,0,0,0,0,0,0,0,0,0,0,0,0,0
"958","polished",35,2,5,1,3,6,0,1,9,3,1,0,0,1,2,1
"959","polite",114,6,3,13,9,13,8,4,14,9,6,7,3,11,3,5
"960","political",39,1,3,2,1,1,1,6,9,4,0,2,2,3,4,0
"961","pompous",12,0,0,0,0,2,0,0,2,2,0,1,0,1,2,2
"962","posed",0,0,0,0,0,0,0,0,0,0,0,0,0,0,0,0
"963","possessive",1,0,0,1,0,0,0,0,0,0,0,0,0,0,0,0
"964","pouty",0,0,0,0,0,0,0,0,0,0,0,0,0,0,0,0
"965","practical",104,3,4,15,14,7,3,10,20,9,0,1,2,6,4,6
"966","prankish",0,0,0,0,0,0,0,0,0,0,0,0,0,0,0,0
"967","prayerful",0,0,0,0,0,0,0,0,0,0,0,0,0,0,0,0
"968","preachy",0,0,0,0,0,0,0,0,0,0,0,0,0,0,0,0
"969","precise",54,1,4,2,1,3,2,0,7,5,3,4,6,3,12,1
"970","precondemning",0,0,0,0,0,0,0,0,0,0,0,0,0,0,0,0
"971","predatory",2,0,0,0,0,0,1,1,0,0,0,0,0,0,0,0
"972","predictable",0,0,0,0,0,0,0,0,0,0,0,0,0,0,0,0
"973","prejudiced",11,0,0,1,0,0,0,0,7,0,1,0,0,1,1,0
"974","prejudiceless",0,0,0,0,0,0,0,0,0,0,0,0,0,0,0,0
"975","premeditative",0,0,0,0,0,0,0,0,0,0,0,0,0,0,0,0
"976","presumptuous",19,0,0,2,1,10,0,0,0,1,0,1,0,1,1,2
"977","pretenseful",0,0,0,0,0,0,0,0,0,0,0,0,0,0,0,0
"978","pretenseless",0,0,0,0,0,0,0,0,0,0,0,0,0,0,0,0
"979","pretentious",1,0,0,0,0,0,0,0,0,0,0,0,0,1,0,0
"980","prideless",0,0,0,0,0,0,0,0,0,0,0,0,0,0,0,0
"981","prim",5,0,0,0,0,0,0,0,0,1,0,0,0,1,3,0
"982","principled",0,0,0,0,0,0,0,0,0,0,0,0,0,0,0,0
"983","productive",11,0,1,1,0,0,0,0,0,0,1,2,2,0,2,2
"984","profane",3,0,1,0,0,0,0,0,0,1,0,0,1,0,0,0
"985","profound",186,5,21,11,14,16,8,3,9,12,2,24,10,5,33,13
"986","progressive",2,0,0,0,0,0,0,0,0,0,1,1,0,0,0,0
"987","prompt",25,0,0,2,2,3,0,1,1,2,1,5,4,1,3,0
"988","proper",206,4,13,14,7,15,3,6,26,19,1,33,12,8,27,18
"989","prophetic",21,2,2,0,3,4,0,0,0,0,0,3,2,1,3,1
"990","protective",1,0,0,0,0,1,0,0,0,0,0,0,0,0,0,0
"991","proud",409,5,35,27,37,85,21,11,45,33,12,34,10,27,21,6
"992","provincial",6,1,0,0,1,0,1,0,0,1,0,2,0,0,0,0
"993","provocable",0,0,0,0,0,0,0,0,0,0,0,0,0,0,0,0
"994","prudent",62,0,8,6,4,4,2,2,6,7,2,5,5,0,3,8
"995","prudish",0,0,0,0,0,0,0,0,0,0,0,0,0,0,0,0
"996","punctual",55,0,1,6,5,5,2,2,2,7,1,9,1,8,5,1
"997","puritanical",0,0,0,0,0,0,0,0,0,0,0,0,0,0,0,0
"998","purposeful",0,0,0,0,0,0,0,0,0,0,0,0,0,0,0,0
"999","purposeless",1,0,0,0,0,0,0,1,0,0,0,0,0,0,0,0
"1000","purposive",0,0,0,0,0,0,0,0,0,0,0,0,0,0,0,0
"1001","quarrelsome",4,0,0,1,0,0,0,0,0,2,0,1,0,0,0,0
"1002","questioning",0,0,0,0,0,0,0,0,0,0,0,0,0,0,0,0
"1003","quick",310,17,25,28,20,37,8,14,34,29,9,22,17,23,4,23
"1004","quick-tempered",0,0,0,0,0,0,0,0,0,0,0,0,0,0,0,0
"1005","quick-witted",0,0,0,0,0,0,0,0,0,0,0,0,0,0,0,0
"1006","quiet",710,27,61,71,72,57,36,27,65,59,18,47,29,43,48,50
"1007","quiet-spoken",0,0,0,0,0,0,0,0,0,0,0,0,0,0,0,0
"1008","rambunctious",0,0,0,0,0,0,0,0,0,0,0,0,0,0,0,0
"1009","rascally",0,0,0,0,0,0,0,0,0,0,0,0,0,0,0,0
"1010","rash",23,0,2,3,1,4,1,0,0,2,0,4,1,1,2,2
"1011","rational",26,1,2,2,2,4,0,1,1,7,0,2,1,1,2,0
"1012","realistic",0,0,0,0,0,0,0,0,0,0,0,0,0,0,0,0
"1013","reasonable",94,2,7,9,7,4,4,5,8,12,3,7,4,7,13,2
"1014","rebellious",21,0,2,1,3,2,1,0,1,0,0,2,2,2,3,2
"1015","reckless",43,2,10,0,0,7,4,0,3,2,0,3,1,7,3,1
"1016","reclusive",0,0,0,0,0,0,0,0,0,0,0,0,0,0,0,0
"1017","refined",17,2,2,3,0,0,1,1,5,0,0,0,0,2,0,1
"1018","reflective",9,0,1,0,0,0,0,0,0,1,3,0,1,0,2,1
"1019","reformative",0,0,0,0,0,0,0,0,0,0,0,0,0,0,0,0
"1020","relaxed",6,0,0,1,1,1,0,0,0,0,0,0,0,0,2,1
"1021","relentless",8,0,1,1,1,3,0,0,0,1,0,1,0,0,0,0
"1022","reliable",4,0,0,1,0,1,1,0,1,0,0,0,0,0,0,0
"1023","reliant",12,0,0,0,6,0,0,2,1,0,0,0,0,3,0,0
"1024","religious",40,2,10,2,5,4,1,1,2,3,0,4,2,1,2,1
"1025","remorseless",0,0,0,0,0,0,0,0,0,0,0,0,0,0,0,0
"1026","reproachful",45,4,1,4,10,5,3,1,4,3,1,0,0,4,3,2
"1027","resentful",14,2,0,1,1,2,1,1,4,1,0,0,0,1,0,0
"1028","reserved",16,2,0,0,0,2,0,4,5,0,0,0,0,2,1,0
"1029","resilient",0,0,0,0,0,0,0,0,0,0,0,0,0,0,0,0
"1030","resourceful",0,0,0,0,0,0,0,0,0,0,0,0,0,0,0,0
"1031","respectful",71,0,2,4,10,6,3,3,2,6,4,11,5,5,7,3
"1032","responsible",64,4,1,12,3,3,5,0,10,2,4,7,1,7,1,4
"1033","responsive",16,1,0,1,0,3,2,0,3,1,0,0,0,4,1,0
"1034","restless",116,7,14,12,12,8,3,3,4,7,4,10,1,6,12,13
"1035","restrainable",0,0,0,0,0,0,0,0,0,0,0,0,0,0,0,0
"1036","restrained",1,0,1,0,0,0,0,0,0,0,0,0,0,0,0,0
"1037","retaliative",1,1,0,0,0,0,0,0,0,0,0,0,0,0,0,0
"1038","retiring",2,0,0,0,0,0,0,0,0,0,1,0,0,0,0,1
"1039","retortive",0,0,0,0,0,0,0,0,0,0,0,0,0,0,0,0
"1040","revengeful",17,3,0,0,4,2,1,0,2,1,2,2,0,0,0,0
"1041","reverent",0,0,0,0,0,0,0,0,0,0,0,0,0,0,0,0
"1042","rigid",61,0,5,4,5,7,0,3,10,5,1,8,5,5,2,1
"1043","rigorous",2,0,0,0,1,0,0,0,1,0,0,0,0,0,0,0
"1044","risque",0,0,0,0,0,0,0,0,0,0,0,0,0,0,0,0
"1045","ritualistic",0,0,0,0,0,0,0,0,0,0,0,0,0,0,0,0
"1046","rivalrous",0,0,0,0,0,0,0,0,0,0,0,0,0,0,0,0
"1047","roguish",11,0,3,0,1,0,0,0,0,2,0,0,0,0,4,1
"1048","rollicking",0,0,0,0,0,0,0,0,0,0,0,0,0,0,0,0
"1049","rootless",0,0,0,0,0,0,0,0,0,0,0,0,0,0,0,0
"1050","rough",227,13,25,20,27,26,7,5,17,14,4,17,12,16,7,17
"1051","rowdy",0,0,0,0,0,0,0,0,0,0,0,0,0,0,0,0
"1052","rude",49,2,8,2,4,3,3,1,1,6,0,1,2,3,6,7
"1053","rugged",35,3,1,3,4,4,0,3,5,1,1,3,0,1,1,5
"1054","ruthless",7,1,0,0,2,1,0,0,0,0,0,0,1,1,1,0
"1055","saccharine",0,0,0,0,0,0,0,0,0,0,0,0,0,0,0,0
"1056","sadistic",0,0,0,0,0,0,0,0,0,0,0,0,0,0,0,0
"1057","saintly",2,1,0,0,0,0,0,0,0,1,0,0,0,0,0,0
"1058","sarcastic",31,1,1,3,1,7,1,0,2,1,1,7,0,2,2,2
"1059","sassy",0,0,0,0,0,0,0,0,0,0,0,0,0,0,0,0
"1060","satiric",0,0,0,0,0,0,0,0,0,0,0,0,0,0,0,0
"1061","saucy",0,0,0,0,0,0,0,0,0,0,0,0,0,0,0,0
"1062","scampish",0,0,0,0,0,0,0,0,0,0,0,0,0,0,0,0
"1063","scandalmongering",0,0,0,0,0,0,0,0,0,0,0,0,0,0,0,0
"1064","scatterbrained",0,0,0,0,0,0,0,0,0,0,0,0,0,0,0,0
"1065","scheming",3,0,0,0,0,1,1,0,1,0,0,0,0,0,0,0
"1066","scholarly",2,0,0,1,0,0,0,0,0,0,0,0,0,1,0,0
"1067","scornful",38,0,4,3,1,5,4,1,3,4,0,3,1,7,1,1
"1068","scrappy",0,0,0,0,0,0,0,0,0,0,0,0,0,0,0,0
"1069","scrupulous",17,0,1,2,1,0,0,0,0,0,0,7,1,0,4,1
"1070","seclusive",0,0,0,0,0,0,0,0,0,0,0,0,0,0,0,0
"1071","secretive",0,0,0,0,0,0,0,0,0,0,0,0,0,0,0,0
"1072","sedate",6,0,0,0,2,1,0,0,0,0,1,0,0,0,2,0
"1073","self-assertive",0,0,0,0,0,0,0,0,0,0,0,0,0,0,0,0
"1074","self-assured",0,0,0,0,0,0,0,0,0,0,0,0,0,0,0,0
"1075","self-centered",0,0,0,0,0,0,0,0,0,0,0,0,0,0,0,0
"1076","self-confident",0,0,0,0,0,0,0,0,0,0,0,0,0,0,0,0
"1077","self-conscious",0,0,0,0,0,0,0,0,0,0,0,0,0,0,0,0
"1078","self-consistent",0,0,0,0,0,0,0,0,0,0,0,0,0,0,0,0
"1079","self-controlled",0,0,0,0,0,0,0,0,0,0,0,0,0,0,0,0
"1080","self-critical",0,0,0,0,0,0,0,0,0,0,0,0,0,0,0,0
"1081","self-deceiving",0,0,0,0,0,0,0,0,0,0,0,0,0,0,0,0
"1082","self-defeating",0,0,0,0,0,0,0,0,0,0,0,0,0,0,0,0
"1083","self-defensive",0,0,0,0,0,0,0,0,0,0,0,0,0,0,0,0
"1084","self-deluding",0,0,0,0,0,0,0,0,0,0,0,0,0,0,0,0
"1085","self-denying",0,0,0,0,0,0,0,0,0,0,0,0,0,0,0,0
"1086","self-deprecating",0,0,0,0,0,0,0,0,0,0,0,0,0,0,0,0
"1087","self-destructive",0,0,0,0,0,0,0,0,0,0,0,0,0,0,0,0
"1088","self-disciplined",0,0,0,0,0,0,0,0,0,0,0,0,0,0,0,0
"1089","self-disparaging",0,0,0,0,0,0,0,0,0,0,0,0,0,0,0,0
"1090","self-doubting",0,0,0,0,0,0,0,0,0,0,0,0,0,0,0,0
"1091","self-effacing",0,0,0,0,0,0,0,0,0,0,0,0,0,0,0,0
"1092","self-examining",0,0,0,0,0,0,0,0,0,0,0,0,0,0,0,0
"1093","self-excusing",0,0,0,0,0,0,0,0,0,0,0,0,0,0,0,0
"1094","self-expressive",0,0,0,0,0,0,0,0,0,0,0,0,0,0,0,0
"1095","self-important",0,0,0,0,0,0,0,0,0,0,0,0,0,0,0,0
"1096","self-indulgent",0,0,0,0,0,0,0,0,0,0,0,0,0,0,0,0
"1097","self-pitying",0,0,0,0,0,0,0,0,0,0,0,0,0,0,0,0
"1098","self-possessed",0,0,0,0,0,0,0,0,0,0,0,0,0,0,0,0
"1099","self-punishing",0,0,0,0,0,0,0,0,0,0,0,0,0,0,0,0
"1100","self-reliant",0,0,0,0,0,0,0,0,0,0,0,0,0,0,0,0
"1101","self-reproachful",0,0,0,0,0,0,0,0,0,0,0,0,0,0,0,0
"1102","self-respecting",0,0,0,0,0,0,0,0,0,0,0,0,0,0,0,0
"1103","self-restrained",0,0,0,0,0,0,0,0,0,0,0,0,0,0,0,0
"1104","self-revealing",0,0,0,0,0,0,0,0,0,0,0,0,0,0,0,0
"1105","self-righteous",0,0,0,0,0,0,0,0,0,0,0,0,0,0,0,0
"1106","self-sacrificing",0,0,0,0,0,0,0,0,0,0,0,0,0,0,0,0
"1107","self-satisfied",0,0,0,0,0,0,0,0,0,0,0,0,0,0,0,0
"1108","self-seeking",0,0,0,0,0,0,0,0,0,0,0,0,0,0,0,0
"1109","self-sufficient",0,0,0,0,0,0,0,0,0,0,0,0,0,0,0,0
"1110","self-willed",0,0,0,0,0,0,0,0,0,0,0,0,0,0,0,0
"1111","selfish",86,2,1,9,12,5,0,2,6,16,1,13,2,11,2,4
"1112","selfless",0,0,0,0,0,0,0,0,0,0,0,0,0,0,0,0
"1113","sensitive",67,2,4,4,11,9,4,0,9,5,2,3,2,6,3,3
"1114","sensual",4,1,0,0,0,2,0,0,0,0,0,0,0,1,0,0
"1115","sensuous",0,0,0,0,0,0,0,0,0,0,0,0,0,0,0,0
"1116","sentimental",38,1,3,1,3,1,0,5,4,3,0,3,1,4,6,3
"1117","serene",55,2,2,6,5,11,2,4,5,4,3,1,1,3,3,3
"1118","serious",223,3,17,19,23,16,13,4,12,30,4,31,6,19,16,10
"1119","serious-minded",0,0,0,0,0,0,0,0,0,0,0,0,0,0,0,0
"1120","servile",18,0,1,2,1,2,1,1,2,4,2,0,0,1,1,0
"1121","severe",111,1,6,11,10,17,5,1,12,12,1,16,1,10,7,1
"1122","sexy",0,0,0,0,0,0,0,0,0,0,0,0,0,0,0,0
"1123","shallow",28,1,3,2,2,0,1,0,5,2,1,1,1,6,2,1
"1124","sharp-tongued",0,0,0,0,0,0,0,0,0,0,0,0,0,0,0,0
"1125","sharp-witted",0,0,0,0,0,0,0,0,0,0,0,0,0,0,0,0
"1126","shiftless",0,0,0,0,0,0,0,0,0,0,0,0,0,0,0,0
"1127","short-spoken",0,0,0,0,0,0,0,0,0,0,0,0,0,0,0,0
"1128","short-tempered",0,0,0,0,0,0,0,0,0,0,0,0,0,0,0,0
"1129","shortsighted",0,0,0,0,0,0,0,0,0,0,0,0,0,0,0,0
"1130","showy",5,0,0,0,0,0,1,0,2,1,0,0,0,0,0,1
"1131","shrewd",43,4,1,4,1,5,0,2,4,10,1,1,2,3,1,4
"1132","shrewish",4,0,1,0,0,0,0,0,0,1,0,0,0,0,0,2
"1133","shrinking",0,0,0,0,0,0,0,0,0,0,0,0,0,0,0,0
"1134","shy",50,1,1,9,8,3,1,0,7,6,3,0,0,8,0,3
"1135","silent",506,17,56,37,43,56,18,12,34,50,13,41,30,32,25,42
"1136","simple",167,4,7,17,17,22,5,8,15,26,0,10,7,7,4,18
"1137","sincere",37,1,5,1,5,7,1,1,3,2,1,4,0,0,1,5
"1138","single-minded",0,0,0,0,0,0,0,0,0,0,0,0,0,0,0,0
"1139","skeptical",0,0,0,0,0,0,0,0,0,0,0,0,0,0,0,0
"1140","slanderous",2,0,1,0,0,0,0,0,0,0,0,0,0,0,1,0
"1141","slick",3,0,0,0,0,0,0,0,0,3,0,0,0,0,0,0
"1142","sloppy",6,0,0,0,1,0,0,0,0,0,0,1,0,1,2,1
"1143","slothful",0,0,0,0,0,0,0,0,0,0,0,0,0,0,0,0
"1144","slovenly",8,0,0,0,0,1,1,0,1,0,1,2,0,0,2,0
"1145","slow",256,8,18,16,20,21,11,11,23,23,8,23,10,20,13,31
"1146","slow-witted",0,0,0,0,0,0,0,0,0,0,0,0,0,0,0,0
"1147","sluggish",19,0,2,0,1,1,2,0,2,1,0,4,1,2,0,3
"1148","sly",13,0,1,1,0,1,0,0,2,0,0,1,1,3,1,2
"1149","smart",99,0,7,3,2,9,4,0,4,13,2,14,6,4,22,9
"1150","smooth-spoken",0,0,0,0,0,0,0,0,0,0,0,0,0,0,0,0
"1151","smug",0,0,0,0,0,0,0,0,0,0,0,0,0,0,0,0
"1152","sneaky",0,0,0,0,0,0,0,0,0,0,0,0,0,0,0,0
"1153","snobbish",1,0,0,0,0,0,0,0,0,0,0,0,0,0,0,1
"1154","snoopy",0,0,0,0,0,0,0,0,0,0,0,0,0,0,0,0
"1155","snooty",0,0,0,0,0,0,0,0,0,0,0,0,0,0,0,0
"1156","sober-minded",0,0,0,0,0,0,0,0,0,0,0,0,0,0,0,0
"1157","sociable",9,0,1,1,0,3,1,0,0,1,0,0,0,2,0,0
"1158","social",102,3,6,6,5,17,4,6,15,13,4,3,0,11,4,5
"1159","soft-hearted",0,0,0,0,0,0,0,0,0,0,0,0,0,0,0,0
"1160","soft-shelled",0,0,0,0,0,0,0,0,0,0,0,0,0,0,0,0
"1161","soft-spoken",0,0,0,0,0,0,0,0,0,0,0,0,0,0,0,0
"1162","solemn",246,8,25,12,15,38,6,2,10,28,9,18,13,9,33,20
"1163","solicitous",15,0,0,2,3,2,0,0,5,1,0,1,0,0,1,0
"1164","somber",0,0,0,0,0,0,0,0,0,0,0,0,0,0,0,0
"1165","sophisticated",0,0,0,0,0,0,0,0,0,0,0,0,0,0,0,0
"1166","sour",23,1,1,3,1,1,4,1,1,4,0,1,0,1,1,3
"1167","sparkling",15,1,4,1,2,0,0,0,1,2,1,1,0,0,1,1
"1168","speedy",22,1,2,3,1,0,0,0,2,2,0,3,2,0,3,3
"1169","spineless",0,0,0,0,0,0,0,0,0,0,0,0,0,0,0,0
"1170","spirited",61,0,2,7,7,3,1,2,10,2,0,12,2,2,8,3
"1171","spiritless",5,0,0,0,1,0,0,0,0,0,0,2,0,0,0,2
"1172","spiritual",19,1,1,4,0,0,0,1,0,6,0,0,0,3,0,3
"1173","spiteful",17,0,1,0,0,0,1,0,1,3,0,2,0,4,1,4
"1174","spontaneous",18,0,1,4,0,2,1,0,3,2,1,0,0,2,1,1
"1175","sportsmanlike",1,0,0,0,0,0,0,0,0,0,1,0,0,0,0,0
"1176","sprightly",34,0,0,5,2,2,1,2,4,1,2,5,0,7,2,1
"1177","spry",1,0,0,0,0,0,0,0,0,1,0,0,0,0,0,0
"1178","spunky",0,0,0,0,0,0,0,0,0,0,0,0,0,0,0,0
"1179","squeamish",1,0,1,0,0,0,0,0,0,0,0,0,0,0,0,0
"1180","stable",90,4,20,8,7,5,2,2,2,7,2,6,1,8,10,6
"1181","stalwart",7,1,2,4,0,0,0,0,0,0,0,0,0,0,0,0
"1182","stand-offish",0,0,0,0,0,0,0,0,0,0,0,0,0,0,0,0
"1183","statesmanlike",1,0,0,0,0,0,0,0,0,0,0,1,0,0,0,0
"1184","steadfast",20,0,0,1,3,6,0,1,3,0,0,2,0,1,2,1
"1185","steady",168,12,16,20,14,22,10,7,15,6,8,9,4,10,10,5
"1186","stern",113,3,9,9,11,14,3,5,14,7,3,12,3,6,10,4
"1187","stingy",1,0,0,0,0,0,0,0,0,1,0,0,0,0,0,0
"1188","stormy",33,2,2,1,8,7,3,1,1,2,1,1,0,3,1,0
"1189","stout-hearted",0,0,0,0,0,0,0,0,0,0,0,0,0,0,0,0
"1190","straightforward",19,1,1,3,0,1,0,1,2,3,0,4,1,0,2,0
"1191","straitlaced",0,0,0,0,0,0,0,0,0,0,0,0,0,0,0,0
"1192","strict",71,3,5,7,3,2,5,1,5,6,2,10,4,8,6,4
"1193","stringent",2,0,0,0,0,1,0,0,1,0,0,0,0,0,0,0
"1194","strong-minded",0,0,0,0,0,0,0,0,0,0,0,0,0,0,0,0
"1195","stubborn",12,0,0,1,1,4,0,1,2,1,0,0,0,2,0,0
"1196","stuck-up",0,0,0,0,0,0,0,0,0,0,0,0,0,0,0,0
"1197","studious",18,4,0,2,1,3,1,0,0,1,2,1,0,1,1,1
"1198","stuffy",0,0,0,0,0,0,0,0,0,0,0,0,0,0,0,0
"1199","suave",0,0,0,0,0,0,0,0,0,0,0,0,0,0,0,0
"1200","subjective",1,0,0,0,0,0,0,0,0,0,0,0,0,1,0,0
"1201","submissive",45,6,1,0,4,4,1,4,9,3,2,0,0,5,1,5
"1202","sugary",1,0,0,0,0,0,0,0,1,0,0,0,0,0,0,0
"1203","suggestible",0,0,0,0,0,0,0,0,0,0,0,0,0,0,0,0
"1204","sulky",0,0,0,0,0,0,0,0,0,0,0,0,0,0,0,0
"1205","sullen",47,2,11,1,4,8,0,1,5,1,0,4,2,5,1,2
"1206","sultry",13,2,1,2,0,0,0,1,1,0,0,0,2,2,1,1
"1207","sunny",48,4,4,5,6,6,1,3,3,1,2,2,2,4,2,3
"1208","superficial",2,0,0,0,0,0,0,0,0,0,1,0,0,0,1,0
"1209","supersensitive",0,0,0,0,0,0,0,0,0,0,0,0,0,0,0,0
"1210","superstitious",10,1,1,0,1,0,0,0,2,2,0,1,0,1,1,0
"1211","surly",35,0,5,1,1,0,1,0,2,6,0,0,5,4,8,2
"1212","suspicious",90,1,4,6,5,6,11,4,5,5,1,6,3,17,8,8
"1213","swellheaded",0,0,0,0,0,0,0,0,0,0,0,0,0,0,0,0
"1214","sympathetic",30,0,0,1,1,2,3,1,2,2,5,1,0,10,1,1
"1215","systematic",14,0,0,3,3,1,1,0,0,0,0,1,1,1,3,0
"1216","taciturn",10,0,0,0,1,3,0,0,1,3,0,0,0,0,2,0
"1217","tactful",0,0,0,0,0,0,0,0,0,0,0,0,0,0,0,0
"1218","tactless",0,0,0,0,0,0,0,0,0,0,0,0,0,0,0,0
"1219","talkative",30,0,5,1,3,1,2,0,0,6,0,3,0,1,6,2
"1220","tame",16,2,2,1,0,4,0,0,2,3,0,0,0,0,1,1
"1221","tasteful",4,0,0,0,1,1,0,1,0,0,0,1,0,0,0,0
"1222","tasteless",0,0,0,0,0,0,0,0,0,0,0,0,0,0,0,0
"1223","teachable",0,0,0,0,0,0,0,0,0,0,0,0,0,0,0,0
"1224","temperamental",0,0,0,0,0,0,0,0,0,0,0,0,0,0,0,0
"1225","temperate",4,0,2,0,1,0,0,0,0,0,0,0,0,1,0,0
"1226","tempestuous",4,0,1,0,0,1,0,0,0,1,0,0,0,1,0,0
"1227","temptable",0,0,0,0,0,0,0,0,0,0,0,0,0,0,0,0
"1228","tenacious",4,0,0,1,1,0,0,0,2,0,0,0,0,0,0,0
"1229","tender",123,3,7,8,11,16,5,3,15,14,2,6,3,8,5,17
"1230","tender-hearted",0,0,0,0,0,0,0,0,0,0,0,0,0,0,0,0
"1231","tenderminded",0,0,0,0,0,0,0,0,0,0,0,0,0,0,0,0
"1232","tense",1,0,0,0,0,0,0,0,0,0,0,0,0,1,0,0
"1233","tentative",1,0,0,0,0,0,0,0,0,0,0,0,0,1,0,0
"1234","terse",0,0,0,0,0,0,0,0,0,0,0,0,0,0,0,0
"1235","testy",6,0,1,1,0,0,0,0,1,0,0,0,0,0,3,0
"1236","thick-headed",0,0,0,0,0,0,0,0,0,0,0,0,0,0,0,0
"1237","thick-skinned",0,0,0,0,0,0,0,0,0,0,0,0,0,0,0,0
"1238","thick-witted",0,0,0,0,0,0,0,0,0,0,0,0,0,0,0,0
"1239","thin-skinned",0,0,0,0,0,0,0,0,0,0,0,0,0,0,0,0
"1240","thorough",30,2,6,2,1,3,0,1,3,2,0,4,1,4,1,0
"1241","thoroughgoing",1,0,0,0,0,1,0,0,0,0,0,0,0,0,0,0
"1242","thoughtful",180,3,13,14,18,25,7,5,11,21,2,10,5,14,11,21
"1243","thoughtless",35,0,1,1,7,2,0,0,0,6,0,8,1,2,1,6
"1244","thriftless",0,0,0,0,0,0,0,0,0,0,0,0,0,0,0,0
"1245","thrifty",0,0,0,0,0,0,0,0,0,0,0,0,0,0,0,0
"1246","tidy",17,0,1,2,0,1,0,2,0,2,0,2,1,3,2,1
"1247","tight",133,4,5,15,7,16,2,5,11,18,2,12,6,10,9,11
"1248","tight-lipped",0,0,0,0,0,0,0,0,0,0,0,0,0,0,0,0
"1249","timid",135,6,14,10,14,20,2,3,15,11,2,8,2,9,2,17
"1250","timorous",12,1,2,0,1,0,0,0,1,0,0,1,0,1,4,1
"1251","tireless",0,0,0,0,0,0,0,0,0,0,0,0,0,0,0,0
"1252","tolerant",6,0,0,0,0,2,0,0,2,2,0,0,0,0,0,0
"1253","touchy",1,0,0,0,0,0,0,0,1,0,0,0,0,0,0,0
"1254","tough",40,0,2,3,1,18,1,1,4,4,0,2,0,2,1,1
"1255","tough-minded",0,0,0,0,0,0,0,0,0,0,0,0,0,0,0,0
"1256","traditional",2,0,0,1,0,0,0,0,1,0,0,0,0,0,0,0
"1257","transparent",37,3,2,3,3,4,0,0,5,5,4,1,0,4,2,1
"1258","treacherous",31,1,0,3,2,4,2,0,3,3,0,3,1,2,2,5
"1259","tricky",0,0,0,0,0,0,0,0,0,0,0,0,0,0,0,0
"1260","trustful",11,0,0,1,2,1,1,1,0,3,0,0,0,1,0,1
"1261","trustworthy",18,1,2,1,0,1,0,1,3,0,1,1,1,4,0,2
"1262","truthful",7,0,2,1,1,0,0,0,0,1,0,0,0,1,0,1
"1263","truthless",0,0,0,0,0,0,0,0,0,0,0,0,0,0,0,0
"1264","twitchy",1,0,0,0,0,0,1,0,0,0,0,0,0,0,0,0
"1265","tyrannical",6,0,2,0,0,0,0,0,0,0,0,2,0,2,0,0
"1266","ultraconservative",0,0,0,0,0,0,0,0,0,0,0,0,0,0,0,0
"1267","ultracritical",0,0,0,0,0,0,0,0,0,0,0,0,0,0,0,0
"1268","ultrademocratic",0,0,0,0,0,0,0,0,0,0,0,0,0,0,0,0
"1269","ultrafastidious",0,0,0,0,0,0,0,0,0,0,0,0,0,0,0,0
"1270","ultraintellectual",0,0,0,0,0,0,0,0,0,0,0,0,0,0,0,0
"1271","ultrarefined",0,0,0,0,0,0,0,0,0,0,0,0,0,0,0,0
"1272","ultrareligious",0,0,0,0,0,0,0,0,0,0,0,0,0,0,0,0
"1273","ultrasensual",0,0,0,0,0,0,0,0,0,0,0,0,0,0,0,0
"1274","ultrasentimental",0,0,0,0,0,0,0,0,0,0,0,0,0,0,0,0
"1275","ultraspiritual",0,0,0,0,0,0,0,0,0,0,0,0,0,0,0,0
"1276","unaccessible",0,0,0,0,0,0,0,0,0,0,0,0,0,0,0,0
"1277","unaccommodating",5,0,0,0,0,1,0,1,2,0,0,0,0,1,0,0
"1278","unaccomplished",0,0,0,0,0,0,0,0,0,0,0,0,0,0,0,0
"1279","unadaptable",0,0,0,0,0,0,0,0,0,0,0,0,0,0,0,0
"1280","unadulterous",0,0,0,0,0,0,0,0,0,0,0,0,0,0,0,0
"1281","unadventurous",0,0,0,0,0,0,0,0,0,0,0,0,0,0,0,0
"1282","unaffable",0,0,0,0,0,0,0,0,0,0,0,0,0,0,0,0
"1283","unaffected",21,0,0,2,5,2,1,0,1,2,0,3,0,1,3,1
"1284","unaffectionate",0,0,0,0,0,0,0,0,0,0,0,0,0,0,0,0
"1285","unaggressive",0,0,0,0,0,0,0,0,0,0,0,0,0,0,0,0
"1286","unagreeable",0,0,0,0,0,0,0,0,0,0,0,0,0,0,0,0
"1287","unaiding",0,0,0,0,0,0,0,0,0,0,0,0,0,0,0,0
"1288","unalert",0,0,0,0,0,0,0,0,0,0,0,0,0,0,0,0
"1289","unalterable",9,0,0,0,2,1,0,0,1,1,0,0,0,0,4,0
"1290","unambitious",0,0,0,0,0,0,0,0,0,0,0,0,0,0,0,0
"1291","unamiable",1,0,0,0,1,0,0,0,0,0,0,0,0,0,0,0
"1292","unamusable",0,0,0,0,0,0,0,0,0,0,0,0,0,0,0,0
"1293","unanalytic",0,0,0,0,0,0,0,0,0,0,0,0,0,0,0,0
"1294","unanchored",0,0,0,0,0,0,0,0,0,0,0,0,0,0,0,0
"1295","unanimated",0,0,0,0,0,0,0,0,0,0,0,0,0,0,0,0
"1296","unapproachable",6,0,0,1,0,2,0,1,1,0,0,0,0,1,0,0
"1297","unargumentative",0,0,0,0,0,0,0,0,0,0,0,0,0,0,0,0
"1298","unartistic",1,0,0,0,0,0,1,0,0,0,0,0,0,0,0,0
"1299","unaspiring",0,0,0,0,0,0,0,0,0,0,0,0,0,0,0,0
"1300","unassertive",1,0,0,0,0,0,1,0,0,0,0,0,0,0,0,0
"1301","unassisting",0,0,0,0,0,0,0,0,0,0,0,0,0,0,0,0
"1302","unassuming",11,0,1,3,2,1,1,0,0,2,0,1,0,0,0,0
"1303","unassured",0,0,0,0,0,0,0,0,0,0,0,0,0,0,0,0
"1304","unauthoritative",0,0,0,0,0,0,0,0,0,0,0,0,0,0,0,0
"1305","unbashful",0,0,0,0,0,0,0,0,0,0,0,0,0,0,0,0
"1306","unbelligerent",0,0,0,0,0,0,0,0,0,0,0,0,0,0,0,0
"1307","unbendable",0,0,0,0,0,0,0,0,0,0,0,0,0,0,0,0
"1308","unbending",5,0,0,1,1,2,0,1,0,0,0,0,0,0,0,0
"1309","unbenevolent",0,0,0,0,0,0,0,0,0,0,0,0,0,0,0,0
"1310","unbewailing",0,0,0,0,0,0,0,0,0,0,0,0,0,0,0,0
"1311","unbiased",0,0,0,0,0,0,0,0,0,0,0,0,0,0,0,0
"1312","unbigoted",0,0,0,0,0,0,0,0,0,0,0,0,0,0,0,0
"1313","unblushing",2,1,0,0,0,0,0,0,0,0,0,0,0,0,1,0
"1314","unboastful",0,0,0,0,0,0,0,0,0,0,0,0,0,0,0,0
"1315","unbold",0,0,0,0,0,0,0,0,0,0,0,0,0,0,0,0
"1316","unbookish",0,0,0,0,0,0,0,0,0,0,0,0,0,0,0,0
"1317","unbridled",0,0,0,0,0,0,0,0,0,0,0,0,0,0,0,0
"1318","unbusinesslike",2,0,0,0,0,0,0,0,0,0,0,0,0,0,2,0
"1319","uncalculating",0,0,0,0,0,0,0,0,0,0,0,0,0,0,0,0
"1320","uncandid",0,0,0,0,0,0,0,0,0,0,0,0,0,0,0,0
"1321","uncarbable",0,0,0,0,0,0,0,0,0,0,0,0,0,0,0,0
"1322","uncareful",0,0,0,0,0,0,0,0,0,0,0,0,0,0,0,0
"1323","uncautious",0,0,0,0,0,0,0,0,0,0,0,0,0,0,0,0
"1324","unceremonious",7,0,1,0,1,1,0,0,0,1,0,0,0,1,1,1
"1325","unchangeable",10,2,0,1,2,1,0,0,2,0,0,1,0,1,0,0
"1326","unchanging",11,0,1,3,1,0,1,0,1,0,1,0,0,1,0,2
"1327","uncharitable",4,0,0,1,1,0,0,0,0,0,0,0,0,1,1,0
"1328","unchaste",0,0,0,0,0,0,0,0,0,0,0,0,0,0,0,0
"1329","uncheerful",0,0,0,0,0,0,0,0,0,0,0,0,0,0,0,0
"1330","uncheery",0,0,0,0,0,0,0,0,0,0,0,0,0,0,0,0
"1331","unchivalrous",0,0,0,0,0,0,0,0,0,0,0,0,0,0,0,0
"1332","uncivil",3,0,1,1,0,0,0,0,0,1,0,0,0,0,0,0
"1333","uncivilized",0,0,0,0,0,0,0,0,0,0,0,0,0,0,0,0
"1334","uncommunicative",1,0,0,0,0,0,0,1,0,0,0,0,0,0,0,0
"1335","uncompanionable",1,0,0,1,0,0,0,0,0,0,0,0,0,0,0,0
"1336","uncompassionate",0,0,0,0,0,0,0,0,0,0,0,0,0,0,0,0
"1337","uncompetitive",0,0,0,0,0,0,0,0,0,0,0,0,0,0,0,0
"1338","uncomplaining",10,1,0,2,0,3,0,0,1,1,0,0,0,0,1,1
"1339","uncomplaisant",0,0,0,0,0,0,0,0,0,0,0,0,0,0,0,0
"1340","uncompromising",12,1,0,0,3,2,0,2,2,0,0,0,0,2,0,0
"1341","unconcealing",0,0,0,0,0,0,0,0,0,0,0,0,0,0,0,0
"1342","unconciliatory",0,0,0,0,0,0,0,0,0,0,0,0,0,0,0,0
"1343","unconfident",0,0,0,0,0,0,0,0,0,0,0,0,0,0,0,0
"1344","unconfiding",0,0,0,0,0,0,0,0,0,0,0,0,0,0,0,0
"1345","unconformable",0,0,0,0,0,0,0,0,0,0,0,0,0,0,0,0
"1346","unconscientious",0,0,0,0,0,0,0,0,0,0,0,0,0,0,0,0
"1347","unconstrainable",0,0,0,0,0,0,0,0,0,0,0,0,0,0,0,0
"1348","unconstrained",2,0,0,0,0,1,0,0,0,0,0,0,0,1,0,0
"1349","unconstructive",0,0,0,0,0,0,0,0,0,0,0,0,0,0,0,0
"1350","uncontradictable",0,0,0,0,0,0,0,0,0,0,0,0,0,0,0,0
"1351","uncontriving",0,0,0,0,0,0,0,0,0,0,0,0,0,0,0,0
"1352","uncontrolled",0,0,0,0,0,0,0,0,0,0,0,0,0,0,0,0
"1353","unconventional",0,0,0,0,0,0,0,0,0,0,0,0,0,0,0,0
"1354","uncooperative",0,0,0,0,0,0,0,0,0,0,0,0,0,0,0,0
"1355","uncordial",0,0,0,0,0,0,0,0,0,0,0,0,0,0,0,0
"1356","uncourteous",0,0,0,0,0,0,0,0,0,0,0,0,0,0,0,0
"1357","uncourtly",0,0,0,0,0,0,0,0,0,0,0,0,0,0,0,0
"1358","uncouth",28,0,5,1,0,1,1,0,2,0,0,8,1,0,3,6
"1359","uncrafty",0,0,0,0,0,0,0,0,0,0,0,0,0,0,0,0
"1360","uncreative",0,0,0,0,0,0,0,0,0,0,0,0,0,0,0,0
"1361","uncritical",0,0,0,0,0,0,0,0,0,0,0,0,0,0,0,0
"1362","uncultivated",1,0,0,0,0,0,0,0,0,0,0,1,0,0,0,0
"1363","uncultured",0,0,0,0,0,0,0,0,0,0,0,0,0,0,0,0
"1364","uncunning",0,0,0,0,0,0,0,0,0,0,0,0,0,0,0,0
"1365","uncurious",0,0,0,0,0,0,0,0,0,0,0,0,0,0,0,0
"1366","undeceivable",0,0,0,0,0,0,0,0,0,0,0,0,0,0,0,0
"1367","undeceptive",0,0,0,0,0,0,0,0,0,0,0,0,0,0,0,0
"1368","undefeatable",0,0,0,0,0,0,0,0,0,0,0,0,0,0,0,0
"1369","undelaying",0,0,0,0,0,0,0,0,0,0,0,0,0,0,0,0
"1370","undeliberate",0,0,0,0,0,0,0,0,0,0,0,0,0,0,0,0
"1371","undeliberative",0,0,0,0,0,0,0,0,0,0,0,0,0,0,0,0
"1372","undemanding",0,0,0,0,0,0,0,0,0,0,0,0,0,0,0,0
"1373","undemocratic",0,0,0,0,0,0,0,0,0,0,0,0,0,0,0,0
"1374","undemonstrative",0,0,0,0,0,0,0,0,0,0,0,0,0,0,0,0
"1375","undependable",0,0,0,0,0,0,0,0,0,0,0,0,0,0,0,0
"1376","underhanded",10,0,1,2,0,0,0,0,0,0,0,0,0,6,1,0
"1377","underogatory",0,0,0,0,0,0,0,0,0,0,0,0,0,0,0,0
"1378","understanding",0,0,0,0,0,0,0,0,0,0,0,0,0,0,0,0
"1379","underwitted",0,0,0,0,0,0,0,0,0,0,0,0,0,0,0,0
"1380","undespairing",0,0,0,0,0,0,0,0,0,0,0,0,0,0,0,0
"1381","undespondent",0,0,0,0,0,0,0,0,0,0,0,0,0,0,0,0
"1382","undeviating",0,0,0,0,0,0,0,0,0,0,0,0,0,0,0,0
"1383","undevious",0,0,0,0,0,0,0,0,0,0,0,0,0,0,0,0
"1384","undevout",0,0,0,0,0,0,0,0,0,0,0,0,0,0,0,0
"1385","undignified",4,0,0,0,0,0,0,0,0,0,0,2,0,2,0,0
"1386","undiligent",0,0,0,0,0,0,0,0,0,0,0,0,0,0,0,0
"1387","undiplomatic",0,0,0,0,0,0,0,0,0,0,0,0,0,0,0,0
"1388","undisappointable",0,0,0,0,0,0,0,0,0,0,0,0,0,0,0,0
"1389","undiscerning",0,0,0,0,0,0,0,0,0,0,0,0,0,0,0,0
"1390","undisciplined",7,0,1,0,6,0,0,0,0,0,0,0,0,0,0,0
"1391","undiscourageable",0,0,0,0,0,0,0,0,0,0,0,0,0,0,0,0
"1392","undiscriminating",1,0,0,0,0,0,0,0,0,0,1,0,0,0,0,0
"1393","undisguised",14,1,0,0,2,3,0,0,1,0,0,0,1,1,4,1
"1394","undisturbable",0,0,0,0,0,0,0,0,0,0,0,0,0,0,0,0
"1395","undivertible",0,0,0,0,0,0,0,0,0,0,0,0,0,0,0,0
"1396","undogmatic",0,0,0,0,0,0,0,0,0,0,0,0,0,0,0,0
"1397","undramatic",0,0,0,0,0,0,0,0,0,0,0,0,0,0,0,0
"1398","undutiful",14,1,2,2,2,4,1,0,1,0,0,0,0,0,1,0
"1399","uneager",0,0,0,0,0,0,0,0,0,0,0,0,0,0,0,0
"1400","unealous",0,0,0,0,0,0,0,0,0,0,0,0,0,0,0,0
"1401","unearnest",0,0,0,0,0,0,0,0,0,0,0,0,0,0,0,0
"1402","uneconomical",0,0,0,0,0,0,0,0,0,0,0,0,0,0,0,0
"1403","uneducated",2,0,0,0,1,0,0,0,1,0,0,0,0,0,0,0
"1404","unelusive",0,0,0,0,0,0,0,0,0,0,0,0,0,0,0,0
"1405","unembittered",0,0,0,0,0,0,0,0,0,0,0,0,0,0,0,0
"1406","unemotional",0,0,0,0,0,0,0,0,0,0,0,0,0,0,0,0
"1407","unemphatic",0,0,0,0,0,0,0,0,0,0,0,0,0,0,0,0
"1408","unenlightened",1,1,0,0,0,0,0,0,0,0,0,0,0,0,0,0
"1409","unenterprising",0,0,0,0,0,0,0,0,0,0,0,0,0,0,0,0
"1410","unenthusiastic",0,0,0,0,0,0,0,0,0,0,0,0,0,0,0,0
"1411","unenvious",1,0,0,0,0,0,0,0,1,0,0,0,0,0,0,0
"1412","unerring",5,0,1,1,1,0,0,0,0,0,0,1,0,0,1,0
"1413","unethical",0,0,0,0,0,0,0,0,0,0,0,0,0,0,0,0
"1414","unexacting",0,0,0,0,0,0,0,0,0,0,0,0,0,0,0,0
"1415","unexcitable",0,0,0,0,0,0,0,0,0,0,0,0,0,0,0,0
"1416","unexpansive",0,0,0,0,0,0,0,0,0,0,0,0,0,0,0,0
"1417","unexplosive",0,0,0,0,0,0,0,0,0,0,0,0,0,0,0,0
"1418","unextravagant",0,0,0,0,0,0,0,0,0,0,0,0,0,0,0,0
"1419","unfailing",2,1,0,0,1,0,0,0,0,0,0,0,0,0,0,0
"1420","unfair",6,1,0,1,0,0,1,0,1,1,0,0,1,0,0,0
"1421","unfaithful",2,0,0,0,0,0,1,0,1,0,0,0,0,0,0,0
"1422","unfaltering",0,0,0,0,0,0,0,0,0,0,0,0,0,0,0,0
"1423","unfearing",0,0,0,0,0,0,0,0,0,0,0,0,0,0,0,0
"1424","unfeeling",5,1,0,0,0,0,1,0,0,0,0,1,0,0,2,0
"1425","unfeigning",0,0,0,0,0,0,0,0,0,0,0,0,0,0,0,0
"1426","unfeminine",1,0,0,0,0,0,0,0,0,0,0,0,0,0,0,1
"1427","unflinching",3,0,0,0,1,1,0,0,0,0,0,0,0,1,0,0
"1428","unfluctuating",0,0,0,0,0,0,0,0,0,0,0,0,0,0,0,0
"1429","unfluent",0,0,0,0,0,0,0,0,0,0,0,0,0,0,0,0
"1430","unforbearing",0,0,0,0,0,0,0,0,0,0,0,0,0,0,0,0
"1431","unforcible",0,0,0,0,0,0,0,0,0,0,0,0,0,0,0,0
"1432","unforgetful",0,0,0,0,0,0,0,0,0,0,0,0,0,0,0,0
"1433","unforgiving",2,0,0,0,0,1,0,0,1,0,0,0,0,0,0,0
"1434","unforseeing",0,0,0,0,0,0,0,0,0,0,0,0,0,0,0,0
"1435","unfraternal",0,0,0,0,0,0,0,0,0,0,0,0,0,0,0,0
"1436","unfriendly",2,0,0,0,0,0,0,0,0,1,0,1,0,0,0,0
"1437","unfrugal",0,0,0,0,0,0,0,0,0,0,0,0,0,0,0,0
"1438","ungallant",1,0,0,0,0,0,0,0,0,0,0,1,0,0,0,0
"1439","ungenerous",15,1,0,0,0,0,3,0,1,4,2,0,0,3,0,1
"1440","ungenteel",3,0,0,1,0,0,0,0,1,0,0,0,0,0,1,0
"1441","ungentle",2,0,0,0,2,0,0,0,0,0,0,0,0,0,0,0
"1442","ungentlemanly",9,0,1,0,0,0,0,0,3,2,0,0,0,0,2,1
"1443","ungiving",0,0,0,0,0,0,0,0,0,0,0,0,0,0,0,0
"1444","ungovernable",8,0,1,1,0,1,0,0,0,1,0,0,1,2,0,1
"1445","ungraceful",5,0,3,0,0,0,0,0,0,1,0,0,0,0,1,0
"1446","ungracious",5,0,0,0,0,0,1,2,0,1,0,0,0,1,0,0
"1447","ungregarious",0,0,0,0,0,0,0,0,0,0,0,0,0,0,0,0
"1448","ungrudging",0,0,0,0,0,0,0,0,0,0,0,0,0,0,0,0
"1449","unguarded",4,0,0,0,0,1,0,0,0,0,0,0,1,0,0,2
"1450","unhardened",1,1,0,0,0,0,0,0,0,0,0,0,0,0,0,0
"1451","unhardy",0,0,0,0,0,0,0,0,0,0,0,0,0,0,0,0
"1452","unharming",0,0,0,0,0,0,0,0,0,0,0,0,0,0,0,0
"1453","unharmonious",0,0,0,0,0,0,0,0,0,0,0,0,0,0,0,0
"1454","unhasty",0,0,0,0,0,0,0,0,0,0,0,0,0,0,0,0
"1455","unheedful",0,0,0,0,0,0,0,0,0,0,0,0,0,0,0,0
"1456","unhelpful",0,0,0,0,0,0,0,0,0,0,0,0,0,0,0,0
"1457","unheroic",1,0,0,0,0,0,0,0,1,0,0,0,0,0,0,0
"1458","unhurried",0,0,0,0,0,0,0,0,0,0,0,0,0,0,0,0
"1459","unimaginative",1,0,0,0,0,1,0,0,0,0,0,0,0,0,0,0
"1460","unimpassionate",0,0,0,0,0,0,0,0,0,0,0,0,0,0,0,0
"1461","unimpatient",0,0,0,0,0,0,0,0,0,0,0,0,0,0,0,0
"1462","unimpressible",2,0,0,0,0,0,0,0,0,0,0,0,0,2,0,0
"1463","unimpressionable",0,0,0,0,0,0,0,0,0,0,0,0,0,0,0,0
"1464","unindulgent",0,0,0,0,0,0,0,0,0,0,0,0,0,0,0,0
"1465","unindustrious",0,0,0,0,0,0,0,0,0,0,0,0,0,0,0,0
"1466","uninformed",6,0,1,0,0,2,1,0,1,0,0,0,0,1,0,0
"1467","uningenious",0,0,0,0,0,0,0,0,0,0,0,0,0,0,0,0
"1468","uninhibited",0,0,0,0,0,0,0,0,0,0,0,0,0,0,0,0
"1469","uninquiring",0,0,0,0,0,0,0,0,0,0,0,0,0,0,0,0
"1470","uninquisitive",0,0,0,0,0,0,0,0,0,0,0,0,0,0,0,0
"1471","unintellectual",0,0,0,0,0,0,0,0,0,0,0,0,0,0,0,0
"1472","unintelligent",0,0,0,0,0,0,0,0,0,0,0,0,0,0,0,0
"1473","unintrospective",0,0,0,0,0,0,0,0,0,0,0,0,0,0,0,0
"1474","uninventive",0,0,0,0,0,0,0,0,0,0,0,0,0,0,0,0
"1475","uninvestigative",0,0,0,0,0,0,0,0,0,0,0,0,0,0,0,0
"1476","unkind",34,1,3,3,2,5,1,3,5,2,1,2,2,1,2,1
"1477","unkindly",1,0,0,0,0,0,0,0,0,0,0,0,0,1,0,0
"1478","unladylike",1,0,0,0,0,0,0,0,0,0,1,0,0,0,0,0
"1479","unlearned",0,0,0,0,0,0,0,0,0,0,0,0,0,0,0,0
"1480","unliterary",0,0,0,0,0,0,0,0,0,0,0,0,0,0,0,0
"1481","unlively",0,0,0,0,0,0,0,0,0,0,0,0,0,0,0,0
"1482","unloving",1,0,0,0,0,0,0,0,1,0,0,0,0,0,0,0
"1483","unmaidenly",0,0,0,0,0,0,0,0,0,0,0,0,0,0,0,0
"1484","unmalicious",0,0,0,0,0,0,0,0,0,0,0,0,0,0,0,0
"1485","unmalleable",0,0,0,0,0,0,0,0,0,0,0,0,0,0,0,0
"1486","unmanly",8,0,0,0,0,0,0,0,0,0,0,4,0,1,3,0
"1487","unmannered",0,0,0,0,0,0,0,0,0,0,0,0,0,0,0,0
"1488","unmasculine",0,0,0,0,0,0,0,0,0,0,0,0,0,0,0,0
"1489","unmeddling",0,0,0,0,0,0,0,0,0,0,0,0,0,0,0,0
"1490","unmeek",0,0,0,0,0,0,0,0,0,0,0,0,0,0,0,0
"1491","unmelancholy",0,0,0,0,0,0,0,0,0,0,0,0,0,0,0,0
"1492","unmercenary",0,0,0,0,0,0,0,0,0,0,0,0,0,0,0,0
"1493","unmerciful",4,0,2,1,0,0,0,0,1,0,0,0,0,0,0,0
"1494","unmerry",0,0,0,0,0,0,0,0,0,0,0,0,0,0,0,0
"1495","unmethodical",0,0,0,0,0,0,0,0,0,0,0,0,0,0,0,0
"1496","unmild",0,0,0,0,0,0,0,0,0,0,0,0,0,0,0,0
"1497","unmindful",27,0,2,2,2,2,1,0,2,6,0,0,1,1,1,7
"1498","unmirthful",0,0,0,0,0,0,0,0,0,0,0,0,0,0,0,0
"1499","unmodifiable",0,0,0,0,0,0,0,0,0,0,0,0,0,0,0,0
"1500","unmoralizing",0,0,0,0,0,0,0,0,0,0,0,0,0,0,0,0
"1501","unmovable",0,0,0,0,0,0,0,0,0,0,0,0,0,0,0,0
"1502","unneighborly",0,0,0,0,0,0,0,0,0,0,0,0,0,0,0,0
"1503","unniggardly",0,0,0,0,0,0,0,0,0,0,0,0,0,0,0,0
"1504","unobliging",0,0,0,0,0,0,0,0,0,0,0,0,0,0,0,0
"1505","unobservant",5,0,1,0,0,1,0,0,0,1,1,1,0,0,0,0
"1506","unobtrusive",3,0,0,0,0,0,0,0,1,1,0,0,0,0,0,1
"1507","unoriginal",0,0,0,0,0,0,0,0,0,0,0,0,0,0,0,0
"1508","unostentatious",0,0,0,0,0,0,0,0,0,0,0,0,0,0,0,0
"1509","unoyful",0,0,0,0,0,0,0,0,0,0,0,0,0,0,0,0
"1510","unpardoning",0,0,0,0,0,0,0,0,0,0,0,0,0,0,0,0
"1511","unpartisan",0,0,0,0,0,0,0,0,0,0,0,0,0,0,0,0
"1512","unpeaceable",0,0,0,0,0,0,0,0,0,0,0,0,0,0,0,0
"1513","unperceptive",0,0,0,0,0,0,0,0,0,0,0,0,0,0,0,0
"1514","unpersonable",0,0,0,0,0,0,0,0,0,0,0,0,0,0,0,0
"1515","unpersuadable",1,0,0,1,0,0,0,0,0,0,0,0,0,0,0,0
"1516","unpersuasive",0,0,0,0,0,0,0,0,0,0,0,0,0,0,0,0
"1517","unphilanthropic",0,0,0,0,0,0,0,0,0,0,0,0,0,0,0,0
"1518","unphilosophical",0,0,0,0,0,0,0,0,0,0,0,0,0,0,0,0
"1519","unpitying",1,0,0,0,0,0,0,0,0,0,0,0,0,1,0,0
"1520","unpleasable",0,0,0,0,0,0,0,0,0,0,0,0,0,0,0,0
"1521","unpliable",0,0,0,0,0,0,0,0,0,0,0,0,0,0,0,0
"1522","unpoised",0,0,0,0,0,0,0,0,0,0,0,0,0,0,0,0
"1523","unpolished",2,0,0,0,0,0,0,1,0,0,0,0,0,1,0,0
"1524","unpolite",7,0,1,2,0,0,0,0,0,1,0,0,1,1,1,0
"1525","unpolitical",0,0,0,0,0,0,0,0,0,0,0,0,0,0,0,0
"1526","unpreaching",0,0,0,0,0,0,0,0,0,0,0,0,0,0,0,0
"1527","unpredictable",0,0,0,0,0,0,0,0,0,0,0,0,0,0,0,0
"1528","unpresuming",0,0,0,0,0,0,0,0,0,0,0,0,0,0,0,0
"1529","unpretending",5,0,0,1,0,0,0,0,1,3,0,0,0,0,0,0
"1530","unpretentious",0,0,0,0,0,0,0,0,0,0,0,0,0,0,0,0
"1531","unprincipled",2,0,0,0,0,0,0,0,0,0,0,0,0,0,1,1
"1532","unproductive",0,0,0,0,0,0,0,0,0,0,0,0,0,0,0,0
"1533","unprogressive",0,0,0,0,0,0,0,0,0,0,0,0,0,0,0,0
"1534","unprovincial",0,0,0,0,0,0,0,0,0,0,0,0,0,0,0,0
"1535","unpunctual",1,0,0,0,0,0,1,0,0,0,0,0,0,0,0,0
"1536","unpurposed",0,0,0,0,0,0,0,0,0,0,0,0,0,0,0,0
"1537","unquestioning",0,0,0,0,0,0,0,0,0,0,0,0,0,0,0,0
"1538","unrealistic",0,0,0,0,0,0,0,0,0,0,0,0,0,0,0,0
"1539","unreasonable",63,2,1,12,5,6,6,3,8,7,3,2,1,3,3,1
"1540","unreasoning",1,0,0,0,0,0,0,0,0,0,0,0,0,1,0,0
"1541","unreceptive",0,0,0,0,0,0,0,0,0,0,0,0,0,0,0,0
"1542","unrefined",0,0,0,0,0,0,0,0,0,0,0,0,0,0,0,0
"1543","unreflective",0,0,0,0,0,0,0,0,0,0,0,0,0,0,0,0
"1544","unreined",0,0,0,0,0,0,0,0,0,0,0,0,0,0,0,0
"1545","unrelaxing",0,0,0,0,0,0,0,0,0,0,0,0,0,0,0,0
"1546","unrelenting",12,1,2,0,2,3,0,1,1,0,0,0,1,0,1,0
"1547","unreliable",0,0,0,0,0,0,0,0,0,0,0,0,0,0,0,0
"1548","unreligious",0,0,0,0,0,0,0,0,0,0,0,0,0,0,0,0
"1549","unrepressible",0,0,0,0,0,0,0,0,0,0,0,0,0,0,0,0
"1550","unreproachful",0,0,0,0,0,0,0,0,0,0,0,0,0,0,0,0
"1551","unreserved",7,1,1,3,0,1,0,0,1,0,0,0,0,0,0,0
"1552","unrespectful",0,0,0,0,0,0,0,0,0,0,0,0,0,0,0,0
"1553","unresponsive",2,0,1,0,0,1,0,0,0,0,0,0,0,0,0,0
"1554","unresting",0,0,0,0,0,0,0,0,0,0,0,0,0,0,0,0
"1555","unrestrainable",1,0,0,0,0,0,0,0,1,0,0,0,0,0,0,0
"1556","unrestrained",5,0,1,1,1,0,0,0,1,0,0,1,0,0,0,0
"1557","unrevealing",0,0,0,0,0,0,0,0,0,0,0,0,0,0,0,0
"1558","unrevengeful",0,0,0,0,0,0,0,0,0,0,0,0,0,0,0,0
"1559","unromantic",0,0,0,0,0,0,0,0,0,0,0,0,0,0,0,0
"1560","unrude",0,0,0,0,0,0,0,0,0,0,0,0,0,0,0,0
"1561","unruly",1,1,0,0,0,0,0,0,0,0,0,0,0,0,0,0
"1562","unsaintly",0,0,0,0,0,0,0,0,0,0,0,0,0,0,0,0
"1563","unsatisfiable",0,0,0,0,0,0,0,0,0,0,0,0,0,0,0,0
"1564","unsceptical",0,0,0,0,0,0,0,0,0,0,0,0,0,0,0,0
"1565","unscholarly",0,0,0,0,0,0,0,0,0,0,0,0,0,0,0,0
"1566","unschooled",0,0,0,0,0,0,0,0,0,0,0,0,0,0,0,0
"1567","unscornful",0,0,0,0,0,0,0,0,0,0,0,0,0,0,0,0
"1568","unscrupulous",4,1,0,1,1,0,1,0,0,0,0,0,0,0,0,0
"1569","unsearching",0,0,0,0,0,0,0,0,0,0,0,0,0,0,0,0
"1570","unselfconscious",0,0,0,0,0,0,0,0,0,0,0,0,0,0,0,0
"1571","unselfish",14,2,0,2,0,1,0,0,3,2,0,0,0,4,0,0
"1572","unsentimental",1,0,0,0,0,0,0,0,0,0,0,0,1,0,0,0
"1573","unsevere",0,0,0,0,0,0,0,0,0,0,0,0,0,0,0,0
"1574","unshakalile",0,0,0,0,0,0,0,0,0,0,0,0,0,0,0,0
"1575","unshrinking",0,0,0,0,0,0,0,0,0,0,0,0,0,0,0,0
"1576","unshy",0,0,0,0,0,0,0,0,0,0,0,0,0,0,0,0
"1577","unskeptical",0,0,0,0,0,0,0,0,0,0,0,0,0,0,0,0
"1578","unsly",0,0,0,0,0,0,0,0,0,0,0,0,0,0,0,0
"1579","unsmiling",0,0,0,0,0,0,0,0,0,0,0,0,0,0,0,0
"1580","unsociable",2,0,1,0,0,0,0,0,0,0,0,0,0,1,0,0
"1581","unsocial",1,0,0,0,0,0,0,0,0,1,0,0,0,0,0,0
"1582","unsolemn",0,0,0,0,0,0,0,0,0,0,0,0,0,0,0,0
"1583","unsolicitous",0,0,0,0,0,0,0,0,0,0,0,0,0,0,0,0
"1584","unsophisticated",4,0,0,0,0,0,0,0,0,0,0,2,0,0,1,1
"1585","unsparkling",0,0,0,0,0,0,0,0,0,0,0,0,0,0,0,0
"1586","unspeaking",0,0,0,0,0,0,0,0,0,0,0,0,0,0,0,0
"1587","unspiritual",0,0,0,0,0,0,0,0,0,0,0,0,0,0,0,0
"1588","unspontaneous",0,0,0,0,0,0,0,0,0,0,0,0,0,0,0,0
"1589","unsportsmanlike",1,0,0,0,0,0,0,0,0,0,0,0,0,0,1,0
"1590","unstable",0,0,0,0,0,0,0,0,0,0,0,0,0,0,0,0
"1591","unsteadfast",0,0,0,0,0,0,0,0,0,0,0,0,0,0,0,0
"1592","unstirrable",0,0,0,0,0,0,0,0,0,0,0,0,0,0,0,0
"1593","unstormy",0,0,0,0,0,0,0,0,0,0,0,0,0,0,0,0
"1594","unstthduable",0,0,0,0,0,0,0,0,0,0,0,0,0,0,0,0
"1595","unstudious",0,0,0,0,0,0,0,0,0,0,0,0,0,0,0,0
"1596","unsubmissive",0,0,0,0,0,0,0,0,0,0,0,0,0,0,0,0
"1597","unsunny",0,0,0,0,0,0,0,0,0,0,0,0,0,0,0,0
"1598","unsure",0,0,0,0,0,0,0,0,0,0,0,0,0,0,0,0
"1599","unsuspicious",14,1,0,2,0,1,0,0,1,1,1,1,0,0,2,4
"1600","unswayable",0,0,0,0,0,0,0,0,0,0,0,0,0,0,0,0
"1601","unswerving",0,0,0,0,0,0,0,0,0,0,0,0,0,0,0,0
"1602","unsympathetic",5,0,0,0,0,1,0,0,1,0,1,0,0,2,0,0
"1603","unsystematic",0,0,0,0,0,0,0,0,0,0,0,0,0,0,0,0
"1604","untalkative",0,0,0,0,0,0,0,0,0,0,0,0,0,0,0,0
"1605","untamable",0,0,0,0,0,0,0,0,0,0,0,0,0,0,0,0
"1606","untasteful",0,0,0,0,0,0,0,0,0,0,0,0,0,0,0,0
"1607","untaught",2,0,0,0,0,0,1,0,0,0,0,0,0,0,0,1
"1608","unteachable",0,0,0,0,0,0,0,0,0,0,0,0,0,0,0,0
"1609","untemptable",0,0,0,0,0,0,0,0,0,0,0,0,0,0,0,0
"1610","untender",0,0,0,0,0,0,0,0,0,0,0,0,0,0,0,0
"1611","untheatrical",0,0,0,0,0,0,0,0,0,0,0,0,0,0,0,0
"1612","unthinking",2,0,1,0,0,0,0,0,0,1,0,0,0,0,0,0
"1613","unthorough",0,0,0,0,0,0,0,0,0,0,0,0,0,0,0,0
"1614","unthrifty",0,0,0,0,0,0,0,0,0,0,0,0,0,0,0,0
"1615","untidy",4,0,0,2,1,0,0,0,0,0,0,0,1,0,0,0
"1616","untiring",10,1,0,1,1,1,1,1,0,1,0,1,1,0,0,1
"1617","untrained",1,0,0,0,0,0,0,0,0,0,0,0,0,1,0,0
"1618","untransparent",0,0,0,0,0,0,0,0,0,0,0,0,0,0,0,0
"1619","untrustful",0,0,0,0,0,0,0,0,0,0,0,0,0,0,0,0
"1620","untrustworthy",0,0,0,0,0,0,0,0,0,0,0,0,0,0,0,0
"1621","untruthful",0,0,0,0,0,0,0,0,0,0,0,0,0,0,0,0
"1622","untutored",1,0,0,0,0,0,0,0,0,0,0,0,0,1,0,0
"1623","unvacillating",0,0,0,0,0,0,0,0,0,0,0,0,0,0,0,0
"1624","unvain",0,0,0,0,0,0,0,0,0,0,0,0,0,0,0,0
"1625","unvaliant",0,0,0,0,0,0,0,0,0,0,0,0,0,0,0,0
"1626","unvarying",12,0,2,3,0,0,0,0,2,0,0,3,0,2,0,0
"1627","unventurous",0,0,0,0,0,0,0,0,0,0,0,0,0,0,0,0
"1628","unversed",1,0,0,0,0,0,0,0,0,0,0,0,0,1,0,0
"1629","unvigilant",0,0,0,0,0,0,0,0,0,0,0,0,0,0,0,0
"1630","unvigorous",0,0,0,0,0,0,0,0,0,0,0,0,0,0,0,0
"1631","unvindictive",0,0,0,0,0,0,0,0,0,0,0,0,0,0,0,0
"1632","unvisioned",0,0,0,0,0,0,0,0,0,0,0,0,0,0,0,0
"1633","unvocal",0,0,0,0,0,0,0,0,0,0,0,0,0,0,0,0
"1634","unvoluptuous",0,0,0,0,0,0,0,0,0,0,0,0,0,0,0,0
"1635","unwarlike",0,0,0,0,0,0,0,0,0,0,0,0,0,0,0,0
"1636","unwary",4,0,0,2,0,0,0,0,0,1,0,1,0,0,0,0
"1637","unwasteful",0,0,0,0,0,0,0,0,0,0,0,0,0,0,0,0
"1638","unwatchful",0,0,0,0,0,0,0,0,0,0,0,0,0,0,0,0
"1639","unwavering",0,0,0,0,0,0,0,0,0,0,0,0,0,0,0,0
"1640","unwild",0,0,0,0,0,0,0,0,0,0,0,0,0,0,0,0
"1641","unwiliful",0,0,0,0,0,0,0,0,0,0,0,0,0,0,0,0
"1642","unwily",0,0,0,0,0,0,0,0,0,0,0,0,0,0,0,0
"1643","unwise",1,0,0,0,0,1,0,0,0,0,0,0,0,0,0,0
"1644","unwitty",0,0,0,0,0,0,0,0,0,0,0,0,0,0,0,0
"1645","unworldly",4,0,0,1,1,0,0,0,0,2,0,0,0,0,0,0
"1646","unyielding",6,0,1,0,1,1,0,0,1,1,0,0,0,0,0,1
"1647","unzealous",0,0,0,0,0,0,0,0,0,0,0,0,0,0,0,0
"1648","urbane",2,0,0,0,0,0,0,0,1,1,0,0,0,0,0,0
"1649","vague",114,3,10,7,8,17,5,3,10,6,3,9,2,11,6,14
"1650","vain",127,6,13,5,18,10,6,4,11,13,1,13,2,11,10,4
"1651","valiant",4,0,2,0,0,1,0,0,0,1,0,0,0,0,0,0
"1652","valorous",3,0,0,0,0,0,0,0,0,0,0,0,0,0,3,0
"1653","variable",1,0,0,0,1,0,0,0,0,0,0,0,0,0,0,0
"1654","vengeful",1,0,0,0,0,0,0,1,0,0,0,0,0,0,0,0
"1655","venturesome",3,0,0,0,0,1,0,0,0,1,1,0,0,0,0,0
"1656","venturous",1,0,0,0,0,0,0,0,0,0,0,0,0,0,0,1
"1657","verbal",36,1,2,3,2,3,2,0,4,5,0,4,0,2,6,2
"1658","verbose",0,0,0,0,0,0,0,0,0,0,0,0,0,0,0,0
"1659","versatile",1,0,0,0,0,0,0,0,0,0,0,0,0,0,1,0
"1660","vibrant",0,0,0,0,0,0,0,0,0,0,0,0,0,0,0,0
"1661","vigorless",0,0,0,0,0,0,0,0,0,0,0,0,0,0,0,0
"1662","vigorous",53,2,2,4,5,5,2,0,5,8,1,5,5,1,3,5
"1663","vindictive",16,0,0,1,1,2,0,0,1,2,1,2,1,0,5,0
"1664","violent",248,5,14,13,13,22,13,6,16,16,5,51,26,8,28,12
"1665","virile",0,0,0,0,0,0,0,0,0,0,0,0,0,0,0,0
"1666","visionary",18,0,1,0,3,2,2,1,1,1,0,2,1,1,2,1
"1667","vivacious",20,1,1,6,2,1,0,1,4,0,2,1,1,0,0,0
"1668","vivid",27,3,2,0,1,2,2,0,3,3,0,6,4,0,1,0
"1669","vocal",17,0,0,2,0,0,0,1,1,4,1,2,0,1,0,5
"1670","volatile",8,0,0,0,3,0,1,0,0,0,0,2,0,0,2,0
"1671","volcanic",1,0,0,1,0,0,0,0,0,0,0,0,0,0,0,0
"1672","voluptuous",6,1,0,0,0,4,0,0,0,0,0,1,0,0,0,0
"1673","warlike",3,0,0,0,0,0,0,0,0,0,0,0,2,0,1,0
"1674","warm",270,5,19,25,18,25,10,3,15,23,8,33,13,16,29,28
"1675","warmhearted",0,0,0,0,0,0,0,0,0,0,0,0,0,0,0,0
"1676","warmthless",0,0,0,0,0,0,0,0,0,0,0,0,0,0,0,0
"1677","wary",19,2,0,2,2,1,0,1,1,1,0,0,2,3,3,1
"1678","wasteful",4,0,0,1,1,0,0,0,0,1,0,0,0,0,0,1
"1679","weak-hearted",0,0,0,0,0,0,0,0,0,0,0,0,0,0,0,0
"1680","weak-kneed",0,0,0,0,0,0,0,0,0,0,0,0,0,0,0,0
"1681","weak-spirited",0,0,0,0,0,0,0,0,0,0,0,0,0,0,0,0
"1682","weariless",0,0,0,0,0,0,0,0,0,0,0,0,0,0,0,0
"1683","weepy",0,0,0,0,0,0,0,0,0,0,0,0,0,0,0,0
"1684","well-mannered",0,0,0,0,0,0,0,0,0,0,0,0,0,0,0,0
"1685","well-read",0,0,0,0,0,0,0,0,0,0,0,0,0,0,0,0
"1686","well-spoken",0,0,0,0,0,0,0,0,0,0,0,0,0,0,0,0
"1687","whimsical",26,0,3,3,1,4,0,0,2,4,2,1,0,4,0,2
"1688","whiny",0,0,0,0,0,0,0,0,0,0,0,0,0,0,0,0
"1689","wide-awake",0,0,0,0,0,0,0,0,0,0,0,0,0,0,0,0
"1690","wild",346,22,32,29,37,41,17,11,22,24,12,22,13,18,22,24
"1691","willful",3,0,0,0,0,0,0,0,0,3,0,0,0,0,0,0
"1692","wily",8,0,1,0,0,0,0,0,0,0,0,2,2,1,2,0
"1693","wise",138,4,19,7,11,10,3,1,16,12,5,8,6,15,14,7
"1694","wishful",8,0,0,2,0,0,1,0,5,0,0,0,0,0,0,0
"1695","wishy-washy",0,0,0,0,0,0,0,0,0,0,0,0,0,0,0,0
"1696","withdrawing",0,0,0,0,0,0,0,0,0,0,0,0,0,0,0,0
"1697","withdrawn",0,0,0,0,0,0,0,0,0,0,0,0,0,0,0,0
"1698","witless",0,0,0,0,0,0,0,0,0,0,0,0,0,0,0,0
"1699","witty",5,0,0,0,0,0,0,0,0,2,0,3,0,0,0,0
"1700","womanly",29,1,0,3,1,5,2,3,5,1,2,1,1,3,1,0
"1701","wordy",0,0,0,0,0,0,0,0,0,0,0,0,0,0,0,0
"1702","world-weary",0,0,0,0,0,0,0,0,0,0,0,0,0,0,0,0
"1703","worldly",84,4,3,12,11,10,3,0,9,10,0,9,2,4,6,1
"1704","worldly-minded",0,0,0,0,0,0,0,0,0,0,0,0,0,0,0,0
"1705","worldly-wise",0,0,0,0,0,0,0,0,0,0,0,0,0,0,0,0
"1706","worriless",0,0,0,0,0,0,0,0,0,0,0,0,0,0,0,0
"1707","worrying",2,0,0,1,0,0,0,0,0,0,0,0,0,0,1,0
"1708","worshipful",3,0,0,0,0,2,0,0,0,0,0,0,0,0,1,0
"1709","zany",0,0,0,0,0,0,0,0,0,0,0,0,0,0,0,0
"1710","zealless",0,0,0,0,0,0,0,0,0,0,0,0,0,0,0,0
"1711","zealous",36,2,2,6,1,5,1,1,1,6,0,5,2,1,3,0
"1712","zestful",0,0,0,0,0,0,0,0,0,0,0,0,0,0,0,0
