"","Words","count.present","A Tale of Two Cities","Barnaby Rudge","Bleak House","David Copperfield","Dombey and Son","Great Expectations","Hard Times","Little Dorrit","Martin Chuzzlewit","Mystery of Edwin Drood","Nicholas Nickleby","Oliver Twist","Our Mutual Friend","Pickwick","The Old Curiosity Shop"
"1","certain",771,26,46,59,68,58,44,14,72,99,26,46,19,110,33,51
"2","quiet",711,31,63,81,66,44,39,28,63,49,17,46,30,58,42,54
"3","cold",613,22,38,47,32,70,36,12,35,45,17,54,54,32,65,54
"4","bright",529,21,46,52,48,59,25,8,50,48,24,19,14,47,33,35
"5","natural",488,19,29,61,48,50,25,13,44,50,11,37,4,42,25,30
"6","silent",463,16,44,29,44,53,14,9,32,50,15,36,28,35,21,37
"7","deep",460,19,38,27,28,63,13,7,23,56,10,34,33,38,37,34
"8","pleasant",444,11,25,52,43,25,20,7,30,70,6,43,14,22,43,33
"9","proud",357,5,24,25,35,80,23,7,37,27,8,31,10,21,19,5
"10","anxious",332,14,18,33,31,21,12,9,29,28,3,40,23,18,27,26
"11","original",322,17,40,9,13,37,2,2,44,5,5,41,2,41,8,56
"12","loud",307,13,29,10,9,11,5,7,17,21,2,62,32,6,70,13
"13","curious",302,10,12,54,24,21,21,9,32,25,10,14,8,19,28,15
"14","dull",287,7,30,23,30,30,13,3,28,24,7,28,10,18,4,32
"15","wild",285,23,23,21,32,34,15,10,21,19,10,19,12,13,14,19
"16","quick",281,14,19,24,19,33,6,12,31,26,10,23,15,22,7,20
"17","honest",279,18,26,13,17,21,11,7,16,28,5,30,8,46,10,23
"18","gentle",262,9,23,13,28,35,6,6,14,28,3,17,22,12,24,22
"19","distant",242,10,28,27,27,25,13,6,18,22,4,9,8,7,11,27
"20","cheerful",240,5,28,28,30,17,9,6,10,23,3,15,7,17,17,25
"21","warm",233,5,15,22,19,27,9,3,12,16,4,25,11,19,27,19
"22","friendly",219,6,13,22,27,18,9,4,18,18,11,5,6,28,15,19
"23","solemn",216,7,17,10,15,34,4,2,9,29,9,16,10,9,31,14
"24","gracious",214,8,19,18,16,21,5,2,23,35,4,16,7,23,8,9
"25","serious",211,3,12,15,23,15,12,4,12,21,7,36,6,24,14,7
"26","violent",207,6,13,11,9,15,13,3,9,13,5,41,24,7,25,13
"27","narrow",195,10,16,21,14,8,5,7,28,18,5,8,16,11,15,13
"28","vain",188,16,18,10,25,15,10,3,18,14,2,15,5,16,14,7
"29","rough",187,11,21,17,24,13,8,6,14,14,4,9,9,15,12,10
"30","cruel",179,12,18,11,22,17,6,3,17,15,6,18,5,14,4,11
"31","proper",171,4,11,12,6,10,3,6,23,15,0,27,10,7,23,14
"32","moral",170,5,17,7,6,15,4,10,13,34,5,14,4,15,11,10
"33","gloomy",169,11,12,18,8,11,8,1,16,12,8,13,11,17,5,18
"34","careful",160,4,13,18,10,9,7,3,14,11,2,17,6,11,22,13
"35","bold",159,4,33,8,15,20,4,3,6,25,1,11,4,11,8,6
"36","profound",155,5,17,10,10,10,8,3,6,9,2,22,9,5,29,10
"37","humble",153,1,11,7,7,14,5,5,17,17,2,16,7,9,13,22
"38","amiable",151,2,7,20,15,14,4,2,11,14,3,16,6,9,21,7
"39","steady",149,13,14,14,13,20,7,6,14,9,6,7,4,9,9,4
"40","constant",143,2,14,15,11,16,9,1,9,14,2,17,3,3,14,13
"41","tight",137,4,6,17,6,13,7,4,8,16,3,11,9,10,11,12
"42","cool",133,6,13,15,9,6,5,3,9,16,4,11,3,17,8,8
"43","earnest",133,5,15,11,18,17,0,4,8,9,1,9,9,8,7,12
"44","merry",133,1,16,8,11,6,0,0,2,24,2,19,9,6,15,14
"45","lively",130,1,8,5,14,13,6,0,10,26,3,8,7,10,18,1
"46","simple",125,4,5,15,12,17,4,4,8,25,0,7,5,5,3,11
"47","loving",123,8,6,18,27,19,1,5,14,4,2,4,1,12,0,2
"48","fierce",121,10,14,3,7,13,10,1,6,8,1,6,10,9,19,4
"49","foolish",121,3,11,10,17,5,3,2,8,9,2,20,4,8,10,9
"50","restless",121,9,12,12,11,11,4,2,6,11,5,10,2,8,11,7
"51","coarse",116,8,9,6,4,9,18,3,8,11,1,17,4,6,7,5
"52","smart",107,0,6,3,2,9,5,0,4,15,2,12,5,13,24,7
"53","calm",106,6,2,4,15,14,5,1,14,12,1,3,6,4,10,9
"54","mild",106,0,10,7,11,20,2,3,7,21,3,3,1,5,1,12
"55","active",104,3,14,18,5,8,1,1,11,7,2,11,5,7,5,6
"56","hasty",104,1,10,12,9,6,1,1,5,13,3,18,6,3,8,8
"57","jolly",104,0,5,3,1,1,18,1,1,16,4,5,4,21,13,11
"58","clever",103,0,4,7,7,4,2,1,34,6,0,12,13,4,6,3
"59","generous",103,2,3,10,12,12,3,0,17,7,7,7,4,16,1,2
"60","wise",103,3,14,6,12,6,2,2,11,8,4,5,4,11,11,4
"61","bitter",102,5,9,6,8,11,6,1,5,12,3,16,7,6,2,5
"62","childish",102,0,3,13,20,20,4,3,5,6,5,4,2,8,4,5
"63","timid",99,7,7,8,11,15,0,2,10,7,2,6,2,9,2,11
"64","genteel",98,1,5,9,15,14,1,2,12,7,3,15,1,4,2,7
"65","stern",96,3,8,8,11,14,3,4,11,4,2,6,2,11,8,1
"66","hearty",95,0,14,7,8,1,1,0,3,9,1,18,7,5,16,5
"67","fearful",94,7,11,6,6,4,5,1,6,5,3,8,7,5,10,10
"68","cunning",93,1,6,4,6,3,2,3,0,10,1,17,8,8,11,13
"69","kind",92,0,1,3,16,14,1,3,8,13,1,14,2,5,1,10
"70","severe",91,1,4,9,8,11,4,1,11,13,1,12,1,8,6,1
"71","eager",90,5,7,8,7,11,4,2,2,6,1,8,9,6,6,8
"72","vague",90,3,7,6,6,13,5,3,8,4,3,5,1,8,6,12
"73","confused",88,6,2,10,7,12,5,1,7,5,8,6,4,7,6,2
"74","exact",88,3,4,8,6,10,7,5,6,4,3,4,4,12,4,8
"75","polite",88,4,1,10,8,10,6,1,11,7,4,5,2,13,2,4
"76","nervous",86,2,3,2,11,7,7,2,4,8,3,13,5,6,12,1
"77","jealous",85,0,1,5,9,10,3,0,9,8,0,16,1,11,5,7
"78","capable",84,5,1,13,11,9,4,2,7,7,2,5,3,10,1,4
"79","awkward",81,1,4,5,6,4,1,1,5,10,4,17,2,6,12,3
"80","social",81,3,6,3,5,9,4,5,10,12,2,3,0,12,3,4
"81","careless",79,5,9,6,3,6,2,2,7,10,2,9,2,8,3,5
"82","faithful",79,3,3,19,3,6,3,2,12,4,0,8,4,6,2,4
"83","modest",79,2,3,5,13,7,2,3,8,7,4,4,2,12,2,5
"84","ignorant",78,7,6,2,7,6,9,4,8,6,3,8,2,6,3,1
"85","graceful",75,0,7,6,0,10,3,4,9,6,3,10,1,6,5,5
"86","worldly",74,3,1,13,10,8,4,0,12,6,0,5,1,6,5,0
"87","selfish",70,1,1,9,10,5,0,2,5,14,1,6,2,9,2,3
"88","sloppy",70,0,0,0,1,0,0,0,0,0,0,1,0,67,0,1
"89","stable",67,2,18,4,4,4,2,2,2,4,0,6,0,3,7,9
"90","direct",62,6,3,5,2,6,5,3,9,7,2,3,1,6,2,2
"91","emphatic",61,3,1,6,1,11,3,0,4,1,0,5,1,14,9,2
"92","intimate",60,4,4,3,3,7,2,0,7,3,0,5,2,9,7,4
"93","intense",59,1,3,7,2,1,0,1,3,6,1,8,7,2,17,0
"94","peaceful",59,3,3,7,4,5,1,1,7,7,0,5,4,5,3,4
"95","devilish",58,0,2,2,3,17,1,5,2,7,2,5,1,3,4,4
"96","strict",57,3,5,4,2,1,5,1,3,6,2,7,2,8,4,4
"97","elegant",56,0,3,8,3,6,3,1,5,2,1,12,1,5,5,1
"98","brisk",55,2,9,2,4,2,0,0,4,9,4,3,1,8,6,1
"99","gallant",55,1,8,2,7,5,1,0,6,6,1,5,2,8,1,2
"100","sullen",54,1,11,3,6,8,1,1,5,4,1,2,3,4,3,1
"101","haughty",53,1,3,6,2,20,2,0,5,3,0,2,3,1,5,0
"102","noisy",51,0,9,2,0,3,1,2,4,6,1,7,4,2,2,8
"103","placid",50,1,3,6,8,2,6,0,3,4,0,1,0,2,11,3
"104","vigorous",50,2,1,4,5,5,2,0,5,7,1,3,5,2,3,5
"105","cautious",48,4,5,1,0,9,2,1,3,4,0,3,2,4,4,6
"106","fiery",48,0,3,4,4,3,1,3,3,13,2,3,0,4,3,2
"107","musical",48,2,2,13,3,4,2,0,3,3,5,4,2,2,2,1
"108","prudent",48,0,6,6,3,2,2,0,6,6,2,3,4,0,2,6
"109","punctual",46,0,1,5,5,5,3,1,1,4,1,7,1,7,5,0
"110","cordial",45,1,3,6,7,3,2,1,5,6,1,3,0,1,3,3
"111","rigid",45,0,4,4,5,6,0,2,6,3,1,4,4,4,1,1
"112","frank",44,0,6,4,3,9,2,1,4,5,2,2,2,1,2,1
"113","shy",44,1,1,9,5,2,1,1,7,4,2,0,0,8,0,3
"114","literary",43,0,0,0,0,1,0,0,0,5,0,12,1,21,2,1
"115","civil",41,0,6,3,5,2,0,1,5,5,2,4,3,2,2,1
"116","surly",41,0,4,1,1,0,1,0,2,6,0,0,5,7,12,2
"117","discreet",40,2,1,3,3,4,1,2,0,3,1,3,2,12,1,2
"118","gruff",40,3,4,3,2,8,3,0,1,4,1,4,1,2,2,2
"119","playful",39,0,1,5,2,1,2,0,1,9,0,4,2,8,3,1
"120","abrupt",38,3,2,2,5,2,1,1,2,1,2,3,2,3,2,7
"121","harsh",38,4,4,3,2,4,0,0,1,4,0,9,0,1,4,2
"122","precise",38,1,1,1,0,3,2,0,5,5,1,2,5,2,10,0
"123","serene",38,2,1,3,4,8,2,1,5,4,2,0,0,2,3,1
"124","shrewd",38,3,1,5,0,5,0,1,3,9,1,1,2,3,2,2
"125","animated",37,3,0,2,1,4,2,0,2,5,2,3,1,3,8,1
"126","daring",37,1,10,1,2,5,2,1,4,1,2,0,0,4,2,2
"127","dutiful",37,2,0,5,2,6,0,1,3,9,1,1,1,4,1,1
"128","formal",37,2,1,3,5,6,1,1,3,2,2,1,1,4,3,2
"129","lazy",37,1,4,0,10,1,1,0,0,4,1,4,2,1,4,4
"130","sunny",37,4,2,3,6,5,1,3,3,1,0,2,0,4,1,2
"131","live",36,3,3,2,2,2,3,0,0,4,3,1,1,7,5,0
"132","fervent",35,3,1,3,6,4,1,0,2,2,0,3,2,3,1,4
"133","moderate",35,3,1,4,2,2,3,0,1,7,3,1,1,2,3,2
"134","pious",35,0,2,1,4,1,1,1,4,10,1,3,0,4,2,1
"135","sly",35,1,3,2,0,5,1,0,3,1,0,3,4,4,4,4
"136","tough",35,0,3,5,1,12,1,1,3,4,0,1,0,2,1,1
"137","greedy",34,3,2,4,2,1,3,3,0,3,1,3,0,7,1,1
"138","affable",33,0,2,6,2,4,1,0,8,2,1,1,0,3,3,0
"139","insolent",33,2,0,2,0,2,0,0,8,1,1,6,2,5,2,2
"140","languid",33,0,3,6,2,2,0,1,1,5,0,4,1,5,1,2
"141","rude",33,0,6,2,3,2,2,1,1,4,0,1,1,3,3,4
"142","verbal",32,1,0,3,2,2,3,0,4,5,0,4,0,2,4,2
"143","negative",31,1,2,2,1,5,2,0,5,4,1,0,1,3,2,2
"144","reckless",31,1,8,0,0,4,5,0,1,2,0,2,1,5,1,1
"145","genial",30,1,2,8,1,4,1,0,2,4,2,1,0,3,0,1
"146","inward",30,2,1,7,2,4,2,0,3,2,0,1,2,0,4,0
"147","scornful",30,0,2,2,1,3,3,1,3,4,0,3,1,5,1,1
"148","blunt",29,1,3,1,1,6,2,0,3,2,0,1,3,4,1,1
"149","dainty",29,2,1,2,0,7,0,0,3,1,1,5,1,1,3,2
"150","eloquent",29,1,0,10,2,2,0,0,0,5,1,0,0,1,5,2
"151","meek",29,0,1,2,2,5,2,1,1,4,0,2,0,8,1,0
"152","sulky",29,0,0,3,1,2,6,5,0,4,0,2,1,1,3,1
"153","clumsy",28,2,4,2,1,1,3,0,5,3,0,1,0,5,1,0
"154","contrary",28,0,1,3,14,1,0,1,2,0,1,0,1,2,2,0
"155","manly",28,0,4,3,2,1,1,0,2,5,1,3,0,3,1,2
"156","merciful",28,4,1,0,1,1,2,1,4,3,0,2,1,4,2,2
"157","bashful",27,0,0,2,3,1,1,0,7,4,0,1,1,1,4,2
"158","thorough",27,2,6,2,1,3,0,1,2,2,0,3,1,4,0,0
"159","womanly",27,0,0,3,1,4,1,3,5,1,2,1,1,4,1,0
"160","courtly",26,3,3,6,1,2,0,0,7,2,2,0,0,0,0,0
"161","stormy",26,1,2,0,6,4,3,0,2,2,0,1,0,4,1,0
"162","zealous",26,1,2,5,1,3,1,0,1,5,0,3,1,0,3,0
"163","doleful",25,3,1,1,4,2,2,1,6,2,1,1,0,1,0,0
"164","orderly",25,1,1,3,7,3,1,0,0,1,3,0,0,5,0,0
"165","rugged",25,2,2,2,4,3,0,2,3,2,1,0,0,0,1,3
"166","sincere",25,1,3,1,5,4,1,1,3,1,1,1,0,0,1,2
"167","unkind",25,1,2,2,2,5,1,3,3,0,1,1,1,1,1,1
"168","abstract",24,0,7,1,3,0,0,0,1,1,0,5,0,0,2,4
"169","boyish",24,0,1,2,4,3,4,0,0,1,1,3,0,3,1,1
"170","accurate",23,1,0,1,1,2,1,1,4,3,2,2,1,1,3,0
"171","aloof",23,0,7,3,1,1,0,0,3,4,0,0,1,2,1,0
"172","firm",23,0,2,4,5,1,2,0,1,2,2,2,1,1,0,0
"173","mature",23,1,0,1,2,2,0,1,1,1,0,1,1,11,0,1
"174","rational",23,0,3,1,3,5,0,1,1,5,0,1,1,1,1,0
"175","critical",22,0,2,1,1,1,2,0,0,0,1,2,3,3,3,3
"176","defiant",22,0,0,3,3,5,1,4,1,2,0,0,0,3,0,0
"177","vivid",22,2,1,0,1,2,2,0,4,2,0,3,4,0,1,0
"178","casual",21,2,1,1,2,1,0,0,2,1,0,1,0,6,3,1
"179","juvenile",21,0,0,2,2,6,1,1,0,1,0,4,2,0,2,0
"180","uncouth",21,0,3,2,0,0,0,0,0,1,1,5,1,0,3,5
"181","bland",20,0,2,2,2,2,0,0,1,4,1,0,0,3,3,0
"182","candid",20,0,3,5,0,0,0,1,1,4,2,0,0,2,1,1
"183","dreamy",20,0,2,0,3,1,1,1,4,4,1,2,0,0,0,1
"184","impudent",20,0,0,0,3,2,0,0,1,1,1,2,1,4,4,1
"185","prompt",20,0,0,3,1,2,0,0,1,2,1,4,3,0,3,0
"186","shallow",20,0,3,2,1,0,1,0,3,2,1,0,1,4,1,1
"187","maternal",19,1,0,2,0,1,0,0,4,0,0,3,0,5,3,0
"188","polished",19,1,4,0,3,1,0,0,6,3,0,0,0,0,1,0
"189","chaste",18,1,2,1,0,1,0,2,1,2,1,2,3,0,1,1
"190","heedless",18,1,2,1,1,1,0,2,1,2,2,0,2,1,1,1
"191","humorous",18,0,0,0,0,2,0,0,1,2,1,2,1,0,7,2
"192","speedy",18,0,1,3,0,0,0,0,2,2,0,1,3,0,3,3
"193","tame",18,1,3,0,0,4,2,0,2,2,1,0,0,0,1,2
"194","boastful",17,3,0,1,1,0,0,1,1,2,0,1,0,5,1,1
"195","earthy",17,0,1,2,1,3,2,0,0,1,3,0,0,1,2,1
"196","envious",17,0,1,1,1,1,2,0,0,1,1,3,0,2,1,3
"197","jovial",17,0,3,0,1,2,0,0,0,4,0,3,0,1,2,1
"198","lifeless",17,1,3,3,1,1,1,0,0,0,0,3,2,0,2,0
"199","literal",17,0,0,5,1,0,0,0,2,2,0,2,0,4,0,1
"200","wary",17,2,0,2,2,1,0,1,0,1,0,0,2,3,2,1
"201","definite",16,2,1,3,2,1,2,0,0,1,1,1,0,1,1,0
"202","fanciful",16,0,1,0,3,1,0,2,4,1,0,0,0,4,0,0
"203","feminine",16,1,1,1,0,1,1,0,0,1,2,1,1,4,1,1
"204","forcible",16,2,3,1,0,1,0,0,2,2,1,0,0,0,1,3
"205","patient",16,0,2,3,1,0,0,4,0,0,1,3,0,2,0,0
"206","pensive",16,1,0,0,1,6,0,0,0,2,0,2,0,2,0,2
"207","sour",16,0,1,1,0,1,3,1,1,3,0,1,0,1,1,2
"208","crafty",15,0,4,0,2,2,0,0,2,0,0,1,1,1,0,2
"209","dogged",15,2,2,1,0,1,1,0,0,2,0,2,2,0,2,0
"210","explicit",15,2,2,3,0,0,1,0,2,0,0,1,1,2,1,0
"211","frugal",15,1,1,2,0,3,0,0,0,1,0,4,0,1,1,1
"212","lavish",15,0,3,1,0,1,4,0,0,2,1,1,0,1,1,0
"213","servile",15,0,1,1,1,0,2,1,1,4,2,0,0,1,1,0
"214","spiteful",15,0,0,0,0,0,1,0,1,3,0,2,0,4,1,3
"215","tidy",15,0,1,4,1,1,0,1,0,1,0,2,1,3,0,0
"216","humane",14,1,0,3,0,0,0,0,1,2,0,0,4,0,2,1
"217","passive",14,0,1,0,2,0,0,1,1,2,1,1,0,1,2,2
"218","rash",14,0,1,2,1,3,1,0,0,2,0,2,0,1,1,0
"219","sultry",14,2,1,2,0,0,0,2,1,2,0,0,1,2,0,1
"220","peevish",13,1,1,0,0,2,0,1,1,3,0,3,1,0,0,0
"221","sluggish",13,0,1,0,1,1,2,0,2,0,0,3,0,2,0,1
"222","spirited",13,0,0,0,0,2,0,1,4,0,1,1,1,0,2,1
"223","studious",13,4,0,2,1,2,0,0,0,0,2,0,0,1,1,0
"224","brutal",12,0,1,1,1,1,3,0,0,2,0,1,0,0,2,0
"225","heroic",12,0,0,0,1,0,0,0,0,0,0,3,1,3,4,0
"226","ironical",12,0,1,0,0,0,0,0,1,3,0,1,3,3,0,0
"227","morbid",12,0,1,0,1,1,0,0,2,2,1,0,0,3,1,0
"228","morose",12,1,0,2,2,0,2,0,0,0,0,1,0,1,2,1
"229","reserved",12,1,0,0,0,1,1,3,2,0,0,0,0,3,1,0
"230","vocal",12,0,0,1,0,0,0,1,1,3,1,0,0,1,0,4
"231","angelic",11,0,2,0,1,5,0,0,1,1,0,1,0,0,0,0
"232","cowardly",11,0,2,0,0,0,1,0,0,1,0,3,3,1,0,0
"233","girlish",11,1,0,1,3,2,0,0,1,2,0,0,0,0,1,0
"234","poetic",11,0,0,0,0,0,1,0,0,0,0,2,0,0,7,1
"235","affected",10,0,0,0,2,1,0,0,0,0,0,2,1,0,4,0
"236","hardened",10,0,0,2,0,0,1,1,0,0,0,2,1,2,1,0
"237","moody",10,1,0,0,2,1,1,0,1,0,1,0,0,1,1,1
"238","pompous",10,0,0,0,0,2,0,0,1,2,0,1,0,1,2,1
"239","timorous",10,1,1,0,1,0,0,0,2,0,0,1,0,1,2,1
"240","untidy",10,1,0,3,2,0,0,0,1,0,1,1,1,0,0,0
"241","alert",9,1,1,1,0,2,0,0,0,0,0,0,0,4,0,0
"242","coherent",9,0,0,2,0,2,1,0,2,1,0,0,0,0,1,0
"243","loyal",9,1,2,1,1,0,0,0,0,0,2,0,0,0,2,0
"244","miserly",9,0,0,1,0,0,1,0,0,0,1,0,0,6,0,0
"245","prim",9,0,0,0,0,0,0,0,0,1,0,0,0,0,8,0
"246","roguish",9,0,3,0,1,0,0,0,0,2,0,0,0,0,2,1
"247","sedate",9,0,0,0,2,1,0,0,1,0,1,0,0,0,4,0
"248","cherubic",8,0,0,0,0,0,0,0,0,0,0,0,0,8,0,0
"249","covetous",8,0,0,0,0,3,0,0,0,2,0,1,1,1,0,0
"250","decisive",8,0,0,1,1,1,1,0,0,0,0,2,1,0,1,0
"251","derisive",8,0,0,0,1,2,0,0,1,1,0,1,0,1,0,1
"252","diligent",8,0,0,3,1,2,0,0,1,0,0,0,0,0,0,1
"253","jocular",8,0,0,1,1,1,0,3,1,0,0,1,0,0,0,0
"254","lenient",8,0,0,1,0,2,0,0,1,3,1,0,0,0,0,0
"255","logical",8,0,1,0,1,1,1,0,0,2,0,1,0,1,0,0
"256","lucid",8,0,0,0,1,0,1,0,4,0,0,2,0,0,0,0
"257","petty",8,0,1,1,1,0,0,0,0,0,0,1,1,0,1,2
"258","wily",8,0,1,0,0,0,0,0,0,1,0,1,2,1,2,0
"259","amicable",7,0,0,2,0,1,0,0,0,2,1,1,0,0,0,0
"260","amorous",7,0,1,0,0,0,0,0,0,0,0,3,1,0,1,1
"261","buoyant",7,0,0,0,0,0,0,1,0,1,0,3,0,1,1,0
"262","chatty",7,0,0,2,0,1,0,1,0,1,0,1,0,1,0,0
"263","fickle",7,0,1,1,1,1,0,0,0,0,0,2,0,1,0,0
"264","fretful",7,0,0,0,3,1,1,0,0,0,0,2,0,0,0,0
"265","hostile",7,1,0,1,0,0,0,1,0,1,0,1,0,0,2,0
"266","inhuman",7,0,0,0,0,0,0,2,0,0,0,1,1,1,2,0
"267","showy",7,0,0,0,0,0,1,0,3,1,0,0,0,1,0,1
"268","slovenly",7,0,0,0,0,1,1,0,0,0,1,2,0,0,2,0
"269","sociable",7,0,0,1,0,3,1,0,0,1,0,0,0,1,0,0
"270","tender",7,1,1,2,0,2,0,0,1,0,0,0,0,0,0,0
"271","tense",7,0,0,0,0,0,1,3,1,1,0,0,0,1,0,0
"272","untiring",7,1,0,1,1,1,1,0,0,0,0,1,0,0,0,1
"273","wishful",7,0,0,2,0,0,1,0,4,0,0,0,0,0,0,0
"274","abusive",6,0,0,1,1,0,0,1,0,0,0,0,0,2,1,0
"275","breezy",6,0,1,0,0,0,0,0,0,2,2,0,0,0,0,1
"276","careworn",6,0,1,1,1,1,0,0,0,0,0,1,0,1,0,0
"277","jaunty",6,0,2,0,1,0,0,0,0,1,0,0,0,0,2,0
"278","lusty",6,0,3,1,0,0,0,0,0,0,1,1,0,0,0,0
"279","ruthless",6,1,0,0,2,1,0,0,0,0,0,0,0,1,1,0
"280","stubborn",6,0,0,0,1,2,0,0,1,1,0,0,0,1,0,0
"281","taciturn",6,0,0,0,0,2,0,0,0,2,0,0,0,0,2,0
"282","testy",6,0,1,1,0,0,0,0,1,0,0,0,0,0,3,0
"283","tolerant",6,0,0,0,0,2,0,0,2,2,0,0,0,0,0,0
"284","trustful",6,0,0,1,2,1,0,0,0,1,0,0,0,0,0,1
"285","unfair",6,1,0,1,0,0,1,0,1,1,0,0,1,0,0,0
"286","volatile",6,0,0,0,2,0,1,0,0,1,0,1,0,0,1,0
"287","arrogant",5,0,0,1,0,3,0,1,0,0,0,0,0,0,0,0
"288","artistic",5,0,0,1,1,0,0,0,1,0,1,0,0,1,0,0
"289","evasive",5,0,0,0,0,0,0,0,0,2,0,1,1,1,0,0
"290","exacting",5,0,0,0,0,1,0,0,0,1,1,0,0,2,0,0
"291","fidgety",5,0,0,3,0,0,0,0,1,0,0,0,0,0,0,1
"292","glib",5,0,0,1,0,0,0,0,0,1,0,0,0,2,0,1
"293","impious",5,0,1,0,1,0,0,0,1,0,0,1,1,0,0,0
"294","indirect",5,0,0,0,0,0,0,0,1,0,1,1,0,1,1,0
"295","obliging",5,0,0,1,0,0,2,0,0,0,0,0,0,0,2,0
"296","pliant",5,0,1,0,2,0,0,0,0,0,0,0,0,0,1,1
"297","profane",5,0,2,0,0,0,0,0,0,0,0,0,1,1,1,0
"298","refined",5,1,1,1,0,0,1,1,0,0,0,0,0,0,0,0
"299","scheming",5,0,0,0,0,1,0,0,1,0,0,0,1,2,0,0
"300","stalwart",5,1,1,3,0,0,0,0,0,0,0,0,0,0,0,0
"301","truthful",5,0,2,0,1,0,0,0,0,1,0,0,0,1,0,0
"302","unerring",5,0,1,1,0,0,0,1,0,0,0,1,0,0,1,0
"303","unmanly",5,0,0,0,0,0,0,0,0,0,0,2,0,1,2,0
"304","unpolite",5,0,1,2,0,0,0,0,0,0,0,0,0,1,1,0
"305","warlike",5,0,1,0,0,1,0,0,0,0,0,1,1,0,1,0
"306","complex",4,0,1,1,0,0,0,0,0,0,0,0,0,1,1,0
"307","demure",4,0,1,1,1,1,0,0,0,0,0,0,0,0,0,0
"308","devout",4,0,2,0,0,0,0,0,0,1,0,0,0,1,0,0
"309","docile",4,1,0,0,0,1,0,0,0,0,0,1,0,0,0,1
"310","dominant",4,1,0,0,1,1,1,0,0,0,0,0,0,0,0,0
"311","flighty",4,0,0,0,1,0,1,0,0,0,0,2,0,0,0,0
"312","helpful",4,2,0,0,1,0,0,0,0,0,0,0,0,1,0,0
"313","lukewarm",4,0,0,0,1,0,0,0,1,0,0,1,0,0,0,1
"314","magnetic",4,0,0,0,0,1,0,0,0,1,0,1,0,1,0,0
"315","mutinous",4,1,0,0,0,0,0,0,0,0,0,0,0,3,0,0
"316","reliable",4,0,0,1,0,1,1,0,1,0,0,0,0,0,0,0
"317","saintly",4,1,0,0,0,0,0,0,0,3,0,0,0,0,0,0
"318","shrewish",4,0,1,0,0,0,0,0,0,1,0,0,0,0,0,2
"319","austere",3,0,0,1,0,1,0,0,1,0,0,0,0,0,0,0
"320","bristly",3,0,0,0,0,1,0,0,0,0,0,1,0,0,1,0
"321","callous",3,0,0,1,0,1,1,0,0,0,0,0,0,0,0,0
"322","caustic",3,0,0,0,0,0,0,1,1,1,0,0,0,0,0,0
"323","cavalier",3,1,0,0,0,0,0,0,0,0,0,0,0,2,0,0
"324","concise",3,0,0,1,0,0,0,0,0,0,0,0,1,0,0,1
"325","cranky",3,0,0,0,1,0,0,0,0,0,0,0,0,0,0,2
"326","devious",3,0,0,1,0,0,0,0,0,1,0,0,1,0,0,0
"327","flexible",3,0,0,0,0,0,0,0,0,2,0,0,0,0,0,1
"328","forward",3,0,0,1,1,1,0,0,0,0,0,0,0,0,0,0
"329","impish",3,0,0,0,0,0,0,0,0,0,1,0,0,1,0,1
"330","informal",3,0,0,0,0,0,0,0,2,1,0,0,0,0,0,0
"331","just",3,1,0,0,1,0,0,0,0,0,0,1,0,0,0,0
"332","knavish",3,1,0,0,1,0,0,0,0,0,1,0,0,0,0,0
"333","mirthful",3,0,1,1,0,0,0,0,0,0,0,0,0,0,0,1
"334","pert",3,0,0,0,0,0,0,0,0,0,0,0,0,2,1,0
"335","sensual",3,0,0,0,0,2,0,0,0,0,0,0,0,1,0,0
"336","tasteful",3,0,0,0,1,1,0,1,0,0,0,0,0,0,0,0
"337","unwary",3,0,0,2,0,0,0,0,0,1,0,0,0,0,0,0
"338","valorous",3,0,0,0,0,0,0,0,0,0,0,0,0,0,3,0
"339","witty",3,0,0,0,0,0,0,0,0,1,0,2,0,0,0,0
"340","boorish",2,0,0,0,1,0,1,0,0,0,0,0,0,0,0,0
"341","coy",2,0,0,0,0,0,0,0,0,1,1,0,0,0,0,0
"342","grumpy",2,0,0,0,2,0,0,0,0,0,0,0,0,0,0,0
"343","heedful",2,1,0,0,0,0,1,0,0,0,0,0,0,0,0,0
"344","lawless",2,1,0,0,1,0,0,0,0,0,0,0,0,0,0,0
"345","lax",2,0,0,1,0,0,0,0,0,1,0,0,0,0,0,0
"346","saucy",2,0,0,0,0,2,0,0,0,0,0,0,0,0,0,0
"347","twitchy",2,0,0,0,0,0,2,0,0,0,0,0,0,0,0,0
"348","uncivil",2,0,1,1,0,0,0,0,0,0,0,0,0,0,0,0
"349","urbane",2,0,0,0,0,0,0,0,1,1,0,0,0,0,0,0
"350","valiant",2,0,2,0,0,0,0,0,0,0,0,0,0,0,0,0
"351","wasteful",2,0,0,1,0,0,0,0,0,1,0,0,0,0,0,0
"352","wordy",2,0,0,1,0,1,0,0,0,0,0,0,0,0,0,0
"353","worrying",2,0,0,1,0,0,0,0,0,0,0,0,0,0,1,0
"354","acid",1,0,0,0,0,0,0,0,0,1,0,0,0,0,0,0
"355","aimless",1,0,0,0,0,0,0,0,0,0,1,0,0,0,0,0
"356","bullying",1,0,0,0,0,0,0,0,0,0,0,0,0,1,0,0
"357","canny",1,0,0,0,0,0,0,0,0,0,0,0,0,0,1,0
"358","coercive",1,0,0,1,0,0,0,0,0,0,0,0,0,0,0,0
"359","dapper",1,0,0,0,0,0,0,0,0,0,0,0,0,0,0,1
"360","elusive",1,0,0,0,1,0,0,0,0,0,0,0,0,0,0,0
"361","erratic",1,0,0,0,1,0,0,0,0,0,0,0,0,0,0,0
"362","fearless",1,1,0,0,0,0,0,0,0,0,0,0,0,0,0,0
"363","flippant",1,0,0,0,0,0,0,0,0,0,0,1,0,0,0,0
"364","homespun",1,0,0,0,0,0,0,0,0,1,0,0,0,0,0,0
"365","immature",1,1,0,0,0,0,0,0,0,0,0,0,0,0,0,0
"366","impolite",1,0,0,0,0,0,0,0,0,0,0,0,0,1,0,0
"367","insecure",1,0,1,0,0,0,0,0,0,0,0,0,0,0,0,0
"368","joyless",1,0,0,0,0,0,0,0,0,0,0,0,0,0,1,0
"369","ladylike",1,0,0,0,0,0,0,1,0,0,0,0,0,0,0,0
"370","mundane",1,0,0,0,0,0,0,0,1,0,0,0,0,0,0,0
"371","peppery",1,0,0,0,0,0,0,0,0,1,0,0,0,0,0,0
"372","pitiless",1,0,0,0,0,1,0,0,0,0,0,0,0,0,0,0
"373","pliable",1,0,0,0,0,0,0,0,1,0,0,0,0,0,0,0
"374","rascally",1,0,0,0,0,0,0,0,0,0,0,0,1,0,0,0
"375","reliant",1,0,0,0,1,0,0,0,0,0,0,0,0,0,0,0
"376","rigorous",1,0,0,0,0,0,0,0,1,0,0,0,0,0,0,0
"377","slick",1,0,0,0,0,0,0,0,0,1,0,0,0,0,0,0
"378","stingy",1,0,0,0,0,0,0,0,0,1,0,0,0,0,0,0
"379","sugary",1,0,0,0,0,0,0,0,1,0,0,0,0,0,0,0
"380","touchy",1,0,0,0,0,0,0,0,1,0,0,0,0,0,0,0
"381","unheroic",1,0,0,0,0,0,0,0,1,0,0,0,0,0,0,0
"382","unruly",1,1,0,0,0,0,0,0,0,0,0,0,0,0,0,0
"383","unsocial",1,0,0,0,0,0,0,0,0,1,0,0,0,0,0,0
"384","untaught",1,0,0,0,0,0,1,0,0,0,0,0,0,0,0,0
"385","unversed",1,0,0,0,0,0,0,0,0,0,0,0,0,1,0,0
"386","unwise",1,0,0,0,0,1,0,0,0,0,0,0,0,0,0,0
"387","willful",1,0,0,0,0,0,0,0,0,1,0,0,0,0,0,0
"388","witless",1,0,1,0,0,0,0,0,0,0,0,0,0,0,0,0
"389","absentmi",0,0,0,0,0,0,0,0,0,0,0,0,0,0,0,0
"390","abstinen",0,0,0,0,0,0,0,0,0,0,0,0,0,0,0,0
"391","acceptan",0,0,0,0,0,0,0,0,0,0,0,0,0,0,0,0
"392","accessib",0,0,0,0,0,0,0,0,0,0,0,0,0,0,0,0
"393","accommod",0,0,0,0,0,0,0,0,0,0,0,0,0,0,0,0
"394","accompli",0,0,0,0,0,0,0,0,0,0,0,0,0,0,0,0
"395","acquiesc",0,0,0,0,0,0,0,0,0,0,0,0,0,0,0,0
"396","acquisit",0,0,0,0,0,0,0,0,0,0,0,0,0,0,0,0
"397","adaptabl",0,0,0,0,0,0,0,0,0,0,0,0,0,0,0,0
"398","adaptive",0,0,0,0,0,0,0,0,0,0,0,0,0,0,0,0
"399","adjustab",0,0,0,0,0,0,0,0,0,0,0,0,0,0,0,0
"400","adultero",0,0,0,0,0,0,0,0,0,0,0,0,0,0,0,0
"401","adventur",0,0,0,0,0,0,0,0,0,0,0,0,0,0,0,0
"402","affectio",0,0,0,0,0,0,0,0,0,0,0,0,0,0,0,0
"403","affirmat",0,0,0,0,0,0,0,0,0,0,0,0,0,0,0,0
"404","aggressi",0,0,0,0,0,0,0,0,0,0,0,0,0,0,0,0
"405","agitable",0,0,0,0,0,0,0,0,0,0,0,0,0,0,0,0
"406","agitativ",0,0,0,0,0,0,0,0,0,0,0,0,0,0,0,0
"407","agreeabl",0,0,0,0,0,0,0,0,0,0,0,0,0,0,0,0
"408","aimful",0,0,0,0,0,0,0,0,0,0,0,0,0,0,0,0
"409","alarmabl",0,0,0,0,0,0,0,0,0,0,0,0,0,0,0,0
"410","altruist",0,0,0,0,0,0,0,0,0,0,0,0,0,0,0,0
"411","ambitiou",0,0,0,0,0,0,0,0,0,0,0,0,0,0,0,0
"412","analytic",0,0,0,0,0,0,0,0,0,0,0,0,0,0,0,0
"413","antagoni",0,0,0,0,0,0,0,0,0,0,0,0,0,0,0,0
"414","anticipa",0,0,0,0,0,0,0,0,0,0,0,0,0,0,0,0
"415","antisoci",0,0,0,0,0,0,0,0,0,0,0,0,0,0,0,0
"416","apatheti",0,0,0,0,0,0,0,0,0,0,0,0,0,0,0,0
"417","apprecia",0,0,0,0,0,0,0,0,0,0,0,0,0,0,0,0
"418","approach",0,0,0,0,0,0,0,0,0,0,0,0,0,0,0,0
"419","arbitrar",0,0,0,0,0,0,0,0,0,0,0,0,0,0,0,0
"420","arbitrat",0,0,0,0,0,0,0,0,0,0,0,0,0,0,0,0
"421","argument",0,0,0,0,0,0,0,0,0,0,0,0,0,0,0,0
"422","aristocr",0,0,0,0,0,0,0,0,0,0,0,0,0,0,0,0
"423","articula",0,0,0,0,0,0,0,0,0,0,0,0,0,0,0,0
"424","ascendan",0,0,0,0,0,0,0,0,0,0,0,0,0,0,0,0
"425","asocial",0,0,0,0,0,0,0,0,0,0,0,0,0,0,0,0
"426","assertiv",0,0,0,0,0,0,0,0,0,0,0,0,0,0,0,0
"427","assured",0,0,0,0,0,0,0,0,0,0,0,0,0,0,0,0
"428","astute",0,0,0,0,0,0,0,0,0,0,0,0,0,0,0,0
"429","audaciou",0,0,0,0,0,0,0,0,0,0,0,0,0,0,0,0
"430","authorit",0,0,0,0,0,0,0,0,0,0,0,0,0,0,0,0
"431","autocrat",0,0,0,0,0,0,0,0,0,0,0,0,0,0,0,0
"432","autonomo",0,0,0,0,0,0,0,0,0,0,0,0,0,0,0,0
"433","aweless",0,0,0,0,0,0,0,0,0,0,0,0,0,0,0,0
"434","balky",0,0,0,0,0,0,0,0,0,0,0,0,0,0,0,0
"435","belliger",0,0,0,0,0,0,0,0,0,0,0,0,0,0,0,0
"436","bendable",0,0,0,0,0,0,0,0,0,0,0,0,0,0,0,0
"437","benefice",0,0,0,0,0,0,0,0,0,0,0,0,0,0,0,0
"438","benevole",0,0,0,0,0,0,0,0,0,0,0,0,0,0,0,0
"439","biased",0,0,0,0,0,0,0,0,0,0,0,0,0,0,0,0
"440","bigheade",0,0,0,0,0,0,0,0,0,0,0,0,0,0,0,0
"441","bigheart",0,0,0,0,0,0,0,0,0,0,0,0,0,0,0,0
"442","bigmouth",0,0,0,0,0,0,0,0,0,0,0,0,0,0,0,0
"443","bigoted",0,0,0,0,0,0,0,0,0,0,0,0,0,0,0,0
"444","blase",0,0,0,0,0,0,0,0,0,0,0,0,0,0,0,0
"445","blasphem",0,0,0,0,0,0,0,0,0,0,0,0,0,0,0,0
"446","bluntwit",0,0,0,0,0,0,0,0,0,0,0,0,0,0,0,0
"447","blustery",0,0,0,0,0,0,0,0,0,0,0,0,0,0,0,0
"448","boastles",0,0,0,0,0,0,0,0,0,0,0,0,0,0,0,0
"449","boistero",0,0,0,0,0,0,0,0,0,0,0,0,0,0,0,0
"450","bookish",0,0,0,0,0,0,0,0,0,0,0,0,0,0,0,0
"451","bossy",0,0,0,0,0,0,0,0,0,0,0,0,0,0,0,0
"452","bountifu",0,0,0,0,0,0,0,0,0,0,0,0,0,0,0,0
"453","brainy",0,0,0,0,0,0,0,0,0,0,0,0,0,0,0,0
"454","brash",0,0,0,0,0,0,0,0,0,0,0,0,0,0,0,0
"455","brave",0,0,0,0,0,0,0,0,0,0,0,0,0,0,0,0
"456","brawlsom",0,0,0,0,0,0,0,0,0,0,0,0,0,0,0,0
"457","brazen",0,0,0,0,0,0,0,0,0,0,0,0,0,0,0,0
"458","broadmin",0,0,0,0,0,0,0,0,0,0,0,0,0,0,0,0
"459","broadspo",0,0,0,0,0,0,0,0,0,0,0,0,0,0,0,0
"460","broody",0,0,0,0,0,0,0,0,0,0,0,0,0,0,0,0
"461","brusque",0,0,0,0,0,0,0,0,0,0,0,0,0,0,0,0
"462","bubbly",0,0,0,0,0,0,0,0,0,0,0,0,0,0,0,0
"463","bullhead",0,0,0,0,0,0,0,0,0,0,0,0,0,0,0,0
"464","bullish",0,0,0,0,0,0,0,0,0,0,0,0,0,0,0,0
"465","business",0,0,0,0,0,0,0,0,0,0,0,0,0,0,0,0
"466","busyish",0,0,0,0,0,0,0,0,0,0,0,0,0,0,0,0
"467","cagy",0,0,0,0,0,0,0,0,0,0,0,0,0,0,0,0
"468","calculab",0,0,0,0,0,0,0,0,0,0,0,0,0,0,0,0
"469","calculat",0,0,0,0,0,0,0,0,0,0,0,0,0,0,0,0
"470","cantanke",0,0,0,0,0,0,0,0,0,0,0,0,0,0,0,0
"471","capricio",0,0,0,0,0,0,0,0,0,0,0,0,0,0,0,0
"472","carefree",0,0,0,0,0,0,0,0,0,0,0,0,0,0,0,0
"473","catty",0,0,0,0,0,0,0,0,0,0,0,0,0,0,0,0
"474","censoria",0,0,0,0,0,0,0,0,0,0,0,0,0,0,0,0
"475","cerebral",0,0,0,0,0,0,0,0,0,0,0,0,0,0,0,0
"476","ceremoni",0,0,0,0,0,0,0,0,0,0,0,0,0,0,0,0
"477","changeab",0,0,0,0,0,0,0,0,0,0,0,0,0,0,0,0
"478","changele",0,0,0,0,0,0,0,0,0,0,0,0,0,0,0,0
"479","charitab",0,0,0,0,0,0,0,0,0,0,0,0,0,0,0,0
"480","chic",0,0,0,0,0,0,0,0,0,0,0,0,0,0,0,0
"481","childlik",0,0,0,0,0,0,0,0,0,0,0,0,0,0,0,0
"482","chipper",0,0,0,0,0,0,0,0,0,0,0,0,0,0,0,0
"483","chitchat",0,0,0,0,0,0,0,0,0,0,0,0,0,0,0,0
"484","chivalro",0,0,0,0,0,0,0,0,0,0,0,0,0,0,0,0
"485","choosy",0,0,0,0,0,0,0,0,0,0,0,0,0,0,0,0
"486","circumsp",0,0,0,0,0,0,0,0,0,0,0,0,0,0,0,0
"487","civilize",0,0,0,0,0,0,0,0,0,0,0,0,0,0,0,0
"488","clairvoy",0,0,0,0,0,0,0,0,0,0,0,0,0,0,0,0
"489","clannish",0,0,0,0,0,0,0,0,0,0,0,0,0,0,0,0
"490","clearcut",0,0,0,0,0,0,0,0,0,0,0,0,0,0,0,0
"491","clearhea",0,0,0,0,0,0,0,0,0,0,0,0,0,0,0,0
"492","clearsig",0,0,0,0,0,0,0,0,0,0,0,0,0,0,0,0
"493","clearthi",0,0,0,0,0,0,0,0,0,0,0,0,0,0,0,0
"494","clingy",0,0,0,0,0,0,0,0,0,0,0,0,0,0,0,0
"495","cliquish",0,0,0,0,0,0,0,0,0,0,0,0,0,0,0,0
"496","closedmi",0,0,0,0,0,0,0,0,0,0,0,0,0,0,0,0
"497","closefis",0,0,0,0,0,0,0,0,0,0,0,0,0,0,0,0
"498","closemou",0,0,0,0,0,0,0,0,0,0,0,0,0,0,0,0
"499","clownish",0,0,0,0,0,0,0,0,0,0,0,0,0,0,0,0
"500","cocky",0,0,0,0,0,0,0,0,0,0,0,0,0,0,0,0
"501","coldhear",0,0,0,0,0,0,0,0,0,0,0,0,0,0,0,0
"502","combativ",0,0,0,0,0,0,0,0,0,0,0,0,0,0,0,0
"503","communic",0,0,0,0,0,0,0,0,0,0,0,0,0,0,0,0
"504","companio",0,0,0,0,0,0,0,0,0,0,0,0,0,0,0,0
"505","compassl",0,0,0,0,0,0,0,0,0,0,0,0,0,0,0,0
"506","compasst",0,0,0,0,0,0,0,0,0,0,0,0,0,0,0,0
"507","competit",0,0,0,0,0,0,0,0,0,0,0,0,0,0,0,0
"508","complace",0,0,0,0,0,0,0,0,0,0,0,0,0,0,0,0
"509","complain",0,0,0,0,0,0,0,0,0,0,0,0,0,0,0,0
"510","complais",0,0,0,0,0,0,0,0,0,0,0,0,0,0,0,0
"511","complian",0,0,0,0,0,0,0,0,0,0,0,0,0,0,0,0
"512","complica",0,0,0,0,0,0,0,0,0,0,0,0,0,0,0,0
"513","complime",0,0,0,0,0,0,0,0,0,0,0,0,0,0,0,0
"514","compulsi",0,0,0,0,0,0,0,0,0,0,0,0,0,0,0,0
"515","comradel",0,0,0,0,0,0,0,0,0,0,0,0,0,0,0,0
"516","conceite",0,0,0,0,0,0,0,0,0,0,0,0,0,0,0,0
"517","conceitl",0,0,0,0,0,0,0,0,0,0,0,0,0,0,0,0
"518","concilia",0,0,0,0,0,0,0,0,0,0,0,0,0,0,0,0
"519","condesce",0,0,0,0,0,0,0,0,0,0,0,0,0,0,0,0
"520","confiden",0,0,0,0,0,0,0,0,0,0,0,0,0,0,0,0
"521","confusab",0,0,0,0,0,0,0,0,0,0,0,0,0,0,0,0
"522","congenia",0,0,0,0,0,0,0,0,0,0,0,0,0,0,0,0
"523","consciel",0,0,0,0,0,0,0,0,0,0,0,0,0,0,0,0
"524","consciet",0,0,0,0,0,0,0,0,0,0,0,0,0,0,0,0
"525","conserva",0,0,0,0,0,0,0,0,0,0,0,0,0,0,0,0
"526","consider",0,0,0,0,0,0,0,0,0,0,0,0,0,0,0,0
"527","consiste",0,0,0,0,0,0,0,0,0,0,0,0,0,0,0,0
"528","consolat",0,0,0,0,0,0,0,0,0,0,0,0,0,0,0,0
"529","constrai",0,0,0,0,0,0,0,0,0,0,0,0,0,0,0,0
"530","construc",0,0,0,0,0,0,0,0,0,0,0,0,0,0,0,0
"531","contempl",0,0,0,0,0,0,0,0,0,0,0,0,0,0,0,0
"532","contente",0,0,0,0,0,0,0,0,0,0,0,0,0,0,0,0
"533","contrads",0,0,0,0,0,0,0,0,0,0,0,0,0,0,0,0
"534","contrady",0,0,0,0,0,0,0,0,0,0,0,0,0,0,0,0
"535","contrarm",0,0,0,0,0,0,0,0,0,0,0,0,0,0,0,0
"536","controll",0,0,0,0,0,0,0,0,0,0,0,0,0,0,0,0
"537","conventi",0,0,0,0,0,0,0,0,0,0,0,0,0,0,0,0
"538","conversa",0,0,0,0,0,0,0,0,0,0,0,0,0,0,0,0
"539","coolhead",0,0,0,0,0,0,0,0,0,0,0,0,0,0,0,0
"540","cooperat",0,0,0,0,0,0,0,0,0,0,0,0,0,0,0,0
"541","correcti",0,0,0,0,0,0,0,0,0,0,0,0,0,0,0,0
"542","cosmopol",0,0,0,0,0,0,0,0,0,0,0,0,0,0,0,0
"543","counsela",0,0,0,0,0,0,0,0,0,0,0,0,0,0,0,0
"544","courageo",0,0,0,0,0,0,0,0,0,0,0,0,0,0,0,0
"545","courteou",0,0,0,0,0,0,0,0,0,0,0,0,0,0,0,0
"546","crabby",0,0,0,0,0,0,0,0,0,0,0,0,0,0,0,0
"547","creative",0,0,0,0,0,0,0,0,0,0,0,0,0,0,0,0
"548","credulou",0,0,0,0,0,0,0,0,0,0,0,0,0,0,0,0
"549","crotchet",0,0,0,0,0,0,0,0,0,0,0,0,0,0,0,0
"550","crusadin",0,0,0,0,0,0,0,0,0,0,0,0,0,0,0,0
"551","cultivat",0,0,0,0,0,0,0,0,0,0,0,0,0,0,0,0
"552","cultured",0,0,0,0,0,0,0,0,0,0,0,0,0,0,0,0
"553","curt",0,0,0,0,0,0,0,0,0,0,0,0,0,0,0,0
"554","cynical",0,0,0,0,0,0,0,0,0,0,0,0,0,0,0,0
"555","dauntles",0,0,0,0,0,0,0,0,0,0,0,0,0,0,0,0
"556","debonair",0,0,0,0,0,0,0,0,0,0,0,0,0,0,0,0
"557","deceitfu",0,0,0,0,0,0,0,0,0,0,0,0,0,0,0,0
"558","deceivab",0,0,0,0,0,0,0,0,0,0,0,0,0,0,0,0
"559","deceptiv",0,0,0,0,0,0,0,0,0,0,0,0,0,0,0,0
"560","dedicate",0,0,0,0,0,0,0,0,0,0,0,0,0,0,0,0
"561","defensiv",0,0,0,0,0,0,0,0,0,0,0,0,0,0,0,0
"562","delibera",0,0,0,0,0,0,0,0,0,0,0,0,0,0,0,0
"563","deliberv",0,0,0,0,0,0,0,0,0,0,0,0,0,0,0,0
"564","demandin",0,0,0,0,0,0,0,0,0,0,0,0,0,0,0,0
"565","democrat",0,0,0,0,0,0,0,0,0,0,0,0,0,0,0,0
"566","demonstr",0,0,0,0,0,0,0,0,0,0,0,0,0,0,0,0
"567","dependab",0,0,0,0,0,0,0,0,0,0,0,0,0,0,0,0
"568","dependen",0,0,0,0,0,0,0,0,0,0,0,0,0,0,0,0
"569","derogato",0,0,0,0,0,0,0,0,0,0,0,0,0,0,0,0
"570","designfu",0,0,0,0,0,0,0,0,0,0,0,0,0,0,0,0
"571","desponde",0,0,0,0,0,0,0,0,0,0,0,0,0,0,0,0
"572","destruct",0,0,0,0,0,0,0,0,0,0,0,0,0,0,0,0
"573","detached",0,0,0,0,0,0,0,0,0,0,0,0,0,0,0,0
"574","determin",0,0,0,0,0,0,0,0,0,0,0,0,0,0,0,0
"575","devilmay",0,0,0,0,0,0,0,0,0,0,0,0,0,0,0,0
"576","dictator",0,0,0,0,0,0,0,0,0,0,0,0,0,0,0,0
"577","dignifie",0,0,0,0,0,0,0,0,0,0,0,0,0,0,0,0
"578","digressi",0,0,0,0,0,0,0,0,0,0,0,0,0,0,0,0
"579","diplomat",0,0,0,0,0,0,0,0,0,0,0,0,0,0,0,0
"580","discerni",0,0,0,0,0,0,0,0,0,0,0,0,0,0,0,0
"581","discoura",0,0,0,0,0,0,0,0,0,0,0,0,0,0,0,0
"582","discourt",0,0,0,0,0,0,0,0,0,0,0,0,0,0,0,0
"583","discrimi",0,0,0,0,0,0,0,0,0,0,0,0,0,0,0,0
"584","disdainf",0,0,0,0,0,0,0,0,0,0,0,0,0,0,0,0
"585","disguisl",0,0,0,0,0,0,0,0,0,0,0,0,0,0,0,0
"586","dishones",0,0,0,0,0,0,0,0,0,0,0,0,0,0,0,0
"587","disoblig",0,0,0,0,0,0,0,0,0,0,0,0,0,0,0,0
"588","disorder",0,0,0,0,0,0,0,0,0,0,0,0,0,0,0,0
"589","disorgan",0,0,0,0,0,0,0,0,0,0,0,0,0,0,0,0
"590","dispassi",0,0,0,0,0,0,0,0,0,0,0,0,0,0,0,0
"591","disregar",0,0,0,0,0,0,0,0,0,0,0,0,0,0,0,0
"592","disrespe",0,0,0,0,0,0,0,0,0,0,0,0,0,0,0,0
"593","disrupti",0,0,0,0,0,0,0,0,0,0,0,0,0,0,0,0
"594","dissatis",0,0,0,0,0,0,0,0,0,0,0,0,0,0,0,0
"595","dissensu",0,0,0,0,0,0,0,0,0,0,0,0,0,0,0,0
"596","dissocia",0,0,0,0,0,0,0,0,0,0,0,0,0,0,0,0
"597","distract",0,0,0,0,0,0,0,0,0,0,0,0,0,0,0,0
"598","distrust",0,0,0,0,0,0,0,0,0,0,0,0,0,0,0,0
"599","divertib",0,0,0,0,0,0,0,0,0,0,0,0,0,0,0,0
"600","doctrina",0,0,0,0,0,0,0,0,0,0,0,0,0,0,0,0
"601","dogmatic",0,0,0,0,0,0,0,0,0,0,0,0,0,0,0,0
"602","domineer",0,0,0,0,0,0,0,0,0,0,0,0,0,0,0,0
"603","doublefa",0,0,0,0,0,0,0,0,0,0,0,0,0,0,0,0
"604","doubleto",0,0,0,0,0,0,0,0,0,0,0,0,0,0,0,0
"605","downtoea",0,0,0,0,0,0,0,0,0,0,0,0,0,0,0,0
"606","dullwitt",0,0,0,0,0,0,0,0,0,0,0,0,0,0,0,0
"607","durable",0,0,0,0,0,0,0,0,0,0,0,0,0,0,0,0
"608","dynamic",0,0,0,0,0,0,0,0,0,0,0,0,0,0,0,0
"609","eagleeye",0,0,0,0,0,0,0,0,0,0,0,0,0,0,0,0
"610","earthlym",0,0,0,0,0,0,0,0,0,0,0,0,0,0,0,0
"611","earthlyw",0,0,0,0,0,0,0,0,0,0,0,0,0,0,0,0
"612","easeless",0,0,0,0,0,0,0,0,0,0,0,0,0,0,0,0
"613","easygoin",0,0,0,0,0,0,0,0,0,0,0,0,0,0,0,0
"614","economic",0,0,0,0,0,0,0,0,0,0,0,0,0,0,0,0
"615","educable",0,0,0,0,0,0,0,0,0,0,0,0,0,0,0,0
"616","educated",0,0,0,0,0,0,0,0,0,0,0,0,0,0,0,0
"617","effemina",0,0,0,0,0,0,0,0,0,0,0,0,0,0,0,0
"618","efferves",0,0,0,0,0,0,0,0,0,0,0,0,0,0,0,0
"619","efficien",0,0,0,0,0,0,0,0,0,0,0,0,0,0,0,0
"620","egocentr",0,0,0,0,0,0,0,0,0,0,0,0,0,0,0,0
"621","egotisti",0,0,0,0,0,0,0,0,0,0,0,0,0,0,0,0
"622","elfish",0,0,0,0,0,0,0,0,0,0,0,0,0,0,0,0
"623","embitter",0,0,0,0,0,0,0,0,0,0,0,0,0,0,0,0
"624","emotiona",0,0,0,0,0,0,0,0,0,0,0,0,0,0,0,0
"625","emotionl",0,0,0,0,0,0,0,0,0,0,0,0,0,0,0,0
"626","empathic",0,0,0,0,0,0,0,0,0,0,0,0,0,0,0,0
"627","encyclop",0,0,0,0,0,0,0,0,0,0,0,0,0,0,0,0
"628","energeti",0,0,0,0,0,0,0,0,0,0,0,0,0,0,0,0
"629","enlighte",0,0,0,0,0,0,0,0,0,0,0,0,0,0,0,0
"630","enterpri",0,0,0,0,0,0,0,0,0,0,0,0,0,0,0,0
"631","enthusia",0,0,0,0,0,0,0,0,0,0,0,0,0,0,0,0
"632","equalita",0,0,0,0,0,0,0,0,0,0,0,0,0,0,0,0
"633","ethical",0,0,0,0,0,0,0,0,0,0,0,0,0,0,0,0
"634","evangeli",0,0,0,0,0,0,0,0,0,0,0,0,0,0,0,0
"635","exaggera",0,0,0,0,0,0,0,0,0,0,0,0,0,0,0,0
"636","excessiv",0,0,0,0,0,0,0,0,0,0,0,0,0,0,0,0
"637","excitabl",0,0,0,0,0,0,0,0,0,0,0,0,0,0,0,0
"638","exclusiv",0,0,0,0,0,0,0,0,0,0,0,0,0,0,0,0
"639","exhaustb",0,0,0,0,0,0,0,0,0,0,0,0,0,0,0,0
"640","exhaustv",0,0,0,0,0,0,0,0,0,0,0,0,0,0,0,0
"641","exhibiti",0,0,0,0,0,0,0,0,0,0,0,0,0,0,0,0
"642","expansiv",0,0,0,0,0,0,0,0,0,0,0,0,0,0,0,0
"643","exploita",0,0,0,0,0,0,0,0,0,0,0,0,0,0,0,0
"644","explosiv",0,0,0,0,0,0,0,0,0,0,0,0,0,0,0,0
"645","expressi",0,0,0,0,0,0,0,0,0,0,0,0,0,0,0,0
"646","extravag",0,0,0,0,0,0,0,0,0,0,0,0,0,0,0,0
"647","extrover",0,0,0,0,0,0,0,0,0,0,0,0,0,0,0,0
"648","facetiou",0,0,0,0,0,0,0,0,0,0,0,0,0,0,0,0
"649","factious",0,0,0,0,0,0,0,0,0,0,0,0,0,0,0,0
"650","fainthea",0,0,0,0,0,0,0,0,0,0,0,0,0,0,0,0
"651","fairmind",0,0,0,0,0,0,0,0,0,0,0,0,0,0,0,0
"652","fairnatu",0,0,0,0,0,0,0,0,0,0,0,0,0,0,0,0
"653","falsehea",0,0,0,0,0,0,0,0,0,0,0,0,0,0,0,0
"654","fanatica",0,0,0,0,0,0,0,0,0,0,0,0,0,0,0,0
"655","fancyfre",0,0,0,0,0,0,0,0,0,0,0,0,0,0,0,0
"656","farseein",0,0,0,0,0,0,0,0,0,0,0,0,0,0,0,0
"657","fastidio",0,0,0,0,0,0,0,0,0,0,0,0,0,0,0,0
"658","fatalist",0,0,0,0,0,0,0,0,0,0,0,0,0,0,0,0
"659","fatiguel",0,0,0,0,0,0,0,0,0,0,0,0,0,0,0,0
"660","faultfin",0,0,0,0,0,0,0,0,0,0,0,0,0,0,0,0
"661","feelingf",0,0,0,0,0,0,0,0,0,0,0,0,0,0,0,0
"662","feelingl",0,0,0,0,0,0,0,0,0,0,0,0,0,0,0,0
"663","finicky",0,0,0,0,0,0,0,0,0,0,0,0,0,0,0,0
"664","flamboya",0,0,0,0,0,0,0,0,0,0,0,0,0,0,0,0
"665","flammabl",0,0,0,0,0,0,0,0,0,0,0,0,0,0,0,0
"666","flattera",0,0,0,0,0,0,0,0,0,0,0,0,0,0,0,0
"667","flaunty",0,0,0,0,0,0,0,0,0,0,0,0,0,0,0,0
"668","flirtati",0,0,0,0,0,0,0,0,0,0,0,0,0,0,0,0
"669","fluttery",0,0,0,0,0,0,0,0,0,0,0,0,0,0,0,0
"670","folksy",0,0,0,0,0,0,0,0,0,0,0,0,0,0,0,0
"671","foolhard",0,0,0,0,0,0,0,0,0,0,0,0,0,0,0,0
"672","footloos",0,0,0,0,0,0,0,0,0,0,0,0,0,0,0,0
"673","forbeari",0,0,0,0,0,0,0,0,0,0,0,0,0,0,0,0
"674","forceful",0,0,0,0,0,0,0,0,0,0,0,0,0,0,0,0
"675","forceles",0,0,0,0,0,0,0,0,0,0,0,0,0,0,0,0
"676","foresigh",0,0,0,0,0,0,0,0,0,0,0,0,0,0,0,0
"677","forethou",0,0,0,0,0,0,0,0,0,0,0,0,0,0,0,0
"678","forgetfu",0,0,0,0,0,0,0,0,0,0,0,0,0,0,0,0
"679","forgivin",0,0,0,0,0,0,0,0,0,0,0,0,0,0,0,0
"680","forsigtl",0,0,0,0,0,0,0,0,0,0,0,0,0,0,0,0
"681","forthrig",0,0,0,0,0,0,0,0,0,0,0,0,0,0,0,0
"682","forwardl",0,0,0,0,0,0,0,0,0,0,0,0,0,0,0,0
"683","foulmout",0,0,0,0,0,0,0,0,0,0,0,0,0,0,0,0
"684","foxy",0,0,0,0,0,0,0,0,0,0,0,0,0,0,0,0
"685","fraterna",0,0,0,0,0,0,0,0,0,0,0,0,0,0,0,0
"686","fraudule",0,0,0,0,0,0,0,0,0,0,0,0,0,0,0,0
"687","freelivi",0,0,0,0,0,0,0,0,0,0,0,0,0,0,0,0
"688","freemind",0,0,0,0,0,0,0,0,0,0,0,0,0,0,0,0
"689","freethin",0,0,0,0,0,0,0,0,0,0,0,0,0,0,0,0
"690","fretless",0,0,0,0,0,0,0,0,0,0,0,0,0,0,0,0
"691","frighten",0,0,0,0,0,0,0,0,0,0,0,0,0,0,0,0
"692","frisky",0,0,0,0,0,0,0,0,0,0,0,0,0,0,0,0
"693","frivolou",0,0,0,0,0,0,0,0,0,0,0,0,0,0,0,0
"694","frolicso",0,0,0,0,0,0,0,0,0,0,0,0,0,0,0,0
"695","fussy",0,0,0,0,0,0,0,0,0,0,0,0,0,0,0,0
"696","gabby",0,0,0,0,0,0,0,0,0,0,0,0,0,0,0,0
"697","gentlehe",0,0,0,0,0,0,0,0,0,0,0,0,0,0,0,0
"698","gentlema",0,0,0,0,0,0,0,0,0,0,0,0,0,0,0,0
"699","giving",0,0,0,0,0,0,0,0,0,0,0,0,0,0,0,0
"700","gluttono",0,0,0,0,0,0,0,0,0,0,0,0,0,0,0,0
"701","godfeari",0,0,0,0,0,0,0,0,0,0,0,0,0,0,0,0
"702","godless",0,0,0,0,0,0,0,0,0,0,0,0,0,0,0,0
"703","goodhear",0,0,0,0,0,0,0,0,0,0,0,0,0,0,0,0
"704","goodhumo",0,0,0,0,0,0,0,0,0,0,0,0,0,0,0,0
"705","goodnatu",0,0,0,0,0,0,0,0,0,0,0,0,0,0,0,0
"706","goodtemp",0,0,0,0,0,0,0,0,0,0,0,0,0,0,0,0
"707","gossipy",0,0,0,0,0,0,0,0,0,0,0,0,0,0,0,0
"708","graceles",0,0,0,0,0,0,0,0,0,0,0,0,0,0,0,0
"709","greathea",0,0,0,0,0,0,0,0,0,0,0,0,0,0,0,0
"710","gregario",0,0,0,0,0,0,0,0,0,0,0,0,0,0,0,0
"711","grumbly",0,0,0,0,0,0,0,0,0,0,0,0,0,0,0,0
"712","guileles",0,0,0,0,0,0,0,0,0,0,0,0,0,0,0,0
"713","gullible",0,0,0,0,0,0,0,0,0,0,0,0,0,0,0,0
"714","gushy",0,0,0,0,0,0,0,0,0,0,0,0,0,0,0,0
"715","gutless",0,0,0,0,0,0,0,0,0,0,0,0,0,0,0,0
"716","gutsy",0,0,0,0,0,0,0,0,0,0,0,0,0,0,0,0
"717","haphazar",0,0,0,0,0,0,0,0,0,0,0,0,0,0,0,0
"718","happygol",0,0,0,0,0,0,0,0,0,0,0,0,0,0,0,0
"719","hardhead",0,0,0,0,0,0,0,0,0,0,0,0,0,0,0,0
"720","hardhear",0,0,0,0,0,0,0,0,0,0,0,0,0,0,0,0
"721","hardnose",0,0,0,0,0,0,0,0,0,0,0,0,0,0,0,0
"722","hardshel",0,0,0,0,0,0,0,0,0,0,0,0,0,0,0,0
"723","hardwork",0,0,0,0,0,0,0,0,0,0,0,0,0,0,0,0
"724","headlong",0,0,0,0,0,0,0,0,0,0,0,0,0,0,0,0
"725","headstro",0,0,0,0,0,0,0,0,0,0,0,0,0,0,0,0
"726","heartles",0,0,0,0,0,0,0,0,0,0,0,0,0,0,0,0
"727","hectic",0,0,0,0,0,0,0,0,0,0,0,0,0,0,0,0
"728","heretica",0,0,0,0,0,0,0,0,0,0,0,0,0,0,0,0
"729","hermitis",0,0,0,0,0,0,0,0,0,0,0,0,0,0,0,0
"730","highfalu",0,0,0,0,0,0,0,0,0,0,0,0,0,0,0,0
"731","highhand",0,0,0,0,0,0,0,0,0,0,0,0,0,0,0,0
"732","highmind",0,0,0,0,0,0,0,0,0,0,0,0,0,0,0,0
"733","highprin",0,0,0,0,0,0,0,0,0,0,0,0,0,0,0,0
"734","highspir",0,0,0,0,0,0,0,0,0,0,0,0,0,0,0,0
"735","highstru",0,0,0,0,0,0,0,0,0,0,0,0,0,0,0,0
"736","hitormis",0,0,0,0,0,0,0,0,0,0,0,0,0,0,0,0
"737","hoggish",0,0,0,0,0,0,0,0,0,0,0,0,0,0,0,0
"738","homicida",0,0,0,0,0,0,0,0,0,0,0,0,0,0,0,0
"739","hospitab",0,0,0,0,0,0,0,0,0,0,0,0,0,0,0,0
"740","hotblood",0,0,0,0,0,0,0,0,0,0,0,0,0,0,0,0
"741","hottempe",0,0,0,0,0,0,0,0,0,0,0,0,0,0,0,0
"742","humanita",0,0,0,0,0,0,0,0,0,0,0,0,0,0,0,0
"743","humorles",0,0,0,0,0,0,0,0,0,0,0,0,0,0,0,0
"744","hypercri",0,0,0,0,0,0,0,0,0,0,0,0,0,0,0,0
"745","hypocrit",0,0,0,0,0,0,0,0,0,0,0,0,0,0,0,0
"746","hypsensi",0,0,0,0,0,0,0,0,0,0,0,0,0,0,0,0
"747","hypsensu",0,0,0,0,0,0,0,0,0,0,0,0,0,0,0,0
"748","icy",0,0,0,0,0,0,0,0,0,0,0,0,0,0,0,0
"749","idealist",0,0,0,0,0,0,0,0,0,0,0,0,0,0,0,0
"750","illhumor",0,0,0,0,0,0,0,0,0,0,0,0,0,0,0,0
"751","illitera",0,0,0,0,0,0,0,0,0,0,0,0,0,0,0,0
"752","illmanne",0,0,0,0,0,0,0,0,0,0,0,0,0,0,0,0
"753","illnatur",0,0,0,0,0,0,0,0,0,0,0,0,0,0,0,0
"754","illogica",0,0,0,0,0,0,0,0,0,0,0,0,0,0,0,0
"755","illtempe",0,0,0,0,0,0,0,0,0,0,0,0,0,0,0,0
"756","illwille",0,0,0,0,0,0,0,0,0,0,0,0,0,0,0,0
"757","imaginat",0,0,0,0,0,0,0,0,0,0,0,0,0,0,0,0
"758","imitativ",0,0,0,0,0,0,0,0,0,0,0,0,0,0,0,0
"759","immodera",0,0,0,0,0,0,0,0,0,0,0,0,0,0,0,0
"760","immodest",0,0,0,0,0,0,0,0,0,0,0,0,0,0,0,0
"761","immovabl",0,0,0,0,0,0,0,0,0,0,0,0,0,0,0,0
"762","impartia",0,0,0,0,0,0,0,0,0,0,0,0,0,0,0,0
"763","impassiv",0,0,0,0,0,0,0,0,0,0,0,0,0,0,0,0
"764","impatien",0,0,0,0,0,0,0,0,0,0,0,0,0,0,0,0
"765","impercep",0,0,0,0,0,0,0,0,0,0,0,0,0,0,0,0
"766","imperson",0,0,0,0,0,0,0,0,0,0,0,0,0,0,0,0
"767","impertin",0,0,0,0,0,0,0,0,0,0,0,0,0,0,0,0
"768","impertur",0,0,0,0,0,0,0,0,0,0,0,0,0,0,0,0
"769","impetuou",0,0,0,0,0,0,0,0,0,0,0,0,0,0,0,0
"770","impracti",0,0,0,0,0,0,0,0,0,0,0,0,0,0,0,0
"771","imprecis",0,0,0,0,0,0,0,0,0,0,0,0,0,0,0,0
"772","impresnb",0,0,0,0,0,0,0,0,0,0,0,0,0,0,0,0
"773","impressb",0,0,0,0,0,0,0,0,0,0,0,0,0,0,0,0
"774","impruden",0,0,0,0,0,0,0,0,0,0,0,0,0,0,0,0
"775","impulsiv",0,0,0,0,0,0,0,0,0,0,0,0,0,0,0,0
"776","inaccura",0,0,0,0,0,0,0,0,0,0,0,0,0,0,0,0
"777","inaggres",0,0,0,0,0,0,0,0,0,0,0,0,0,0,0,0
"778","inarticu",0,0,0,0,0,0,0,0,0,0,0,0,0,0,0,0
"779","incautio",0,0,0,0,0,0,0,0,0,0,0,0,0,0,0,0
"780","incoerci",0,0,0,0,0,0,0,0,0,0,0,0,0,0,0,0
"781","incompli",0,0,0,0,0,0,0,0,0,0,0,0,0,0,0,0
"782","inconfid",0,0,0,0,0,0,0,0,0,0,0,0,0,0,0,0
"783","inconfin",0,0,0,0,0,0,0,0,0,0,0,0,0,0,0,0
"784","incongen",0,0,0,0,0,0,0,0,0,0,0,0,0,0,0,0
"785","inconsid",0,0,0,0,0,0,0,0,0,0,0,0,0,0,0,0
"786","inconsis",0,0,0,0,0,0,0,0,0,0,0,0,0,0,0,0
"787","inconsta",0,0,0,0,0,0,0,0,0,0,0,0,0,0,0,0
"788","incontro",0,0,0,0,0,0,0,0,0,0,0,0,0,0,0,0
"789","inconvin",0,0,0,0,0,0,0,0,0,0,0,0,0,0,0,0
"790","incorrtb",0,0,0,0,0,0,0,0,0,0,0,0,0,0,0,0
"791","incorrup",0,0,0,0,0,0,0,0,0,0,0,0,0,0,0,0
"792","incuriou",0,0,0,0,0,0,0,0,0,0,0,0,0,0,0,0
"793","indecisi",0,0,0,0,0,0,0,0,0,0,0,0,0,0,0,0
"794","indefati",0,0,0,0,0,0,0,0,0,0,0,0,0,0,0,0
"795","indefini",0,0,0,0,0,0,0,0,0,0,0,0,0,0,0,0
"796","indelibe",0,0,0,0,0,0,0,0,0,0,0,0,0,0,0,0
"797","indelica",0,0,0,0,0,0,0,0,0,0,0,0,0,0,0,0
"798","independ",0,0,0,0,0,0,0,0,0,0,0,0,0,0,0,0
"799","indestru",0,0,0,0,0,0,0,0,0,0,0,0,0,0,0,0
"800","indiffer",0,0,0,0,0,0,0,0,0,0,0,0,0,0,0,0
"801","indiscre",0,0,0,0,0,0,0,0,0,0,0,0,0,0,0,0
"802","indivert",0,0,0,0,0,0,0,0,0,0,0,0,0,0,0,0
"803","individu",0,0,0,0,0,0,0,0,0,0,0,0,0,0,0,0
"804","indocile",0,0,0,0,0,0,0,0,0,0,0,0,0,0,0,0
"805","indomita",0,0,0,0,0,0,0,0,0,0,0,0,0,0,0,0
"806","indulgen",0,0,0,0,0,0,0,0,0,0,0,0,0,0,0,0
"807","industri",0,0,0,0,0,0,0,0,0,0,0,0,0,0,0,0
"808","ineffici",0,0,0,0,0,0,0,0,0,0,0,0,0,0,0,0
"809","inelegan",0,0,0,0,0,0,0,0,0,0,0,0,0,0,0,0
"810","ineloque",0,0,0,0,0,0,0,0,0,0,0,0,0,0,0,0
"811","inexact",0,0,0,0,0,0,0,0,0,0,0,0,0,0,0,0
"812","inexcita",0,0,0,0,0,0,0,0,0,0,0,0,0,0,0,0
"813","inexhaus",0,0,0,0,0,0,0,0,0,0,0,0,0,0,0,0
"814","inexperi",0,0,0,0,0,0,0,0,0,0,0,0,0,0,0,0
"815","inexplic",0,0,0,0,0,0,0,0,0,0,0,0,0,0,0,0
"816","inexpres",0,0,0,0,0,0,0,0,0,0,0,0,0,0,0,0
"817","inflexib",0,0,0,0,0,0,0,0,0,0,0,0,0,0,0,0
"818","informat",0,0,0,0,0,0,0,0,0,0,0,0,0,0,0,0
"819","informed",0,0,0,0,0,0,0,0,0,0,0,0,0,0,0,0
"820","ingeniou",0,0,0,0,0,0,0,0,0,0,0,0,0,0,0,0
"821","ingenuou",0,0,0,0,0,0,0,0,0,0,0,0,0,0,0,0
"822","ingratia",0,0,0,0,0,0,0,0,0,0,0,0,0,0,0,0
"823","ingratry",0,0,0,0,0,0,0,0,0,0,0,0,0,0,0,0
"824","inharmon",0,0,0,0,0,0,0,0,0,0,0,0,0,0,0,0
"825","inhibite",0,0,0,0,0,0,0,0,0,0,0,0,0,0,0,0
"826","inhospit",0,0,0,0,0,0,0,0,0,0,0,0,0,0,0,0
"827","inhumane",0,0,0,0,0,0,0,0,0,0,0,0,0,0,0,0
"828","inirrita",0,0,0,0,0,0,0,0,0,0,0,0,0,0,0,0
"829","injudici",0,0,0,0,0,0,0,0,0,0,0,0,0,0,0,0
"830","innovati",0,0,0,0,0,0,0,0,0,0,0,0,0,0,0,0
"831","inquirin",0,0,0,0,0,0,0,0,0,0,0,0,0,0,0,0
"832","inquisit",0,0,0,0,0,0,0,0,0,0,0,0,0,0,0,0
"833","inquisto",0,0,0,0,0,0,0,0,0,0,0,0,0,0,0,0
"834","insensit",0,0,0,0,0,0,0,0,0,0,0,0,0,0,0,0
"835","insensuo",0,0,0,0,0,0,0,0,0,0,0,0,0,0,0,0
"836","insightf",0,0,0,0,0,0,0,0,0,0,0,0,0,0,0,0
"837","insincer",0,0,0,0,0,0,0,0,0,0,0,0,0,0,0,0
"838","instruct",0,0,0,0,0,0,0,0,0,0,0,0,0,0,0,0
"839","insubord",0,0,0,0,0,0,0,0,0,0,0,0,0,0,0,0
"840","insuppre",0,0,0,0,0,0,0,0,0,0,0,0,0,0,0,0
"841","intellec",0,0,0,0,0,0,0,0,0,0,0,0,0,0,0,0
"842","intellig",0,0,0,0,0,0,0,0,0,0,0,0,0,0,0,0
"843","intemper",0,0,0,0,0,0,0,0,0,0,0,0,0,0,0,0
"844","intolera",0,0,0,0,0,0,0,0,0,0,0,0,0,0,0,0
"845","intricat",0,0,0,0,0,0,0,0,0,0,0,0,0,0,0,0
"846","introspe",0,0,0,0,0,0,0,0,0,0,0,0,0,0,0,0
"847","introver",0,0,0,0,0,0,0,0,0,0,0,0,0,0,0,0
"848","intrusiv",0,0,0,0,0,0,0,0,0,0,0,0,0,0,0,0
"849","intuitiv",0,0,0,0,0,0,0,0,0,0,0,0,0,0,0,0
"850","invariab",0,0,0,0,0,0,0,0,0,0,0,0,0,0,0,0
"851","inventiv",0,0,0,0,0,0,0,0,0,0,0,0,0,0,0,0
"852","invincib",0,0,0,0,0,0,0,0,0,0,0,0,0,0,0,0
"853","ironhear",0,0,0,0,0,0,0,0,0,0,0,0,0,0,0,0
"854","irration",0,0,0,0,0,0,0,0,0,0,0,0,0,0,0,0
"855","irreform",0,0,0,0,0,0,0,0,0,0,0,0,0,0,0,0
"856","irreligi",0,0,0,0,0,0,0,0,0,0,0,0,0,0,0,0
"857","irrepres",0,0,0,0,0,0,0,0,0,0,0,0,0,0,0,0
"858","irresolu",0,0,0,0,0,0,0,0,0,0,0,0,0,0,0,0
"859","irrespon",0,0,0,0,0,0,0,0,0,0,0,0,0,0,0,0
"860","irrestra",0,0,0,0,0,0,0,0,0,0,0,0,0,0,0,0
"861","irrevere",0,0,0,0,0,0,0,0,0,0,0,0,0,0,0,0
"862","irritabl",0,0,0,0,0,0,0,0,0,0,0,0,0,0,0,0
"863","judiciou",0,0,0,0,0,0,0,0,0,0,0,0,0,0,0,0
"864","kindhear",0,0,0,0,0,0,0,0,0,0,0,0,0,0,0,0
"865","kindly",0,0,0,0,0,0,0,0,0,0,0,0,0,0,0,0
"866","knowital",0,0,0,0,0,0,0,0,0,0,0,0,0,0,0,0
"867","knowledg",0,0,0,0,0,0,0,0,0,0,0,0,0,0,0,0
"868","lackadai",0,0,0,0,0,0,0,0,0,0,0,0,0,0,0,0
"869","lamblike",0,0,0,0,0,0,0,0,0,0,0,0,0,0,0,0
"870","larcenou",0,0,0,0,0,0,0,0,0,0,0,0,0,0,0,0
"871","laughtls",0,0,0,0,0,0,0,0,0,0,0,0,0,0,0,0
"872","lawabidi",0,0,0,0,0,0,0,0,0,0,0,0,0,0,0,0
"873","leadable",0,0,0,0,0,0,0,0,0,0,0,0,0,0,0,0
"874","learned",0,0,0,0,0,0,0,0,0,0,0,0,0,0,0,0
"875","lecherou",0,0,0,0,0,0,0,0,0,0,0,0,0,0,0,0
"876","legalist",0,0,0,0,0,0,0,0,0,0,0,0,0,0,0,0
"877","leisurel",0,0,0,0,0,0,0,0,0,0,0,0,0,0,0,0
"878","leisurls",0,0,0,0,0,0,0,0,0,0,0,0,0,0,0,0
"879","lethargi",0,0,0,0,0,0,0,0,0,0,0,0,0,0,0,0
"880","levelhea",0,0,0,0,0,0,0,0,0,0,0,0,0,0,0,0
"881","lewd",0,0,0,0,0,0,0,0,0,0,0,0,0,0,0,0
"882","lifewear",0,0,0,0,0,0,0,0,0,0,0,0,0,0,0,0
"883","lighthea",0,0,0,0,0,0,0,0,0,0,0,0,0,0,0,0
"884","lionhear",0,0,0,0,0,0,0,0,0,0,0,0,0,0,0,0
"885","literate",0,0,0,0,0,0,0,0,0,0,0,0,0,0,0,0
"886","longsuff",0,0,0,0,0,0,0,0,0,0,0,0,0,0,0,0
"887","longwind",0,0,0,0,0,0,0,0,0,0,0,0,0,0,0,0
"888","looseton",0,0,0,0,0,0,0,0,0,0,0,0,0,0,0,0
"889","loudmout",0,0,0,0,0,0,0,0,0,0,0,0,0,0,0,0
"890","lustful",0,0,0,0,0,0,0,0,0,0,0,0,0,0,0,0
"891","lustless",0,0,0,0,0,0,0,0,0,0,0,0,0,0,0,0
"892","magister",0,0,0,0,0,0,0,0,0,0,0,0,0,0,0,0
"893","magnamin",0,0,0,0,0,0,0,0,0,0,0,0,0,0,0,0
"894","malevole",0,0,0,0,0,0,0,0,0,0,0,0,0,0,0,0
"895","maliciou",0,0,0,0,0,0,0,0,0,0,0,0,0,0,0,0
"896","malleabl",0,0,0,0,0,0,0,0,0,0,0,0,0,0,0,0
"897","manipula",0,0,0,0,0,0,0,0,0,0,0,0,0,0,0,0
"898","manipulb",0,0,0,0,0,0,0,0,0,0,0,0,0,0,0,0
"899","mannerls",0,0,0,0,0,0,0,0,0,0,0,0,0,0,0,0
"900","mannerly",0,0,0,0,0,0,0,0,0,0,0,0,0,0,0,0
"901","manyside",0,0,0,0,0,0,0,0,0,0,0,0,0,0,0,0
"902","masculin",0,0,0,0,0,0,0,0,0,0,0,0,0,0,0,0
"903","masochis",0,0,0,0,0,0,0,0,0,0,0,0,0,0,0,0
"904","material",0,0,0,0,0,0,0,0,0,0,0,0,0,0,0,0
"905","matterof",0,0,0,0,0,0,0,0,0,0,0,0,0,0,0,0
"906","mechanis",0,0,0,0,0,0,0,0,0,0,0,0,0,0,0,0
"907","meddleso",0,0,0,0,0,0,0,0,0,0,0,0,0,0,0,0
"908","meditati",0,0,0,0,0,0,0,0,0,0,0,0,0,0,0,0
"909","melancho",0,0,0,0,0,0,0,0,0,0,0,0,0,0,0,0
"910","melodram",0,0,0,0,0,0,0,0,0,0,0,0,0,0,0,0
"911","mercenar",0,0,0,0,0,0,0,0,0,0,0,0,0,0,0,0
"912","merciles",0,0,0,0,0,0,0,0,0,0,0,0,0,0,0,0
"913","messy",0,0,0,0,0,0,0,0,0,0,0,0,0,0,0,0
"914","methodic",0,0,0,0,0,0,0,0,0,0,0,0,0,0,0,0
"915","meticulo",0,0,0,0,0,0,0,0,0,0,0,0,0,0,0,0
"916","mildhear",0,0,0,0,0,0,0,0,0,0,0,0,0,0,0,0
"917","militant",0,0,0,0,0,0,0,0,0,0,0,0,0,0,0,0
"918","ministra",0,0,0,0,0,0,0,0,0,0,0,0,0,0,0,0
"919","mirthles",0,0,0,0,0,0,0,0,0,0,0,0,0,0,0,0
"920","mischiev",0,0,0,0,0,0,0,0,0,0,0,0,0,0,0,0
"921","misleada",0,0,0,0,0,0,0,0,0,0,0,0,0,0,0,0
"922","mistrust",0,0,0,0,0,0,0,0,0,0,0,0,0,0,0,0
"923","moldable",0,0,0,0,0,0,0,0,0,0,0,0,0,0,0,0
"924","monosyll",0,0,0,0,0,0,0,0,0,0,0,0,0,0,0,0
"925","moralist",0,0,0,0,0,0,0,0,0,0,0,0,0,0,0,0
"926","moralizi",0,0,0,0,0,0,0,0,0,0,0,0,0,0,0,0
"927","mousy",0,0,0,0,0,0,0,0,0,0,0,0,0,0,0,0
"928","muddlehe",0,0,0,0,0,0,0,0,0,0,0,0,0,0,0,0
"929","mulish",0,0,0,0,0,0,0,0,0,0,0,0,0,0,0,0
"930","murderou",0,0,0,0,0,0,0,0,0,0,0,0,0,0,0,0
"931","mushy",0,0,0,0,0,0,0,0,0,0,0,0,0,0,0,0
"932","mussy",0,0,0,0,0,0,0,0,0,0,0,0,0,0,0,0
"933","mystical",0,0,0,0,0,0,0,0,0,0,0,0,0,0,0,0
"934","nagging",0,0,0,0,0,0,0,0,0,0,0,0,0,0,0,0
"935","naive",0,0,0,0,0,0,0,0,0,0,0,0,0,0,0,0
"936","narrowmi",0,0,0,0,0,0,0,0,0,0,0,0,0,0,0,0
"937","negativi",0,0,0,0,0,0,0,0,0,0,0,0,0,0,0,0
"938","neglectf",0,0,0,0,0,0,0,0,0,0,0,0,0,0,0,0
"939","negligen",0,0,0,0,0,0,0,0,0,0,0,0,0,0,0,0
"940","neighbor",0,0,0,0,0,0,0,0,0,0,0,0,0,0,0,0
"941","nervy",0,0,0,0,0,0,0,0,0,0,0,0,0,0,0,0
"942","niggardl",0,0,0,0,0,0,0,0,0,0,0,0,0,0,0,0
"943","nimblewi",0,0,0,0,0,0,0,0,0,0,0,0,0,0,0,0
"944","nonbelli",0,0,0,0,0,0,0,0,0,0,0,0,0,0,0,0
"945","nonchala",0,0,0,0,0,0,0,0,0,0,0,0,0,0,0,0
"946","noncoerc",0,0,0,0,0,0,0,0,0,0,0,0,0,0,0,0
"947","noncompl",0,0,0,0,0,0,0,0,0,0,0,0,0,0,0,0
"948","nonconfo",0,0,0,0,0,0,0,0,0,0,0,0,0,0,0,0
"949","nonegoti",0,0,0,0,0,0,0,0,0,0,0,0,0,0,0,0
"950","nonexplo",0,0,0,0,0,0,0,0,0,0,0,0,0,0,0,0
"951","nonhosti",0,0,0,0,0,0,0,0,0,0,0,0,0,0,0,0
"952","nonimita",0,0,0,0,0,0,0,0,0,0,0,0,0,0,0,0
"953","noninter",0,0,0,0,0,0,0,0,0,0,0,0,0,0,0,0
"954","nonirrit",0,0,0,0,0,0,0,0,0,0,0,0,0,0,0,0
"955","nonpersi",0,0,0,0,0,0,0,0,0,0,0,0,0,0,0,0
"956","nonratio",0,0,0,0,0,0,0,0,0,0,0,0,0,0,0,0
"957","nonrelig",0,0,0,0,0,0,0,0,0,0,0,0,0,0,0,0
"958","nonrigid",0,0,0,0,0,0,0,0,0,0,0,0,0,0,0,0
"959","nonspiri",0,0,0,0,0,0,0,0,0,0,0,0,0,0,0,0
"960","nonunder",0,0,0,0,0,0,0,0,0,0,0,0,0,0,0,0
"961","nonvaria",0,0,0,0,0,0,0,0,0,0,0,0,0,0,0,0
"962","nonvocal",0,0,0,0,0,0,0,0,0,0,0,0,0,0,0,0
"963","nonvolat",0,0,0,0,0,0,0,0,0,0,0,0,0,0,0,0
"964","nosey",0,0,0,0,0,0,0,0,0,0,0,0,0,0,0,0
"965","objectiv",0,0,0,0,0,0,0,0,0,0,0,0,0,0,0,0
"966","observan",0,0,0,0,0,0,0,0,0,0,0,0,0,0,0,0
"967","obsessiv",0,0,0,0,0,0,0,0,0,0,0,0,0,0,0,0
"968","obstinat",0,0,0,0,0,0,0,0,0,0,0,0,0,0,0,0
"969","obtrusiv",0,0,0,0,0,0,0,0,0,0,0,0,0,0,0,0
"970","oldfashi",0,0,0,0,0,0,0,0,0,0,0,0,0,0,0,0
"971","onesided",0,0,0,0,0,0,0,0,0,0,0,0,0,0,0,0
"972","openhear",0,0,0,0,0,0,0,0,0,0,0,0,0,0,0,0
"973","openmind",0,0,0,0,0,0,0,0,0,0,0,0,0,0,0,0
"974","opiniona",0,0,0,0,0,0,0,0,0,0,0,0,0,0,0,0
"975","opportun",0,0,0,0,0,0,0,0,0,0,0,0,0,0,0,0
"976","optimist",0,0,0,0,0,0,0,0,0,0,0,0,0,0,0,0
"977","organize",0,0,0,0,0,0,0,0,0,0,0,0,0,0,0,0
"978","ornery",0,0,0,0,0,0,0,0,0,0,0,0,0,0,0,0
"979","ostentat",0,0,0,0,0,0,0,0,0,0,0,0,0,0,0,0
"980","otherwor",0,0,0,0,0,0,0,0,0,0,0,0,0,0,0,0
"981","outgoing",0,0,0,0,0,0,0,0,0,0,0,0,0,0,0,0
"982","outspoke",0,0,0,0,0,0,0,0,0,0,0,0,0,0,0,0
"983","ovactive",0,0,0,0,0,0,0,0,0,0,0,0,0,0,0,0
"984","ovambiti",0,0,0,0,0,0,0,0,0,0,0,0,0,0,0,0
"985","ovbearin",0,0,0,0,0,0,0,0,0,0,0,0,0,0,0,0
"986","ovbitter",0,0,0,0,0,0,0,0,0,0,0,0,0,0,0,0
"987","ovbold",0,0,0,0,0,0,0,0,0,0,0,0,0,0,0,0
"988","ovbookis",0,0,0,0,0,0,0,0,0,0,0,0,0,0,0,0
"989","ovbrave",0,0,0,0,0,0,0,0,0,0,0,0,0,0,0,0
"990","ovbusy",0,0,0,0,0,0,0,0,0,0,0,0,0,0,0,0
"991","ovcarefu",0,0,0,0,0,0,0,0,0,0,0,0,0,0,0,0
"992","ovcaring",0,0,0,0,0,0,0,0,0,0,0,0,0,0,0,0
"993","ovcasual",0,0,0,0,0,0,0,0,0,0,0,0,0,0,0,0
"994","ovcautio",0,0,0,0,0,0,0,0,0,0,0,0,0,0,0,0
"995","ovcharit",0,0,0,0,0,0,0,0,0,0,0,0,0,0,0,0
"996","ovconfid",0,0,0,0,0,0,0,0,0,0,0,0,0,0,0,0
"997","ovconsci",0,0,0,0,0,0,0,0,0,0,0,0,0,0,0,0
"998","ovcredul",0,0,0,0,0,0,0,0,0,0,0,0,0,0,0,0
"999","ovcritic",0,0,0,0,0,0,0,0,0,0,0,0,0,0,0,0
"1000","ovcunnin",0,0,0,0,0,0,0,0,0,0,0,0,0,0,0,0
"1001","ovcuriou",0,0,0,0,0,0,0,0,0,0,0,0,0,0,0,0
"1002","ovdaring",0,0,0,0,0,0,0,0,0,0,0,0,0,0,0,0
"1003","ovdilige",0,0,0,0,0,0,0,0,0,0,0,0,0,0,0,0
"1004","ovearnes",0,0,0,0,0,0,0,0,0,0,0,0,0,0,0,0
"1005","ovelegan",0,0,0,0,0,0,0,0,0,0,0,0,0,0,0,0
"1006","ovemotio",0,0,0,0,0,0,0,0,0,0,0,0,0,0,0,0
"1007","ovemphat",0,0,0,0,0,0,0,0,0,0,0,0,0,0,0,0
"1008","ovexcita",0,0,0,0,0,0,0,0,0,0,0,0,0,0,0,0
"1009","ovfastid",0,0,0,0,0,0,0,0,0,0,0,0,0,0,0,0
"1010","ovfearfu",0,0,0,0,0,0,0,0,0,0,0,0,0,0,0,0
"1011","ovfierce",0,0,0,0,0,0,0,0,0,0,0,0,0,0,0,0
"1012","ovforwar",0,0,0,0,0,0,0,0,0,0,0,0,0,0,0,0
"1013","ovgreedy",0,0,0,0,0,0,0,0,0,0,0,0,0,0,0,0
"1014","ovharsh",0,0,0,0,0,0,0,0,0,0,0,0,0,0,0,0
"1015","ovhasty",0,0,0,0,0,0,0,0,0,0,0,0,0,0,0,0
"1016","ovimagin",0,0,0,0,0,0,0,0,0,0,0,0,0,0,0,0
"1017","ovindulg",0,0,0,0,0,0,0,0,0,0,0,0,0,0,0,0
"1018","ovintens",0,0,0,0,0,0,0,0,0,0,0,0,0,0,0,0
"1019","ovjealou",0,0,0,0,0,0,0,0,0,0,0,0,0,0,0,0
"1020","ovkind",0,0,0,0,0,0,0,0,0,0,0,0,0,0,0,0
"1021","ovlogica",0,0,0,0,0,0,0,0,0,0,0,0,0,0,0,0
"1022","ovloud",0,0,0,0,0,0,0,0,0,0,0,0,0,0,0,0
"1023","ovlusty",0,0,0,0,0,0,0,0,0,0,0,0,0,0,0,0
"1024","ovmerry",0,0,0,0,0,0,0,0,0,0,0,0,0,0,0,0
"1025","ovmodest",0,0,0,0,0,0,0,0,0,0,0,0,0,0,0,0
"1026","ovneat",0,0,0,0,0,0,0,0,0,0,0,0,0,0,0,0
"1027","ovnervou",0,0,0,0,0,0,0,0,0,0,0,0,0,0,0,0
"1028","ovpartia",0,0,0,0,0,0,0,0,0,0,0,0,0,0,0,0
"1029","ovpartic",0,0,0,0,0,0,0,0,0,0,0,0,0,0,0,0
"1030","ovpassio",0,0,0,0,0,0,0,0,0,0,0,0,0,0,0,0
"1031","ovpatien",0,0,0,0,0,0,0,0,0,0,0,0,0,0,0,0
"1032","ovprompt",0,0,0,0,0,0,0,0,0,0,0,0,0,0,0,0
"1033","ovproud",0,0,0,0,0,0,0,0,0,0,0,0,0,0,0,0
"1034","ovquiet",0,0,0,0,0,0,0,0,0,0,0,0,0,0,0,0
"1035","ovrash",0,0,0,0,0,0,0,0,0,0,0,0,0,0,0,0
"1036","ovrefine",0,0,0,0,0,0,0,0,0,0,0,0,0,0,0,0
"1037","ovrelaxe",0,0,0,0,0,0,0,0,0,0,0,0,0,0,0,0
"1038","ovrighte",0,0,0,0,0,0,0,0,0,0,0,0,0,0,0,0
"1039","ovrigid",0,0,0,0,0,0,0,0,0,0,0,0,0,0,0,0
"1040","ovrigoro",0,0,0,0,0,0,0,0,0,0,0,0,0,0,0,0
"1041","ovscrupu",0,0,0,0,0,0,0,0,0,0,0,0,0,0,0,0
"1042","ovsensit",0,0,0,0,0,0,0,0,0,0,0,0,0,0,0,0
"1043","ovseriou",0,0,0,0,0,0,0,0,0,0,0,0,0,0,0,0
"1044","ovsevere",0,0,0,0,0,0,0,0,0,0,0,0,0,0,0,0
"1045","ovslow",0,0,0,0,0,0,0,0,0,0,0,0,0,0,0,0
"1046","ovsolici",0,0,0,0,0,0,0,0,0,0,0,0,0,0,0,0
"1047","ovspeedy",0,0,0,0,0,0,0,0,0,0,0,0,0,0,0,0
"1048","ovstrict",0,0,0,0,0,0,0,0,0,0,0,0,0,0,0,0
"1049","ovstudio",0,0,0,0,0,0,0,0,0,0,0,0,0,0,0,0
"1050","ovsubtle",0,0,0,0,0,0,0,0,0,0,0,0,0,0,0,0
"1051","ovsuspic",0,0,0,0,0,0,0,0,0,0,0,0,0,0,0,0
"1052","ovtalkat",0,0,0,0,0,0,0,0,0,0,0,0,0,0,0,0
"1053","ovthough",0,0,0,0,0,0,0,0,0,0,0,0,0,0,0,0
"1054","ovtraine",0,0,0,0,0,0,0,0,0,0,0,0,0,0,0,0
"1055","ovtrusti",0,0,0,0,0,0,0,0,0,0,0,0,0,0,0,0
"1056","ovvalian",0,0,0,0,0,0,0,0,0,0,0,0,0,0,0,0
"1057","ovviolen",0,0,0,0,0,0,0,0,0,0,0,0,0,0,0,0
"1058","ovwary",0,0,0,0,0,0,0,0,0,0,0,0,0,0,0,0
"1059","ovwomanl",0,0,0,0,0,0,0,0,0,0,0,0,0,0,0,0
"1060","ovzealou",0,0,0,0,0,0,0,0,0,0,0,0,0,0,0,0
"1061","pacifist",0,0,0,0,0,0,0,0,0,0,0,0,0,0,0,0
"1062","painstak",0,0,0,0,0,0,0,0,0,0,0,0,0,0,0,0
"1063","particip",0,0,0,0,0,0,0,0,0,0,0,0,0,0,0,0
"1064","particul",0,0,0,0,0,0,0,0,0,0,0,0,0,0,0,0
"1065","passiona",0,0,0,0,0,0,0,0,0,0,0,0,0,0,0,0
"1066","passionl",0,0,0,0,0,0,0,0,0,0,0,0,0,0,0,0
"1067","patroniz",0,0,0,0,0,0,0,0,0,0,0,0,0,0,0,0
"1068","peacemak",0,0,0,0,0,0,0,0,0,0,0,0,0,0,0,0
"1069","penetrat",0,0,0,0,0,0,0,0,0,0,0,0,0,0,0,0
"1070","peppy",0,0,0,0,0,0,0,0,0,0,0,0,0,0,0,0
"1071","percepti",0,0,0,0,0,0,0,0,0,0,0,0,0,0,0,0
"1072","perfecti",0,0,0,0,0,0,0,0,0,0,0,0,0,0,0,0
"1073","perky",0,0,0,0,0,0,0,0,0,0,0,0,0,0,0,0
"1074","persecut",0,0,0,0,0,0,0,0,0,0,0,0,0,0,0,0
"1075","persever",0,0,0,0,0,0,0,0,0,0,0,0,0,0,0,0
"1076","persiste",0,0,0,0,0,0,0,0,0,0,0,0,0,0,0,0
"1077","perspecl",0,0,0,0,0,0,0,0,0,0,0,0,0,0,0,0
"1078","persuada",0,0,0,0,0,0,0,0,0,0,0,0,0,0,0,0
"1079","persuasi",0,0,0,0,0,0,0,0,0,0,0,0,0,0,0,0
"1080","perturba",0,0,0,0,0,0,0,0,0,0,0,0,0,0,0,0
"1081","pessimis",0,0,0,0,0,0,0,0,0,0,0,0,0,0,0,0
"1082","philanth",0,0,0,0,0,0,0,0,0,0,0,0,0,0,0,0
"1083","philosop",0,0,0,0,0,0,0,0,0,0,0,0,0,0,0,0
"1084","philospz",0,0,0,0,0,0,0,0,0,0,0,0,0,0,0,0
"1085","picky",0,0,0,0,0,0,0,0,0,0,0,0,0,0,0,0
"1086","pigheade",0,0,0,0,0,0,0,0,0,0,0,0,0,0,0,0
"1087","plaindea",0,0,0,0,0,0,0,0,0,0,0,0,0,0,0,0
"1088","plainspo",0,0,0,0,0,0,0,0,0,0,0,0,0,0,0,0
"1089","planful",0,0,0,0,0,0,0,0,0,0,0,0,0,0,0,0
"1090","planless",0,0,0,0,0,0,0,0,0,0,0,0,0,0,0,0
"1091","pleasure",0,0,0,0,0,0,0,0,0,0,0,0,0,0,0,0
"1092","plucky",0,0,0,0,0,0,0,0,0,0,0,0,0,0,0,0
"1093","poised",0,0,0,0,0,0,0,0,0,0,0,0,0,0,0,0
"1094","politica",0,0,0,0,0,0,0,0,0,0,0,0,0,0,0,0
"1095","posed",0,0,0,0,0,0,0,0,0,0,0,0,0,0,0,0
"1096","possessi",0,0,0,0,0,0,0,0,0,0,0,0,0,0,0,0
"1097","pouty",0,0,0,0,0,0,0,0,0,0,0,0,0,0,0,0
"1098","practica",0,0,0,0,0,0,0,0,0,0,0,0,0,0,0,0
"1099","prankish",0,0,0,0,0,0,0,0,0,0,0,0,0,0,0,0
"1100","prayerfu",0,0,0,0,0,0,0,0,0,0,0,0,0,0,0,0
"1101","preachy",0,0,0,0,0,0,0,0,0,0,0,0,0,0,0,0
"1102","preconde",0,0,0,0,0,0,0,0,0,0,0,0,0,0,0,0
"1103","predator",0,0,0,0,0,0,0,0,0,0,0,0,0,0,0,0
"1104","predicta",0,0,0,0,0,0,0,0,0,0,0,0,0,0,0,0
"1105","prejudic",0,0,0,0,0,0,0,0,0,0,0,0,0,0,0,0
"1106","prejudls",0,0,0,0,0,0,0,0,0,0,0,0,0,0,0,0
"1107","premedit",0,0,0,0,0,0,0,0,0,0,0,0,0,0,0,0
"1108","presumpt",0,0,0,0,0,0,0,0,0,0,0,0,0,0,0,0
"1109","pretensf",0,0,0,0,0,0,0,0,0,0,0,0,0,0,0,0
"1110","pretensl",0,0,0,0,0,0,0,0,0,0,0,0,0,0,0,0
"1111","pretenti",0,0,0,0,0,0,0,0,0,0,0,0,0,0,0,0
"1112","prideles",0,0,0,0,0,0,0,0,0,0,0,0,0,0,0,0
"1113","principl",0,0,0,0,0,0,0,0,0,0,0,0,0,0,0,0
"1114","producti",0,0,0,0,0,0,0,0,0,0,0,0,0,0,0,0
"1115","progress",0,0,0,0,0,0,0,0,0,0,0,0,0,0,0,0
"1116","propheti",0,0,0,0,0,0,0,0,0,0,0,0,0,0,0,0
"1117","protecti",0,0,0,0,0,0,0,0,0,0,0,0,0,0,0,0
"1118","provinci",0,0,0,0,0,0,0,0,0,0,0,0,0,0,0,0
"1119","provocab",0,0,0,0,0,0,0,0,0,0,0,0,0,0,0,0
"1120","prudish",0,0,0,0,0,0,0,0,0,0,0,0,0,0,0,0
"1121","puritani",0,0,0,0,0,0,0,0,0,0,0,0,0,0,0,0
"1122","purposef",0,0,0,0,0,0,0,0,0,0,0,0,0,0,0,0
"1123","purposel",0,0,0,0,0,0,0,0,0,0,0,0,0,0,0,0
"1124","purposiv",0,0,0,0,0,0,0,0,0,0,0,0,0,0,0,0
"1125","quarrels",0,0,0,0,0,0,0,0,0,0,0,0,0,0,0,0
"1126","question",0,0,0,0,0,0,0,0,0,0,0,0,0,0,0,0
"1127","quicktem",0,0,0,0,0,0,0,0,0,0,0,0,0,0,0,0
"1128","quickwit",0,0,0,0,0,0,0,0,0,0,0,0,0,0,0,0
"1129","quietspo",0,0,0,0,0,0,0,0,0,0,0,0,0,0,0,0
"1130","rambunct",0,0,0,0,0,0,0,0,0,0,0,0,0,0,0,0
"1131","realisti",0,0,0,0,0,0,0,0,0,0,0,0,0,0,0,0
"1132","reasonab",0,0,0,0,0,0,0,0,0,0,0,0,0,0,0,0
"1133","rebellio",0,0,0,0,0,0,0,0,0,0,0,0,0,0,0,0
"1134","reclusiv",0,0,0,0,0,0,0,0,0,0,0,0,0,0,0,0
"1135","reflecti",0,0,0,0,0,0,0,0,0,0,0,0,0,0,0,0
"1136","reformat",0,0,0,0,0,0,0,0,0,0,0,0,0,0,0,0
"1137","relaxed",0,0,0,0,0,0,0,0,0,0,0,0,0,0,0,0
"1138","relentle",0,0,0,0,0,0,0,0,0,0,0,0,0,0,0,0
"1139","religiou",0,0,0,0,0,0,0,0,0,0,0,0,0,0,0,0
"1140","remorsel",0,0,0,0,0,0,0,0,0,0,0,0,0,0,0,0
"1141","reproach",0,0,0,0,0,0,0,0,0,0,0,0,0,0,0,0
"1142","resentfu",0,0,0,0,0,0,0,0,0,0,0,0,0,0,0,0
"1143","resilien",0,0,0,0,0,0,0,0,0,0,0,0,0,0,0,0
"1144","resource",0,0,0,0,0,0,0,0,0,0,0,0,0,0,0,0
"1145","respectf",0,0,0,0,0,0,0,0,0,0,0,0,0,0,0,0
"1146","responsi",0,0,0,0,0,0,0,0,0,0,0,0,0,0,0,0
"1147","responsv",0,0,0,0,0,0,0,0,0,0,0,0,0,0,0,0
"1148","restraib",0,0,0,0,0,0,0,0,0,0,0,0,0,0,0,0
"1149","restrain",0,0,0,0,0,0,0,0,0,0,0,0,0,0,0,0
"1150","retaliat",0,0,0,0,0,0,0,0,0,0,0,0,0,0,0,0
"1151","retiring",0,0,0,0,0,0,0,0,0,0,0,0,0,0,0,0
"1152","retortiv",0,0,0,0,0,0,0,0,0,0,0,0,0,0,0,0
"1153","revengef",0,0,0,0,0,0,0,0,0,0,0,0,0,0,0,0
"1154","reverent",0,0,0,0,0,0,0,0,0,0,0,0,0,0,0,0
"1155","risque",0,0,0,0,0,0,0,0,0,0,0,0,0,0,0,0
"1156","ritualis",0,0,0,0,0,0,0,0,0,0,0,0,0,0,0,0
"1157","rivalrou",0,0,0,0,0,0,0,0,0,0,0,0,0,0,0,0
"1158","rollicki",0,0,0,0,0,0,0,0,0,0,0,0,0,0,0,0
"1159","rootless",0,0,0,0,0,0,0,0,0,0,0,0,0,0,0,0
"1160","rowdy",0,0,0,0,0,0,0,0,0,0,0,0,0,0,0,0
"1161","sacchari",0,0,0,0,0,0,0,0,0,0,0,0,0,0,0,0
"1162","sadistic",0,0,0,0,0,0,0,0,0,0,0,0,0,0,0,0
"1163","sarcasti",0,0,0,0,0,0,0,0,0,0,0,0,0,0,0,0
"1164","sassy",0,0,0,0,0,0,0,0,0,0,0,0,0,0,0,0
"1165","satiric",0,0,0,0,0,0,0,0,0,0,0,0,0,0,0,0
"1166","scampish",0,0,0,0,0,0,0,0,0,0,0,0,0,0,0,0
"1167","scandalm",0,0,0,0,0,0,0,0,0,0,0,0,0,0,0,0
"1168","scatterb",0,0,0,0,0,0,0,0,0,0,0,0,0,0,0,0
"1169","scholarl",0,0,0,0,0,0,0,0,0,0,0,0,0,0,0,0
"1170","scrappy",0,0,0,0,0,0,0,0,0,0,0,0,0,0,0,0
"1171","scrupulo",0,0,0,0,0,0,0,0,0,0,0,0,0,0,0,0
"1172","seclusiv",0,0,0,0,0,0,0,0,0,0,0,0,0,0,0,0
"1173","secretiv",0,0,0,0,0,0,0,0,0,0,0,0,0,0,0,0
"1174","selfless",0,0,0,0,0,0,0,0,0,0,0,0,0,0,0,0
"1175","sensitiv",0,0,0,0,0,0,0,0,0,0,0,0,0,0,0,0
"1176","sensuous",0,0,0,0,0,0,0,0,0,0,0,0,0,0,0,0
"1177","sentimen",0,0,0,0,0,0,0,0,0,0,0,0,0,0,0,0
"1178","seriousm",0,0,0,0,0,0,0,0,0,0,0,0,0,0,0,0
"1179","sexy",0,0,0,0,0,0,0,0,0,0,0,0,0,0,0,0
"1180","sharpton",0,0,0,0,0,0,0,0,0,0,0,0,0,0,0,0
"1181","sharpwit",0,0,0,0,0,0,0,0,0,0,0,0,0,0,0,0
"1182","shiftles",0,0,0,0,0,0,0,0,0,0,0,0,0,0,0,0
"1183","shortsig",0,0,0,0,0,0,0,0,0,0,0,0,0,0,0,0
"1184","shortspo",0,0,0,0,0,0,0,0,0,0,0,0,0,0,0,0
"1185","shorttem",0,0,0,0,0,0,0,0,0,0,0,0,0,0,0,0
"1186","shrinkin",0,0,0,0,0,0,0,0,0,0,0,0,0,0,0,0
"1187","singlemi",0,0,0,0,0,0,0,0,0,0,0,0,0,0,0,0
"1188","skeptica",0,0,0,0,0,0,0,0,0,0,0,0,0,0,0,0
"1189","slandero",0,0,0,0,0,0,0,0,0,0,0,0,0,0,0,0
"1190","slfasser",0,0,0,0,0,0,0,0,0,0,0,0,0,0,0,0
"1191","slfassur",0,0,0,0,0,0,0,0,0,0,0,0,0,0,0,0
"1192","slfcente",0,0,0,0,0,0,0,0,0,0,0,0,0,0,0,0
"1193","slfconfi",0,0,0,0,0,0,0,0,0,0,0,0,0,0,0,0
"1194","slfconsc",0,0,0,0,0,0,0,0,0,0,0,0,0,0,0,0
"1195","slfconsi",0,0,0,0,0,0,0,0,0,0,0,0,0,0,0,0
"1196","slfcontr",0,0,0,0,0,0,0,0,0,0,0,0,0,0,0,0
"1197","slfcriti",0,0,0,0,0,0,0,0,0,0,0,0,0,0,0,0
"1198","slfdecei",0,0,0,0,0,0,0,0,0,0,0,0,0,0,0,0
"1199","slfdefea",0,0,0,0,0,0,0,0,0,0,0,0,0,0,0,0
"1200","slfdefen",0,0,0,0,0,0,0,0,0,0,0,0,0,0,0,0
"1201","slfdelud",0,0,0,0,0,0,0,0,0,0,0,0,0,0,0,0
"1202","slfdenyi",0,0,0,0,0,0,0,0,0,0,0,0,0,0,0,0
"1203","slfdepre",0,0,0,0,0,0,0,0,0,0,0,0,0,0,0,0
"1204","slfdestr",0,0,0,0,0,0,0,0,0,0,0,0,0,0,0,0
"1205","slfdisci",0,0,0,0,0,0,0,0,0,0,0,0,0,0,0,0
"1206","slfdispa",0,0,0,0,0,0,0,0,0,0,0,0,0,0,0,0
"1207","slfdoubt",0,0,0,0,0,0,0,0,0,0,0,0,0,0,0,0
"1208","slfeffac",0,0,0,0,0,0,0,0,0,0,0,0,0,0,0,0
"1209","slfexami",0,0,0,0,0,0,0,0,0,0,0,0,0,0,0,0
"1210","slfexcus",0,0,0,0,0,0,0,0,0,0,0,0,0,0,0,0
"1211","slfexpre",0,0,0,0,0,0,0,0,0,0,0,0,0,0,0,0
"1212","slfimpor",0,0,0,0,0,0,0,0,0,0,0,0,0,0,0,0
"1213","slfindul",0,0,0,0,0,0,0,0,0,0,0,0,0,0,0,0
"1214","slfpityi",0,0,0,0,0,0,0,0,0,0,0,0,0,0,0,0
"1215","slfposse",0,0,0,0,0,0,0,0,0,0,0,0,0,0,0,0
"1216","slfpunis",0,0,0,0,0,0,0,0,0,0,0,0,0,0,0,0
"1217","slfrelia",0,0,0,0,0,0,0,0,0,0,0,0,0,0,0,0
"1218","slfrepro",0,0,0,0,0,0,0,0,0,0,0,0,0,0,0,0
"1219","slfrespe",0,0,0,0,0,0,0,0,0,0,0,0,0,0,0,0
"1220","slfrestr",0,0,0,0,0,0,0,0,0,0,0,0,0,0,0,0
"1221","slfrevea",0,0,0,0,0,0,0,0,0,0,0,0,0,0,0,0
"1222","slfright",0,0,0,0,0,0,0,0,0,0,0,0,0,0,0,0
"1223","slfsacri",0,0,0,0,0,0,0,0,0,0,0,0,0,0,0,0
"1224","slfsatis",0,0,0,0,0,0,0,0,0,0,0,0,0,0,0,0
"1225","slfseeki",0,0,0,0,0,0,0,0,0,0,0,0,0,0,0,0
"1226","slfsuffi",0,0,0,0,0,0,0,0,0,0,0,0,0,0,0,0
"1227","slfwille",0,0,0,0,0,0,0,0,0,0,0,0,0,0,0,0
"1228","slothful",0,0,0,0,0,0,0,0,0,0,0,0,0,0,0,0
"1229","slow",0,0,0,0,0,0,0,0,0,0,0,0,0,0,0,0
"1230","slowwitt",0,0,0,0,0,0,0,0,0,0,0,0,0,0,0,0
"1231","smoothsp",0,0,0,0,0,0,0,0,0,0,0,0,0,0,0,0
"1232","smug",0,0,0,0,0,0,0,0,0,0,0,0,0,0,0,0
"1233","sneaky",0,0,0,0,0,0,0,0,0,0,0,0,0,0,0,0
"1234","snobbish",0,0,0,0,0,0,0,0,0,0,0,0,0,0,0,0
"1235","snoopy",0,0,0,0,0,0,0,0,0,0,0,0,0,0,0,0
"1236","snooty",0,0,0,0,0,0,0,0,0,0,0,0,0,0,0,0
"1237","sobermin",0,0,0,0,0,0,0,0,0,0,0,0,0,0,0,0
"1238","softhear",0,0,0,0,0,0,0,0,0,0,0,0,0,0,0,0
"1239","softshel",0,0,0,0,0,0,0,0,0,0,0,0,0,0,0,0
"1240","softspok",0,0,0,0,0,0,0,0,0,0,0,0,0,0,0,0
"1241","solicito",0,0,0,0,0,0,0,0,0,0,0,0,0,0,0,0
"1242","somber",0,0,0,0,0,0,0,0,0,0,0,0,0,0,0,0
"1243","sophisti",0,0,0,0,0,0,0,0,0,0,0,0,0,0,0,0
"1244","sparklin",0,0,0,0,0,0,0,0,0,0,0,0,0,0,0,0
"1245","spineles",0,0,0,0,0,0,0,0,0,0,0,0,0,0,0,0
"1246","spiritle",0,0,0,0,0,0,0,0,0,0,0,0,0,0,0,0
"1247","spiritua",0,0,0,0,0,0,0,0,0,0,0,0,0,0,0,0
"1248","spontane",0,0,0,0,0,0,0,0,0,0,0,0,0,0,0,0
"1249","sportsma",0,0,0,0,0,0,0,0,0,0,0,0,0,0,0,0
"1250","sprightl",0,0,0,0,0,0,0,0,0,0,0,0,0,0,0,0
"1251","spry",0,0,0,0,0,0,0,0,0,0,0,0,0,0,0,0
"1252","spunky",0,0,0,0,0,0,0,0,0,0,0,0,0,0,0,0
"1253","squeamis",0,0,0,0,0,0,0,0,0,0,0,0,0,0,0,0
"1254","standoff",0,0,0,0,0,0,0,0,0,0,0,0,0,0,0,0
"1255","statesma",0,0,0,0,0,0,0,0,0,0,0,0,0,0,0,0
"1256","steadfas",0,0,0,0,0,0,0,0,0,0,0,0,0,0,0,0
"1257","stouthea",0,0,0,0,0,0,0,0,0,0,0,0,0,0,0,0
"1258","straight",0,0,0,0,0,0,0,0,0,0,0,0,0,0,0,0
"1259","straitla",0,0,0,0,0,0,0,0,0,0,0,0,0,0,0,0
"1260","stringen",0,0,0,0,0,0,0,0,0,0,0,0,0,0,0,0
"1261","strongmi",0,0,0,0,0,0,0,0,0,0,0,0,0,0,0,0
"1262","stuckup",0,0,0,0,0,0,0,0,0,0,0,0,0,0,0,0
"1263","stuffy",0,0,0,0,0,0,0,0,0,0,0,0,0,0,0,0
"1264","suave",0,0,0,0,0,0,0,0,0,0,0,0,0,0,0,0
"1265","subjecti",0,0,0,0,0,0,0,0,0,0,0,0,0,0,0,0
"1266","submissi",0,0,0,0,0,0,0,0,0,0,0,0,0,0,0,0
"1267","suggesti",0,0,0,0,0,0,0,0,0,0,0,0,0,0,0,0
"1268","superfic",0,0,0,0,0,0,0,0,0,0,0,0,0,0,0,0
"1269","supersen",0,0,0,0,0,0,0,0,0,0,0,0,0,0,0,0
"1270","supersti",0,0,0,0,0,0,0,0,0,0,0,0,0,0,0,0
"1271","suspicio",0,0,0,0,0,0,0,0,0,0,0,0,0,0,0,0
"1272","swellhea",0,0,0,0,0,0,0,0,0,0,0,0,0,0,0,0
"1273","sympathe",0,0,0,0,0,0,0,0,0,0,0,0,0,0,0,0
"1274","systemat",0,0,0,0,0,0,0,0,0,0,0,0,0,0,0,0
"1275","tactful",0,0,0,0,0,0,0,0,0,0,0,0,0,0,0,0
"1276","tactless",0,0,0,0,0,0,0,0,0,0,0,0,0,0,0,0
"1277","talkativ",0,0,0,0,0,0,0,0,0,0,0,0,0,0,0,0
"1278","tasteles",0,0,0,0,0,0,0,0,0,0,0,0,0,0,0,0
"1279","teachabl",0,0,0,0,0,0,0,0,0,0,0,0,0,0,0,0
"1280","temperam",0,0,0,0,0,0,0,0,0,0,0,0,0,0,0,0
"1281","temperat",0,0,0,0,0,0,0,0,0,0,0,0,0,0,0,0
"1282","tempestu",0,0,0,0,0,0,0,0,0,0,0,0,0,0,0,0
"1283","temptabl",0,0,0,0,0,0,0,0,0,0,0,0,0,0,0,0
"1284","tenaciou",0,0,0,0,0,0,0,0,0,0,0,0,0,0,0,0
"1285","tenderhe",0,0,0,0,0,0,0,0,0,0,0,0,0,0,0,0
"1286","tendermi",0,0,0,0,0,0,0,0,0,0,0,0,0,0,0,0
"1287","tentativ",0,0,0,0,0,0,0,0,0,0,0,0,0,0,0,0
"1288","terse",0,0,0,0,0,0,0,0,0,0,0,0,0,0,0,0
"1289","thickhea",0,0,0,0,0,0,0,0,0,0,0,0,0,0,0,0
"1290","thickski",0,0,0,0,0,0,0,0,0,0,0,0,0,0,0,0
"1291","thickwit",0,0,0,0,0,0,0,0,0,0,0,0,0,0,0,0
"1292","thinskin",0,0,0,0,0,0,0,0,0,0,0,0,0,0,0,0
"1293","thorougo",0,0,0,0,0,0,0,0,0,0,0,0,0,0,0,0
"1294","thoughtf",0,0,0,0,0,0,0,0,0,0,0,0,0,0,0,0
"1295","thoughtl",0,0,0,0,0,0,0,0,0,0,0,0,0,0,0,0
"1296","thriftle",0,0,0,0,0,0,0,0,0,0,0,0,0,0,0,0
"1297","thrifty",0,0,0,0,0,0,0,0,0,0,0,0,0,0,0,0
"1298","tightlip",0,0,0,0,0,0,0,0,0,0,0,0,0,0,0,0
"1299","tireless",0,0,0,0,0,0,0,0,0,0,0,0,0,0,0,0
"1300","toughmin",0,0,0,0,0,0,0,0,0,0,0,0,0,0,0,0
"1301","traditio",0,0,0,0,0,0,0,0,0,0,0,0,0,0,0,0
"1302","transpar",0,0,0,0,0,0,0,0,0,0,0,0,0,0,0,0
"1303","treacher",0,0,0,0,0,0,0,0,0,0,0,0,0,0,0,0
"1304","tricky",0,0,0,0,0,0,0,0,0,0,0,0,0,0,0,0
"1305","trustwor",0,0,0,0,0,0,0,0,0,0,0,0,0,0,0,0
"1306","truthles",0,0,0,0,0,0,0,0,0,0,0,0,0,0,0,0
"1307","tyrannic",0,0,0,0,0,0,0,0,0,0,0,0,0,0,0,0
"1308","ultconse",0,0,0,0,0,0,0,0,0,0,0,0,0,0,0,0
"1309","ultcriti",0,0,0,0,0,0,0,0,0,0,0,0,0,0,0,0
"1310","ultdemoc",0,0,0,0,0,0,0,0,0,0,0,0,0,0,0,0
"1311","ultfasti",0,0,0,0,0,0,0,0,0,0,0,0,0,0,0,0
"1312","ultintel",0,0,0,0,0,0,0,0,0,0,0,0,0,0,0,0
"1313","ultrefin",0,0,0,0,0,0,0,0,0,0,0,0,0,0,0,0
"1314","ultrelig",0,0,0,0,0,0,0,0,0,0,0,0,0,0,0,0
"1315","ultsensu",0,0,0,0,0,0,0,0,0,0,0,0,0,0,0,0
"1316","ultsenti",0,0,0,0,0,0,0,0,0,0,0,0,0,0,0,0
"1317","ultspiri",0,0,0,0,0,0,0,0,0,0,0,0,0,0,0,0
"1318","unaccess",0,0,0,0,0,0,0,0,0,0,0,0,0,0,0,0
"1319","unaccomm",0,0,0,0,0,0,0,0,0,0,0,0,0,0,0,0
"1320","unaccomp",0,0,0,0,0,0,0,0,0,0,0,0,0,0,0,0
"1321","unadapta",0,0,0,0,0,0,0,0,0,0,0,0,0,0,0,0
"1322","unadulte",0,0,0,0,0,0,0,0,0,0,0,0,0,0,0,0
"1323","unadvent",0,0,0,0,0,0,0,0,0,0,0,0,0,0,0,0
"1324","unaffabl",0,0,0,0,0,0,0,0,0,0,0,0,0,0,0,0
"1325","unaffctn",0,0,0,0,0,0,0,0,0,0,0,0,0,0,0,0
"1326","unaffecd",0,0,0,0,0,0,0,0,0,0,0,0,0,0,0,0
"1327","unaggres",0,0,0,0,0,0,0,0,0,0,0,0,0,0,0,0
"1328","unagreea",0,0,0,0,0,0,0,0,0,0,0,0,0,0,0,0
"1329","unaiding",0,0,0,0,0,0,0,0,0,0,0,0,0,0,0,0
"1330","unalert",0,0,0,0,0,0,0,0,0,0,0,0,0,0,0,0
"1331","unaltera",0,0,0,0,0,0,0,0,0,0,0,0,0,0,0,0
"1332","unambiti",0,0,0,0,0,0,0,0,0,0,0,0,0,0,0,0
"1333","unamiabl",0,0,0,0,0,0,0,0,0,0,0,0,0,0,0,0
"1334","unamusab",0,0,0,0,0,0,0,0,0,0,0,0,0,0,0,0
"1335","unanalyt",0,0,0,0,0,0,0,0,0,0,0,0,0,0,0,0
"1336","unanchor",0,0,0,0,0,0,0,0,0,0,0,0,0,0,0,0
"1337","unanimat",0,0,0,0,0,0,0,0,0,0,0,0,0,0,0,0
"1338","unapproa",0,0,0,0,0,0,0,0,0,0,0,0,0,0,0,0
"1339","unargume",0,0,0,0,0,0,0,0,0,0,0,0,0,0,0,0
"1340","unartist",0,0,0,0,0,0,0,0,0,0,0,0,0,0,0,0
"1341","unaspiri",0,0,0,0,0,0,0,0,0,0,0,0,0,0,0,0
"1342","unassert",0,0,0,0,0,0,0,0,0,0,0,0,0,0,0,0
"1343","unassist",0,0,0,0,0,0,0,0,0,0,0,0,0,0,0,0
"1344","unassumi",0,0,0,0,0,0,0,0,0,0,0,0,0,0,0,0
"1345","unassure",0,0,0,0,0,0,0,0,0,0,0,0,0,0,0,0
"1346","unauthor",0,0,0,0,0,0,0,0,0,0,0,0,0,0,0,0
"1347","unbashfu",0,0,0,0,0,0,0,0,0,0,0,0,0,0,0,0
"1348","unbellig",0,0,0,0,0,0,0,0,0,0,0,0,0,0,0,0
"1349","unbendab",0,0,0,0,0,0,0,0,0,0,0,0,0,0,0,0
"1350","unbendin",0,0,0,0,0,0,0,0,0,0,0,0,0,0,0,0
"1351","unbenevo",0,0,0,0,0,0,0,0,0,0,0,0,0,0,0,0
"1352","unbewail",0,0,0,0,0,0,0,0,0,0,0,0,0,0,0,0
"1353","unbiased",0,0,0,0,0,0,0,0,0,0,0,0,0,0,0,0
"1354","unbigote",0,0,0,0,0,0,0,0,0,0,0,0,0,0,0,0
"1355","unblushi",0,0,0,0,0,0,0,0,0,0,0,0,0,0,0,0
"1356","unboastf",0,0,0,0,0,0,0,0,0,0,0,0,0,0,0,0
"1357","unbold",0,0,0,0,0,0,0,0,0,0,0,0,0,0,0,0
"1358","unbookis",0,0,0,0,0,0,0,0,0,0,0,0,0,0,0,0
"1359","unbridle",0,0,0,0,0,0,0,0,0,0,0,0,0,0,0,0
"1360","unbusine",0,0,0,0,0,0,0,0,0,0,0,0,0,0,0,0
"1361","uncalcul",0,0,0,0,0,0,0,0,0,0,0,0,0,0,0,0
"1362","uncandid",0,0,0,0,0,0,0,0,0,0,0,0,0,0,0,0
"1363","uncarefu",0,0,0,0,0,0,0,0,0,0,0,0,0,0,0,0
"1364","uncautio",0,0,0,0,0,0,0,0,0,0,0,0,0,0,0,0
"1365","unceremo",0,0,0,0,0,0,0,0,0,0,0,0,0,0,0,0
"1366","unchange",0,0,0,0,0,0,0,0,0,0,0,0,0,0,0,0
"1367","unchangi",0,0,0,0,0,0,0,0,0,0,0,0,0,0,0,0
"1368","uncharit",0,0,0,0,0,0,0,0,0,0,0,0,0,0,0,0
"1369","unchaste",0,0,0,0,0,0,0,0,0,0,0,0,0,0,0,0
"1370","uncheerf",0,0,0,0,0,0,0,0,0,0,0,0,0,0,0,0
"1371","uncheery",0,0,0,0,0,0,0,0,0,0,0,0,0,0,0,0
"1372","unchival",0,0,0,0,0,0,0,0,0,0,0,0,0,0,0,0
"1373","uncivili",0,0,0,0,0,0,0,0,0,0,0,0,0,0,0,0
"1374","uncommun",0,0,0,0,0,0,0,0,0,0,0,0,0,0,0,0
"1375","uncompan",0,0,0,0,0,0,0,0,0,0,0,0,0,0,0,0
"1376","uncompas",0,0,0,0,0,0,0,0,0,0,0,0,0,0,0,0
"1377","uncompet",0,0,0,0,0,0,0,0,0,0,0,0,0,0,0,0
"1378","uncompln",0,0,0,0,0,0,0,0,0,0,0,0,0,0,0,0
"1379","uncompls",0,0,0,0,0,0,0,0,0,0,0,0,0,0,0,0
"1380","uncompro",0,0,0,0,0,0,0,0,0,0,0,0,0,0,0,0
"1381","unconcea",0,0,0,0,0,0,0,0,0,0,0,0,0,0,0,0
"1382","unconcil",0,0,0,0,0,0,0,0,0,0,0,0,0,0,0,0
"1383","unconfid",0,0,0,0,0,0,0,0,0,0,0,0,0,0,0,0
"1384","unconfig",0,0,0,0,0,0,0,0,0,0,0,0,0,0,0,0
"1385","unconfor",0,0,0,0,0,0,0,0,0,0,0,0,0,0,0,0
"1386","unconsci",0,0,0,0,0,0,0,0,0,0,0,0,0,0,0,0
"1387","unconstb",0,0,0,0,0,0,0,0,0,0,0,0,0,0,0,0
"1388","unconstr",0,0,0,0,0,0,0,0,0,0,0,0,0,0,0,0
"1389","unconstu",0,0,0,0,0,0,0,0,0,0,0,0,0,0,0,0
"1390","uncontra",0,0,0,0,0,0,0,0,0,0,0,0,0,0,0,0
"1391","uncontri",0,0,0,0,0,0,0,0,0,0,0,0,0,0,0,0
"1392","uncontro",0,0,0,0,0,0,0,0,0,0,0,0,0,0,0,0
"1393","unconven",0,0,0,0,0,0,0,0,0,0,0,0,0,0,0,0
"1394","uncooper",0,0,0,0,0,0,0,0,0,0,0,0,0,0,0,0
"1395","uncordia",0,0,0,0,0,0,0,0,0,0,0,0,0,0,0,0
"1396","uncourte",0,0,0,0,0,0,0,0,0,0,0,0,0,0,0,0
"1397","uncourtl",0,0,0,0,0,0,0,0,0,0,0,0,0,0,0,0
"1398","uncrafty",0,0,0,0,0,0,0,0,0,0,0,0,0,0,0,0
"1399","uncreati",0,0,0,0,0,0,0,0,0,0,0,0,0,0,0,0
"1400","uncritic",0,0,0,0,0,0,0,0,0,0,0,0,0,0,0,0
"1401","uncultiv",0,0,0,0,0,0,0,0,0,0,0,0,0,0,0,0
"1402","uncultur",0,0,0,0,0,0,0,0,0,0,0,0,0,0,0,0
"1403","uncunnin",0,0,0,0,0,0,0,0,0,0,0,0,0,0,0,0
"1404","uncurbab",0,0,0,0,0,0,0,0,0,0,0,0,0,0,0,0
"1405","uncuriou",0,0,0,0,0,0,0,0,0,0,0,0,0,0,0,0
"1406","undeceiv",0,0,0,0,0,0,0,0,0,0,0,0,0,0,0,0
"1407","undecept",0,0,0,0,0,0,0,0,0,0,0,0,0,0,0,0
"1408","undefeat",0,0,0,0,0,0,0,0,0,0,0,0,0,0,0,0
"1409","undelayi",0,0,0,0,0,0,0,0,0,0,0,0,0,0,0,0
"1410","undelibe",0,0,0,0,0,0,0,0,0,0,0,0,0,0,0,0
"1411","undelibv",0,0,0,0,0,0,0,0,0,0,0,0,0,0,0,0
"1412","undemand",0,0,0,0,0,0,0,0,0,0,0,0,0,0,0,0
"1413","undemocr",0,0,0,0,0,0,0,0,0,0,0,0,0,0,0,0
"1414","undemons",0,0,0,0,0,0,0,0,0,0,0,0,0,0,0,0
"1415","undepend",0,0,0,0,0,0,0,0,0,0,0,0,0,0,0,0
"1416","underhan",0,0,0,0,0,0,0,0,0,0,0,0,0,0,0,0
"1417","underoga",0,0,0,0,0,0,0,0,0,0,0,0,0,0,0,0
"1418","understa",0,0,0,0,0,0,0,0,0,0,0,0,0,0,0,0
"1419","underwit",0,0,0,0,0,0,0,0,0,0,0,0,0,0,0,0
"1420","undespai",0,0,0,0,0,0,0,0,0,0,0,0,0,0,0,0
"1421","undespon",0,0,0,0,0,0,0,0,0,0,0,0,0,0,0,0
"1422","undeviat",0,0,0,0,0,0,0,0,0,0,0,0,0,0,0,0
"1423","undeviou",0,0,0,0,0,0,0,0,0,0,0,0,0,0,0,0
"1424","undevout",0,0,0,0,0,0,0,0,0,0,0,0,0,0,0,0
"1425","undignif",0,0,0,0,0,0,0,0,0,0,0,0,0,0,0,0
"1426","undilige",0,0,0,0,0,0,0,0,0,0,0,0,0,0,0,0
"1427","undiplom",0,0,0,0,0,0,0,0,0,0,0,0,0,0,0,0
"1428","undisapp",0,0,0,0,0,0,0,0,0,0,0,0,0,0,0,0
"1429","undiscer",0,0,0,0,0,0,0,0,0,0,0,0,0,0,0,0
"1430","undiscip",0,0,0,0,0,0,0,0,0,0,0,0,0,0,0,0
"1431","undiscou",0,0,0,0,0,0,0,0,0,0,0,0,0,0,0,0
"1432","undiscri",0,0,0,0,0,0,0,0,0,0,0,0,0,0,0,0
"1433","undisgui",0,0,0,0,0,0,0,0,0,0,0,0,0,0,0,0
"1434","undistur",0,0,0,0,0,0,0,0,0,0,0,0,0,0,0,0
"1435","undivert",0,0,0,0,0,0,0,0,0,0,0,0,0,0,0,0
"1436","undogmat",0,0,0,0,0,0,0,0,0,0,0,0,0,0,0,0
"1437","undramat",0,0,0,0,0,0,0,0,0,0,0,0,0,0,0,0
"1438","undutifu",0,0,0,0,0,0,0,0,0,0,0,0,0,0,0,0
"1439","uneager",0,0,0,0,0,0,0,0,0,0,0,0,0,0,0,0
"1440","unearnes",0,0,0,0,0,0,0,0,0,0,0,0,0,0,0,0
"1441","uneconom",0,0,0,0,0,0,0,0,0,0,0,0,0,0,0,0
"1442","uneducat",0,0,0,0,0,0,0,0,0,0,0,0,0,0,0,0
"1443","unelusiv",0,0,0,0,0,0,0,0,0,0,0,0,0,0,0,0
"1444","unembitt",0,0,0,0,0,0,0,0,0,0,0,0,0,0,0,0
"1445","unemotio",0,0,0,0,0,0,0,0,0,0,0,0,0,0,0,0
"1446","unemphat",0,0,0,0,0,0,0,0,0,0,0,0,0,0,0,0
"1447","unenligh",0,0,0,0,0,0,0,0,0,0,0,0,0,0,0,0
"1448","unenterp",0,0,0,0,0,0,0,0,0,0,0,0,0,0,0,0
"1449","unenthus",0,0,0,0,0,0,0,0,0,0,0,0,0,0,0,0
"1450","unenviou",0,0,0,0,0,0,0,0,0,0,0,0,0,0,0,0
"1451","unethica",0,0,0,0,0,0,0,0,0,0,0,0,0,0,0,0
"1452","unexacti",0,0,0,0,0,0,0,0,0,0,0,0,0,0,0,0
"1453","unexcita",0,0,0,0,0,0,0,0,0,0,0,0,0,0,0,0
"1454","unexpans",0,0,0,0,0,0,0,0,0,0,0,0,0,0,0,0
"1455","unexplos",0,0,0,0,0,0,0,0,0,0,0,0,0,0,0,0
"1456","unextrav",0,0,0,0,0,0,0,0,0,0,0,0,0,0,0,0
"1457","unfailin",0,0,0,0,0,0,0,0,0,0,0,0,0,0,0,0
"1458","unfaithf",0,0,0,0,0,0,0,0,0,0,0,0,0,0,0,0
"1459","unfalter",0,0,0,0,0,0,0,0,0,0,0,0,0,0,0,0
"1460","unfearin",0,0,0,0,0,0,0,0,0,0,0,0,0,0,0,0
"1461","unfeelin",0,0,0,0,0,0,0,0,0,0,0,0,0,0,0,0
"1462","unfeigni",0,0,0,0,0,0,0,0,0,0,0,0,0,0,0,0
"1463","unfemini",0,0,0,0,0,0,0,0,0,0,0,0,0,0,0,0
"1464","unflinch",0,0,0,0,0,0,0,0,0,0,0,0,0,0,0,0
"1465","unfluctu",0,0,0,0,0,0,0,0,0,0,0,0,0,0,0,0
"1466","unfluent",0,0,0,0,0,0,0,0,0,0,0,0,0,0,0,0
"1467","unforbea",0,0,0,0,0,0,0,0,0,0,0,0,0,0,0,0
"1468","unforcib",0,0,0,0,0,0,0,0,0,0,0,0,0,0,0,0
"1469","unforget",0,0,0,0,0,0,0,0,0,0,0,0,0,0,0,0
"1470","unforgiv",0,0,0,0,0,0,0,0,0,0,0,0,0,0,0,0
"1471","unforsee",0,0,0,0,0,0,0,0,0,0,0,0,0,0,0,0
"1472","unfrater",0,0,0,0,0,0,0,0,0,0,0,0,0,0,0,0
"1473","unfriend",0,0,0,0,0,0,0,0,0,0,0,0,0,0,0,0
"1474","unfrugal",0,0,0,0,0,0,0,0,0,0,0,0,0,0,0,0
"1475","ungallan",0,0,0,0,0,0,0,0,0,0,0,0,0,0,0,0
"1476","ungenero",0,0,0,0,0,0,0,0,0,0,0,0,0,0,0,0
"1477","ungentee",0,0,0,0,0,0,0,0,0,0,0,0,0,0,0,0
"1478","ungentle",0,0,0,0,0,0,0,0,0,0,0,0,0,0,0,0
"1479","ungentlm",0,0,0,0,0,0,0,0,0,0,0,0,0,0,0,0
"1480","ungiving",0,0,0,0,0,0,0,0,0,0,0,0,0,0,0,0
"1481","ungovern",0,0,0,0,0,0,0,0,0,0,0,0,0,0,0,0
"1482","ungracef",0,0,0,0,0,0,0,0,0,0,0,0,0,0,0,0
"1483","ungracio",0,0,0,0,0,0,0,0,0,0,0,0,0,0,0,0
"1484","ungregar",0,0,0,0,0,0,0,0,0,0,0,0,0,0,0,0
"1485","ungrudgi",0,0,0,0,0,0,0,0,0,0,0,0,0,0,0,0
"1486","unguarde",0,0,0,0,0,0,0,0,0,0,0,0,0,0,0,0
"1487","unharden",0,0,0,0,0,0,0,0,0,0,0,0,0,0,0,0
"1488","unhardy",0,0,0,0,0,0,0,0,0,0,0,0,0,0,0,0
"1489","unharmin",0,0,0,0,0,0,0,0,0,0,0,0,0,0,0,0
"1490","unhasty",0,0,0,0,0,0,0,0,0,0,0,0,0,0,0,0
"1491","unheedfu",0,0,0,0,0,0,0,0,0,0,0,0,0,0,0,0
"1492","unhelpfu",0,0,0,0,0,0,0,0,0,0,0,0,0,0,0,0
"1493","unhurrie",0,0,0,0,0,0,0,0,0,0,0,0,0,0,0,0
"1494","unimagin",0,0,0,0,0,0,0,0,0,0,0,0,0,0,0,0
"1495","unimpass",0,0,0,0,0,0,0,0,0,0,0,0,0,0,0,0
"1496","unimpati",0,0,0,0,0,0,0,0,0,0,0,0,0,0,0,0
"1497","unimpres",0,0,0,0,0,0,0,0,0,0,0,0,0,0,0,0
"1498","unimprsn",0,0,0,0,0,0,0,0,0,0,0,0,0,0,0,0
"1499","unindulg",0,0,0,0,0,0,0,0,0,0,0,0,0,0,0,0
"1500","unindust",0,0,0,0,0,0,0,0,0,0,0,0,0,0,0,0
"1501","uninform",0,0,0,0,0,0,0,0,0,0,0,0,0,0,0,0
"1502","uningeni",0,0,0,0,0,0,0,0,0,0,0,0,0,0,0,0
"1503","uninhite",0,0,0,0,0,0,0,0,0,0,0,0,0,0,0,0
"1504","uninquir",0,0,0,0,0,0,0,0,0,0,0,0,0,0,0,0
"1505","uninquis",0,0,0,0,0,0,0,0,0,0,0,0,0,0,0,0
"1506","unintlct",0,0,0,0,0,0,0,0,0,0,0,0,0,0,0,0
"1507","unintlgt",0,0,0,0,0,0,0,0,0,0,0,0,0,0,0,0
"1508","unintros",0,0,0,0,0,0,0,0,0,0,0,0,0,0,0,0
"1509","uninvent",0,0,0,0,0,0,0,0,0,0,0,0,0,0,0,0
"1510","uninvest",0,0,0,0,0,0,0,0,0,0,0,0,0,0,0,0
"1511","unjealou",0,0,0,0,0,0,0,0,0,0,0,0,0,0,0,0
"1512","unjoyful",0,0,0,0,0,0,0,0,0,0,0,0,0,0,0,0
"1513","unkindly",0,0,0,0,0,0,0,0,0,0,0,0,0,0,0,0
"1514","unladyli",0,0,0,0,0,0,0,0,0,0,0,0,0,0,0,0
"1515","unlearne",0,0,0,0,0,0,0,0,0,0,0,0,0,0,0,0
"1516","unlitera",0,0,0,0,0,0,0,0,0,0,0,0,0,0,0,0
"1517","unlively",0,0,0,0,0,0,0,0,0,0,0,0,0,0,0,0
"1518","unloving",0,0,0,0,0,0,0,0,0,0,0,0,0,0,0,0
"1519","unmaiden",0,0,0,0,0,0,0,0,0,0,0,0,0,0,0,0
"1520","unmalici",0,0,0,0,0,0,0,0,0,0,0,0,0,0,0,0
"1521","unmallea",0,0,0,0,0,0,0,0,0,0,0,0,0,0,0,0
"1522","unmanner",0,0,0,0,0,0,0,0,0,0,0,0,0,0,0,0
"1523","unmascul",0,0,0,0,0,0,0,0,0,0,0,0,0,0,0,0
"1524","unmeddli",0,0,0,0,0,0,0,0,0,0,0,0,0,0,0,0
"1525","unmeek",0,0,0,0,0,0,0,0,0,0,0,0,0,0,0,0
"1526","unmelanc",0,0,0,0,0,0,0,0,0,0,0,0,0,0,0,0
"1527","unmercen",0,0,0,0,0,0,0,0,0,0,0,0,0,0,0,0
"1528","unmercif",0,0,0,0,0,0,0,0,0,0,0,0,0,0,0,0
"1529","unmerry",0,0,0,0,0,0,0,0,0,0,0,0,0,0,0,0
"1530","unmethod",0,0,0,0,0,0,0,0,0,0,0,0,0,0,0,0
"1531","unmild",0,0,0,0,0,0,0,0,0,0,0,0,0,0,0,0
"1532","unmindfu",0,0,0,0,0,0,0,0,0,0,0,0,0,0,0,0
"1533","unmirthf",0,0,0,0,0,0,0,0,0,0,0,0,0,0,0,0
"1534","unmodifi",0,0,0,0,0,0,0,0,0,0,0,0,0,0,0,0
"1535","unmoralz",0,0,0,0,0,0,0,0,0,0,0,0,0,0,0,0
"1536","unmovabl",0,0,0,0,0,0,0,0,0,0,0,0,0,0,0,0
"1537","unneighb",0,0,0,0,0,0,0,0,0,0,0,0,0,0,0,0
"1538","unniggar",0,0,0,0,0,0,0,0,0,0,0,0,0,0,0,0
"1539","unobligi",0,0,0,0,0,0,0,0,0,0,0,0,0,0,0,0
"1540","unobserv",0,0,0,0,0,0,0,0,0,0,0,0,0,0,0,0
"1541","unobtrus",0,0,0,0,0,0,0,0,0,0,0,0,0,0,0,0
"1542","unorigin",0,0,0,0,0,0,0,0,0,0,0,0,0,0,0,0
"1543","unostent",0,0,0,0,0,0,0,0,0,0,0,0,0,0,0,0
"1544","unpardon",0,0,0,0,0,0,0,0,0,0,0,0,0,0,0,0
"1545","unpartis",0,0,0,0,0,0,0,0,0,0,0,0,0,0,0,0
"1546","unpeacea",0,0,0,0,0,0,0,0,0,0,0,0,0,0,0,0
"1547","unpercep",0,0,0,0,0,0,0,0,0,0,0,0,0,0,0,0
"1548","unperson",0,0,0,0,0,0,0,0,0,0,0,0,0,0,0,0
"1549","unpersud",0,0,0,0,0,0,0,0,0,0,0,0,0,0,0,0
"1550","unpersus",0,0,0,0,0,0,0,0,0,0,0,0,0,0,0,0
"1551","unphilan",0,0,0,0,0,0,0,0,0,0,0,0,0,0,0,0
"1552","unphilos",0,0,0,0,0,0,0,0,0,0,0,0,0,0,0,0
"1553","unpityin",0,0,0,0,0,0,0,0,0,0,0,0,0,0,0,0
"1554","unpleasa",0,0,0,0,0,0,0,0,0,0,0,0,0,0,0,0
"1555","unpliabl",0,0,0,0,0,0,0,0,0,0,0,0,0,0,0,0
"1556","unpoised",0,0,0,0,0,0,0,0,0,0,0,0,0,0,0,0
"1557","unpolish",0,0,0,0,0,0,0,0,0,0,0,0,0,0,0,0
"1558","unpoliti",0,0,0,0,0,0,0,0,0,0,0,0,0,0,0,0
"1559","unpreach",0,0,0,0,0,0,0,0,0,0,0,0,0,0,0,0
"1560","unpredic",0,0,0,0,0,0,0,0,0,0,0,0,0,0,0,0
"1561","unpresum",0,0,0,0,0,0,0,0,0,0,0,0,0,0,0,0
"1562","unpretnd",0,0,0,0,0,0,0,0,0,0,0,0,0,0,0,0
"1563","unpretnt",0,0,0,0,0,0,0,0,0,0,0,0,0,0,0,0
"1564","unprinci",0,0,0,0,0,0,0,0,0,0,0,0,0,0,0,0
"1565","unproduc",0,0,0,0,0,0,0,0,0,0,0,0,0,0,0,0
"1566","unprogre",0,0,0,0,0,0,0,0,0,0,0,0,0,0,0,0
"1567","unprovin",0,0,0,0,0,0,0,0,0,0,0,0,0,0,0,0
"1568","unpunctu",0,0,0,0,0,0,0,0,0,0,0,0,0,0,0,0
"1569","unpurpos",0,0,0,0,0,0,0,0,0,0,0,0,0,0,0,0
"1570","unquesti",0,0,0,0,0,0,0,0,0,0,0,0,0,0,0,0
"1571","unrealis",0,0,0,0,0,0,0,0,0,0,0,0,0,0,0,0
"1572","unreasbl",0,0,0,0,0,0,0,0,0,0,0,0,0,0,0,0
"1573","unreasng",0,0,0,0,0,0,0,0,0,0,0,0,0,0,0,0
"1574","unrecept",0,0,0,0,0,0,0,0,0,0,0,0,0,0,0,0
"1575","unrefine",0,0,0,0,0,0,0,0,0,0,0,0,0,0,0,0
"1576","unreflec",0,0,0,0,0,0,0,0,0,0,0,0,0,0,0,0
"1577","unreined",0,0,0,0,0,0,0,0,0,0,0,0,0,0,0,0
"1578","unrelaxi",0,0,0,0,0,0,0,0,0,0,0,0,0,0,0,0
"1579","unrelent",0,0,0,0,0,0,0,0,0,0,0,0,0,0,0,0
"1580","unreliab",0,0,0,0,0,0,0,0,0,0,0,0,0,0,0,0
"1581","unreligi",0,0,0,0,0,0,0,0,0,0,0,0,0,0,0,0
"1582","unrepres",0,0,0,0,0,0,0,0,0,0,0,0,0,0,0,0
"1583","unreproc",0,0,0,0,0,0,0,0,0,0,0,0,0,0,0,0
"1584","unreserv",0,0,0,0,0,0,0,0,0,0,0,0,0,0,0,0
"1585","unrespec",0,0,0,0,0,0,0,0,0,0,0,0,0,0,0,0
"1586","unrespon",0,0,0,0,0,0,0,0,0,0,0,0,0,0,0,0
"1587","unrestbl",0,0,0,0,0,0,0,0,0,0,0,0,0,0,0,0
"1588","unrestin",0,0,0,0,0,0,0,0,0,0,0,0,0,0,0,0
"1589","unrestra",0,0,0,0,0,0,0,0,0,0,0,0,0,0,0,0
"1590","unreveal",0,0,0,0,0,0,0,0,0,0,0,0,0,0,0,0
"1591","unreveng",0,0,0,0,0,0,0,0,0,0,0,0,0,0,0,0
"1592","unromant",0,0,0,0,0,0,0,0,0,0,0,0,0,0,0,0
"1593","unrude",0,0,0,0,0,0,0,0,0,0,0,0,0,0,0,0
"1594","unsaintl",0,0,0,0,0,0,0,0,0,0,0,0,0,0,0,0
"1595","unsatisf",0,0,0,0,0,0,0,0,0,0,0,0,0,0,0,0
"1596","unschola",0,0,0,0,0,0,0,0,0,0,0,0,0,0,0,0
"1597","unschool",0,0,0,0,0,0,0,0,0,0,0,0,0,0,0,0
"1598","unscornf",0,0,0,0,0,0,0,0,0,0,0,0,0,0,0,0
"1599","unscrupu",0,0,0,0,0,0,0,0,0,0,0,0,0,0,0,0
"1600","unsearch",0,0,0,0,0,0,0,0,0,0,0,0,0,0,0,0
"1601","unselfco",0,0,0,0,0,0,0,0,0,0,0,0,0,0,0,0
"1602","unselfis",0,0,0,0,0,0,0,0,0,0,0,0,0,0,0,0
"1603","unsentim",0,0,0,0,0,0,0,0,0,0,0,0,0,0,0,0
"1604","unsevere",0,0,0,0,0,0,0,0,0,0,0,0,0,0,0,0
"1605","unshakab",0,0,0,0,0,0,0,0,0,0,0,0,0,0,0,0
"1606","unshrink",0,0,0,0,0,0,0,0,0,0,0,0,0,0,0,0
"1607","unshy",0,0,0,0,0,0,0,0,0,0,0,0,0,0,0,0
"1608","unskepti",0,0,0,0,0,0,0,0,0,0,0,0,0,0,0,0
"1609","unsly",0,0,0,0,0,0,0,0,0,0,0,0,0,0,0,0
"1610","unsmilin",0,0,0,0,0,0,0,0,0,0,0,0,0,0,0,0
"1611","unsociab",0,0,0,0,0,0,0,0,0,0,0,0,0,0,0,0
"1612","unsolemn",0,0,0,0,0,0,0,0,0,0,0,0,0,0,0,0
"1613","unsolici",0,0,0,0,0,0,0,0,0,0,0,0,0,0,0,0
"1614","unsophis",0,0,0,0,0,0,0,0,0,0,0,0,0,0,0,0
"1615","unsparkl",0,0,0,0,0,0,0,0,0,0,0,0,0,0,0,0
"1616","unspeaki",0,0,0,0,0,0,0,0,0,0,0,0,0,0,0,0
"1617","unspirit",0,0,0,0,0,0,0,0,0,0,0,0,0,0,0,0
"1618","unsponta",0,0,0,0,0,0,0,0,0,0,0,0,0,0,0,0
"1619","unsports",0,0,0,0,0,0,0,0,0,0,0,0,0,0,0,0
"1620","unstable",0,0,0,0,0,0,0,0,0,0,0,0,0,0,0,0
"1621","unsteadf",0,0,0,0,0,0,0,0,0,0,0,0,0,0,0,0
"1622","unstirra",0,0,0,0,0,0,0,0,0,0,0,0,0,0,0,0
"1623","unstormy",0,0,0,0,0,0,0,0,0,0,0,0,0,0,0,0
"1624","unstudio",0,0,0,0,0,0,0,0,0,0,0,0,0,0,0,0
"1625","unsubdua",0,0,0,0,0,0,0,0,0,0,0,0,0,0,0,0
"1626","unsubmis",0,0,0,0,0,0,0,0,0,0,0,0,0,0,0,0
"1627","unsunny",0,0,0,0,0,0,0,0,0,0,0,0,0,0,0,0
"1628","unsure",0,0,0,0,0,0,0,0,0,0,0,0,0,0,0,0
"1629","unsuspic",0,0,0,0,0,0,0,0,0,0,0,0,0,0,0,0
"1630","unswayab",0,0,0,0,0,0,0,0,0,0,0,0,0,0,0,0
"1631","unswervi",0,0,0,0,0,0,0,0,0,0,0,0,0,0,0,0
"1632","unsympat",0,0,0,0,0,0,0,0,0,0,0,0,0,0,0,0
"1633","unsystem",0,0,0,0,0,0,0,0,0,0,0,0,0,0,0,0
"1634","untalkat",0,0,0,0,0,0,0,0,0,0,0,0,0,0,0,0
"1635","untamabl",0,0,0,0,0,0,0,0,0,0,0,0,0,0,0,0
"1636","untastef",0,0,0,0,0,0,0,0,0,0,0,0,0,0,0,0
"1637","unteacha",0,0,0,0,0,0,0,0,0,0,0,0,0,0,0,0
"1638","untempta",0,0,0,0,0,0,0,0,0,0,0,0,0,0,0,0
"1639","untender",0,0,0,0,0,0,0,0,0,0,0,0,0,0,0,0
"1640","untheatr",0,0,0,0,0,0,0,0,0,0,0,0,0,0,0,0
"1641","unthinki",0,0,0,0,0,0,0,0,0,0,0,0,0,0,0,0
"1642","unthorou",0,0,0,0,0,0,0,0,0,0,0,0,0,0,0,0
"1643","unthrift",0,0,0,0,0,0,0,0,0,0,0,0,0,0,0,0
"1644","untraine",0,0,0,0,0,0,0,0,0,0,0,0,0,0,0,0
"1645","untransp",0,0,0,0,0,0,0,0,0,0,0,0,0,0,0,0
"1646","untrustf",0,0,0,0,0,0,0,0,0,0,0,0,0,0,0,0
"1647","untrustw",0,0,0,0,0,0,0,0,0,0,0,0,0,0,0,0
"1648","untruthf",0,0,0,0,0,0,0,0,0,0,0,0,0,0,0,0
"1649","untutore",0,0,0,0,0,0,0,0,0,0,0,0,0,0,0,0
"1650","unvacill",0,0,0,0,0,0,0,0,0,0,0,0,0,0,0,0
"1651","unvain",0,0,0,0,0,0,0,0,0,0,0,0,0,0,0,0
"1652","unvalian",0,0,0,0,0,0,0,0,0,0,0,0,0,0,0,0
"1653","unvaryin",0,0,0,0,0,0,0,0,0,0,0,0,0,0,0,0
"1654","unventur",0,0,0,0,0,0,0,0,0,0,0,0,0,0,0,0
"1655","unvigila",0,0,0,0,0,0,0,0,0,0,0,0,0,0,0,0
"1656","unvigoro",0,0,0,0,0,0,0,0,0,0,0,0,0,0,0,0
"1657","unvindic",0,0,0,0,0,0,0,0,0,0,0,0,0,0,0,0
"1658","unvision",0,0,0,0,0,0,0,0,0,0,0,0,0,0,0,0
"1659","unvocal",0,0,0,0,0,0,0,0,0,0,0,0,0,0,0,0
"1660","unvolupt",0,0,0,0,0,0,0,0,0,0,0,0,0,0,0,0
"1661","unwarlik",0,0,0,0,0,0,0,0,0,0,0,0,0,0,0,0
"1662","unwastef",0,0,0,0,0,0,0,0,0,0,0,0,0,0,0,0
"1663","unwatchf",0,0,0,0,0,0,0,0,0,0,0,0,0,0,0,0
"1664","unwaveri",0,0,0,0,0,0,0,0,0,0,0,0,0,0,0,0
"1665","unwild",0,0,0,0,0,0,0,0,0,0,0,0,0,0,0,0
"1666","unwillfu",0,0,0,0,0,0,0,0,0,0,0,0,0,0,0,0
"1667","unwily",0,0,0,0,0,0,0,0,0,0,0,0,0,0,0,0
"1668","unwitty",0,0,0,0,0,0,0,0,0,0,0,0,0,0,0,0
"1669","unworldl",0,0,0,0,0,0,0,0,0,0,0,0,0,0,0,0
"1670","unyieldi",0,0,0,0,0,0,0,0,0,0,0,0,0,0,0,0
"1671","unzealou",0,0,0,0,0,0,0,0,0,0,0,0,0,0,0,0
"1672","variable",0,0,0,0,0,0,0,0,0,0,0,0,0,0,0,0
"1673","vengeful",0,0,0,0,0,0,0,0,0,0,0,0,0,0,0,0
"1674","ventures",0,0,0,0,0,0,0,0,0,0,0,0,0,0,0,0
"1675","venturou",0,0,0,0,0,0,0,0,0,0,0,0,0,0,0,0
"1676","verbose",0,0,0,0,0,0,0,0,0,0,0,0,0,0,0,0
"1677","versatil",0,0,0,0,0,0,0,0,0,0,0,0,0,0,0,0
"1678","vibrant",0,0,0,0,0,0,0,0,0,0,0,0,0,0,0,0
"1679","vigorles",0,0,0,0,0,0,0,0,0,0,0,0,0,0,0,0
"1680","vindicti",0,0,0,0,0,0,0,0,0,0,0,0,0,0,0,0
"1681","virile",0,0,0,0,0,0,0,0,0,0,0,0,0,0,0,0
"1682","visionar",0,0,0,0,0,0,0,0,0,0,0,0,0,0,0,0
"1683","vivaciou",0,0,0,0,0,0,0,0,0,0,0,0,0,0,0,0
"1684","volcanic",0,0,0,0,0,0,0,0,0,0,0,0,0,0,0,0
"1685","voluptuo",0,0,0,0,0,0,0,0,0,0,0,0,0,0,0,0
"1686","warmhear",0,0,0,0,0,0,0,0,0,0,0,0,0,0,0,0
"1687","warmthle",0,0,0,0,0,0,0,0,0,0,0,0,0,0,0,0
"1688","weakhear",0,0,0,0,0,0,0,0,0,0,0,0,0,0,0,0
"1689","weakknee",0,0,0,0,0,0,0,0,0,0,0,0,0,0,0,0
"1690","weakspir",0,0,0,0,0,0,0,0,0,0,0,0,0,0,0,0
"1691","weariles",0,0,0,0,0,0,0,0,0,0,0,0,0,0,0,0
"1692","weepy",0,0,0,0,0,0,0,0,0,0,0,0,0,0,0,0
"1693","wellmann",0,0,0,0,0,0,0,0,0,0,0,0,0,0,0,0
"1694","wellread",0,0,0,0,0,0,0,0,0,0,0,0,0,0,0,0
"1695","wellspok",0,0,0,0,0,0,0,0,0,0,0,0,0,0,0,0
"1696","whimsica",0,0,0,0,0,0,0,0,0,0,0,0,0,0,0,0
"1697","whiny",0,0,0,0,0,0,0,0,0,0,0,0,0,0,0,0
"1698","wideawak",0,0,0,0,0,0,0,0,0,0,0,0,0,0,0,0
"1699","wishywas",0,0,0,0,0,0,0,0,0,0,0,0,0,0,0,0
"1700","withdrwg",0,0,0,0,0,0,0,0,0,0,0,0,0,0,0,0
"1701","withdrwn",0,0,0,0,0,0,0,0,0,0,0,0,0,0,0,0
"1702","worldlym",0,0,0,0,0,0,0,0,0,0,0,0,0,0,0,0
"1703","worldlyw",0,0,0,0,0,0,0,0,0,0,0,0,0,0,0,0
"1704","worldwea",0,0,0,0,0,0,0,0,0,0,0,0,0,0,0,0
"1705","worriles",0,0,0,0,0,0,0,0,0,0,0,0,0,0,0,0
"1706","worshipf",0,0,0,0,0,0,0,0,0,0,0,0,0,0,0,0
"1707","zany",0,0,0,0,0,0,0,0,0,0,0,0,0,0,0,0
"1708","zealless",0,0,0,0,0,0,0,0,0,0,0,0,0,0,0,0
"1709","zestful",0,0,0,0,0,0,0,0,0,0,0,0,0,0,0,0
