"","Words","count.present","Emma","Mansfield Park","Northanger Abbey","Persuasion","Pride and Prejudice","Sense and Sensibility"
"1","abusive",2,0,0,0,0,2,0
"2","accomplished",12,4,2,0,2,3,1
"3","active",36,7,10,2,5,4,8
"4","admirable",7,2,1,0,0,3,1
"5","adorable",0,0,0,0,0,0,0
"6","adventurous",1,1,0,0,0,0,0
"7","affectionate",68,7,13,10,3,16,19
"8","afraid",151,44,30,15,12,31,19
"9","aggravating",0,0,0,0,0,0,0
"10","aggressive",0,0,0,0,0,0,0
"11","agreeable",176,38,41,16,29,34,18
"12","alcoholic",0,0,0,0,0,0,0
"13","alert",2,1,1,0,0,0,0
"14","alone",69,10,18,7,7,11,16
"15","amazing",12,3,5,2,0,1,1
"16","ambitious",4,0,3,0,1,0,0
"17","amusing",16,5,3,2,3,2,1
"18","angry",75,15,20,9,4,17,10
"19","annoyed",1,0,0,0,0,1,0
"20","annoying",0,0,0,0,0,0,0
"21","anxious",142,28,35,16,17,22,24
"22","appealing",0,0,0,0,0,0,0
"23","appreciated",0,0,0,0,0,0,0
"24","appreciative",0,0,0,0,0,0,0
"25","argumentative",1,1,0,0,0,0,0
"26","arrogant",1,0,0,0,0,1,0
"27","artificial",8,0,2,0,4,1,1
"28","artistic",0,0,0,0,0,0,0
"29","ashamed",86,21,20,12,9,15,9
"30","assertive",0,0,0,0,0,0,0
"31","athletic",0,0,0,0,0,0,0
"32","attentive",32,8,6,1,4,9,4
"33","attractive",9,2,3,1,1,0,2
"34","average",0,0,0,0,0,0,0
"35","awake",14,2,5,3,1,2,1
"36","awesome",0,0,0,0,0,0,0
"37","awful",14,0,4,4,2,1,3
"38","awkward",33,11,5,1,3,10,3
"39","bad",127,38,38,8,21,13,9
"40","bashful",2,0,0,0,0,1,1
"41","beautiful",68,18,10,11,5,12,12
"42","believable",0,0,0,0,0,0,0
"43","big",0,0,0,0,0,0,0
"44","bitter",13,2,5,2,0,2,2
"45","blind",19,8,3,0,1,5,2
"46","bold",11,0,2,4,1,1,3
"47","bored",0,0,0,0,0,0,0
"48","boring",0,0,0,0,0,0,0
"49","bossy",0,0,0,0,0,0,0
"50","brave",1,0,0,0,1,0,0
"51","bright",18,2,4,5,5,1,1
"52","brilliant",13,6,3,1,1,0,2
"53","businesslike",0,0,0,0,0,0,0
"54","busy",46,18,12,4,4,1,7
"55","calm",33,4,7,3,3,3,13
"56","capable",70,6,21,5,8,14,16
"57","carefree",0,0,0,0,0,0,0
"58","careful",22,5,2,0,5,4,6
"59","careless",23,3,7,4,5,2,2
"60","caring",0,0,0,0,0,0,0
"61","casual",1,0,0,0,0,1,0
"62","cautious",18,6,2,0,4,4,2
"63","certain",136,24,22,11,12,38,29
"64","charming",65,17,4,15,2,16,11
"65","cheap",8,2,2,1,1,1,1
"66","cheerful",73,27,13,7,8,6,12
"67","childish",0,0,0,0,0,0,0
"68","chubby",0,0,0,0,0,0,0
"69","clean",3,1,0,2,0,0,0
"70","clever",53,17,13,5,7,6,5
"71","closed-minded",0,0,0,0,0,0,0
"72","clumsy",1,0,0,0,1,0,0
"73","cocky",0,0,0,0,0,0,0
"74","cold",100,32,17,7,11,14,19
"75","colorful",0,0,0,0,0,0,0
"76","comfortable",107,29,25,11,11,11,20
"77","comical",0,0,0,0,0,0,0
"78","compassionate",13,4,1,0,1,2,5
"79","compatible",6,1,1,0,2,2,0
"80","competent",4,3,1,0,0,0,0
"81","competitive",0,0,0,0,0,0,0
"82","complaining",0,0,0,0,0,0,0
"83","complicated",1,0,0,0,0,0,1
"84","compulsive",0,0,0,0,0,0,0
"85","conceited",4,2,0,0,0,2,0
"86","concerned",31,10,4,3,3,6,5
"87","confident",15,3,2,2,2,3,3
"88","confused",11,3,2,0,2,2,2
"89","confusing",0,0,0,0,0,0,0
"90","conscientious",6,0,2,1,0,1,2
"91","conservative",0,0,0,0,0,0,0
"92","considerate",9,2,4,0,0,0,3
"93","consistent",13,1,5,1,2,3,1
"94","constructive",0,0,0,0,0,0,0
"95","controlling",0,0,0,0,0,0,0
"96","controversial",0,0,0,0,0,0,0
"97","cool",18,4,4,2,5,2,1
"98","cooperative",0,0,0,0,0,0,0
"99","corrupt",0,0,0,0,0,0,0
"100","courageous",1,1,0,0,0,0,0
"101","courteous",9,0,5,0,3,1,0
"102","crabby",0,0,0,0,0,0,0
"103","cranky",0,0,0,0,0,0,0
"104","crazy",0,0,0,0,0,0,0
"105","creative",1,0,0,0,0,1,0
"106","critical",10,2,3,1,1,1,2
"107","cruel",25,4,3,2,4,4,8
"108","curious",16,3,3,1,3,5,1
"109","cute",0,0,0,0,0,0,0
"110","dangerous",27,8,6,1,8,1,3
"111","daring",2,0,1,0,0,1,0
"112","decent",20,1,2,5,6,3,3
"113","dedicated",0,0,0,0,0,0,0
"114","defensive",0,0,0,0,0,0,0
"115","delighted",74,20,14,7,11,11,11
"116","delightful",105,33,17,18,6,17,14
"117","demanding",0,0,0,0,0,0,0
"118","democratic",0,0,0,0,0,0,0
"119","dependable",0,0,0,0,0,0,0
"120","dependent",12,3,2,0,2,1,4
"121","depressed",6,5,0,0,0,1,0
"122","desirable",56,15,13,2,10,11,5
"123","determined",75,13,21,7,12,9,13
"124","devoted",13,4,4,0,2,0,3
"125","difficult",41,7,10,4,4,11,5
"126","direct",22,6,4,2,3,3,4
"127","disabled",1,0,0,0,1,0,0
"128","disappointed",43,11,5,8,2,7,10
"129","disgusting",8,1,3,1,1,1,1
"130","dishonest",0,0,0,0,0,0,0
"131","disobedient",0,0,0,0,0,0,0
"132","disorganized",0,0,0,0,0,0,0
"133","disrespectful",5,0,2,1,1,1,0
"134","distinguished",13,1,3,3,2,2,2
"135","disturbed",3,0,0,0,0,1,2
"136","dominant",0,0,0,0,0,0,0
"137","down-to-earth",0,0,0,0,0,0,0
"138","dumb",0,0,0,0,0,0,0
"139","eager",89,18,18,12,10,13,18
"140","easygoing",0,0,0,0,0,0,0
"141","educated",0,0,0,0,0,0,0
"142","effective",0,0,0,0,0,0,0
"143","efficient",0,0,0,0,0,0,0
"144","elderly",6,2,0,0,0,1,3
"145","embarrassed",15,1,2,3,2,5,2
"146","embarrassing",4,1,2,1,0,0,0
"147","emotional",0,0,0,0,0,0,0
"148","employed",0,0,0,0,0,0,0
"149","encouraged",3,1,0,0,0,1,1
"150","encouraging",13,3,2,0,3,2,3
"151","energetic",2,1,0,0,0,1,0
"152","entertaining",9,4,2,1,2,0,0
"153","enthusiastic",2,0,0,0,0,0,2
"154","ethical",0,0,0,0,0,0,0
"155","evil",15,6,5,0,2,1,1
"156","excellent",101,25,19,11,18,18,10
"157","exceptional",0,0,0,0,0,0,0
"158","excited",5,1,1,0,0,1,2
"159","exciting",11,5,3,0,0,1,2
"160","exhausted",2,1,0,0,0,1,0
"161","experienced",2,0,0,1,1,0,0
"162","expressive",12,2,4,0,1,2,3
"163","extraordinary",69,19,8,7,10,16,9
"164","fair",97,22,28,11,11,17,8
"165","faithful",12,2,1,4,1,3,1
"166","familiar",14,3,5,1,1,3,1
"167","famous",13,3,2,6,1,0,1
"168","fascinating",1,0,0,0,0,0,1
"169","fat",4,0,1,0,2,0,1
"170","feminine",5,1,3,0,0,0,1
"171","fine",157,31,39,24,23,20,20
"172","firm",9,2,0,1,1,3,2
"173","flexible",0,0,0,0,0,0,0
"174","foolish",33,8,8,5,2,6,4
"175","forgetful",2,0,1,0,1,0,0
"176","forgiving",1,1,0,0,0,0,0
"177","fortunate",52,23,5,3,2,15,4
"178","forward",2,0,1,0,1,0,0
"179","friendly",52,18,12,2,7,7,6
"180","frightening",1,0,0,1,0,0,0
"181","frustrated",0,0,0,0,0,0,0
"182","frustrating",0,0,0,0,0,0,0
"183","funny",0,0,0,0,0,0,0
"184","furious",1,0,0,1,0,0,0
"185","generous",31,4,6,5,2,9,5
"186","gentle",58,14,17,7,7,5,8
"187","genuine",18,3,7,3,0,2,3
"188","gifted",1,0,0,0,1,0,0
"189","giving",0,0,0,0,0,0,0
"190","glad",201,41,51,23,25,27,34
"191","glamorous",0,0,0,0,0,0,0
"192","good",577,132,135,57,74,93,86
"193","good-for-nothing",0,0,0,0,0,0,0
"194","good-humored",0,0,0,0,0,0,0
"195","good-looking",0,0,0,0,0,0,0
"196","good-natured",0,0,0,0,0,0,0
"197","gorgeous",0,0,0,0,0,0,0
"198","graceful",14,4,2,2,1,1,4
"199","gracious",15,2,1,2,0,7,3
"200","grateful",58,14,13,4,4,12,11
"201","great",534,130,120,54,60,86,84
"202","greedy",2,0,0,2,0,0,0
"203","grouchy",0,0,0,0,0,0,0
"204","grumpy",0,0,0,0,0,0,0
"205","handicapped",0,0,0,0,0,0,0
"206","handsome",115,25,18,18,13,22,19
"207","happy",352,85,76,35,43,52,61
"208","hard",33,8,8,3,3,7,4
"209","hard-working",0,0,0,0,0,0,0
"210","harmless",5,2,0,2,0,0,1
"211","healthy",7,3,0,0,2,1,1
"212","heartbroken",0,0,0,0,0,0,0
"213","helpful",0,0,0,0,0,0,0
"214","helpless",11,2,4,1,3,0,1
"215","hilarious",0,0,0,0,0,0,0
"216","homeless",0,0,0,0,0,0,0
"217","honest",26,5,6,7,1,1,6
"218","hopeful",4,0,3,1,0,0,0
"219","hostile",1,0,0,0,0,0,1
"220","hot-tempered",0,0,0,0,0,0,0
"221","humiliated",0,0,0,0,0,0,0
"222","humorous",1,0,1,0,0,0,0
"223","idealistic",0,0,0,0,0,0,0
"224","ignorant",37,9,3,4,2,14,5
"225","imaginative",0,0,0,0,0,0,0
"226","immature",0,0,0,0,0,0,0
"227","impatient",54,11,12,8,6,8,9
"228","impolite",1,1,0,0,0,0,0
"229","important",66,17,14,7,6,10,12
"230","impressive",1,0,0,0,0,1,0
"231","impulsive",0,0,0,0,0,0,0
"232","incompetent",1,0,1,0,0,0,0
"233","inconsiderate",3,2,1,0,0,0,0
"234","indecisive",1,0,0,0,1,0,0
"235","independent",35,9,11,4,2,2,7
"236","inexperienced",3,0,1,0,0,0,2
"237","influential",0,0,0,0,0,0,0
"238","informal",0,0,0,0,0,0,0
"239","innocent",9,1,3,1,0,2,2
"240","insane",1,1,0,0,0,0,0
"241","insecure",0,0,0,0,0,0,0
"242","insensitive",0,0,0,0,0,0,0
"243","insulting",0,0,0,0,0,0,0
"244","intellectual",5,3,1,1,0,0,0
"245","intelligent",15,4,1,2,3,4,1
"246","interested",41,11,9,4,3,6,8
"247","interesting",87,27,13,8,10,14,15
"248","intimidating",0,0,0,0,0,0,0
"249","involved",2,0,1,0,0,0,1
"250","irrational",5,1,2,0,1,0,1
"251","irresponsible",0,0,0,0,0,0,0
"252","irritable",7,1,0,1,1,2,2
"253","irritated",3,0,1,1,0,0,1
"254","irritating",0,0,0,0,0,0,0
"255","jealous",23,3,3,4,5,3,5
"256","joyful",16,3,5,4,0,2,2
"257","kind",131,41,33,13,12,17,15
"258","kind-hearted",0,0,0,0,0,0,0
"259","knowledgeable",0,0,0,0,0,0,0
"260","laid-back",0,0,0,0,0,0,0
"261","laughing",0,0,0,0,0,0,0
"262","lazy",4,1,2,1,0,0,0
"263","level-headed",0,0,0,0,0,0,0
"264","liberal",23,7,3,4,2,3,4
"265","likeable",0,0,0,0,0,0,0
"266","little",591,142,140,58,73,92,86
"267","lively",60,9,18,6,6,14,7
"268","logical",0,0,0,0,0,0,0
"269","lonely",3,1,1,1,0,0,0
"270","lonesome",0,0,0,0,0,0,0
"271","loud",16,2,6,4,0,0,4
"272","lovable",0,0,0,0,0,0,0
"273","lovely",33,10,9,2,5,3,4
"274","loving",0,0,0,0,0,0,0
"275","loyal",1,0,1,0,0,0,0
"276","lucky",32,5,5,3,4,6,9
"277","masculine",0,0,0,0,0,0,0
"278","materialistic",0,0,0,0,0,0,0
"279","mature",3,0,0,1,1,1,0
"280","mean",11,0,2,0,0,5,4
"281","messy",0,0,0,0,0,0,0
"282","middle-aged",0,0,0,0,0,0,0
"283","middle-class",0,0,0,0,0,0,0
"284","modest",26,3,15,1,3,2,2
"285","moody",0,0,0,0,0,0,0
"286","motherly",0,0,0,0,0,0,0
"287","muscular",0,0,0,0,0,0,0
"288","naive",0,0,0,0,0,0,0
"289","narrow-minded",0,0,0,0,0,0,0
"290","natural",153,41,35,11,18,19,29
"291","neat",17,6,3,3,2,1,2
"292","needy",0,0,0,0,0,0,0
"293","negative",8,1,3,0,2,1,1
"294","neglected",0,0,0,0,0,0,0
"295","neighborly",0,0,0,0,0,0,0
"296","nervous",25,10,3,0,3,4,5
"297","nice",42,9,11,3,9,5,5
"298","noisy",16,2,5,1,1,3,4
"299","normal",0,0,0,0,0,0,0
"300","nosy",0,0,0,0,0,0,0
"301","obnoxious",0,0,0,0,0,0,0
"302","observant",7,2,0,0,3,0,2
"303","obsessive",0,0,0,0,0,0,0
"304","offensive",7,0,4,0,2,1,0
"305","old",201,59,46,23,29,13,31
"306","old-fashioned",0,0,0,0,0,0,0
"307","open",124,26,21,18,20,11,28
"308","open-minded",0,0,0,0,0,0,0
"309","opinionated",0,0,0,0,0,0,0
"310","optimistic",0,0,0,0,0,0,0
"311","ordinary",16,2,2,4,0,3,5
"312","organized",0,0,0,0,0,0,0
"313","original",16,5,3,1,1,5,1
"314","outgoing",0,0,0,0,0,0,0
"315","outspoken",0,0,0,0,0,0,0
"316","outstanding",0,0,0,0,0,0,0
"317","overrated",0,0,0,0,0,0,0
"318","overworked",0,0,0,0,0,0,0
"319","passionate",1,0,0,0,0,0,1
"320","pathetic",3,0,1,0,1,1,0
"321","patient",5,2,0,2,1,0,0
"322","peaceful",0,0,0,0,0,0,0
"323","perceptive",0,0,0,0,0,0,0
"324","persistent",0,0,0,0,0,0,0
"325","persuasive",1,0,1,0,0,0,0
"326","phony",0,0,0,0,0,0,0
"327","plain",41,12,5,7,5,8,4
"328","playful",12,2,5,1,1,2,1
"329","pleasant",117,30,36,12,11,17,11
"330","pleased",136,34,29,10,15,27,21
"331","pleasing",65,18,8,6,6,18,9
"332","polite",19,2,1,3,4,5,4
"333","poor",225,70,52,21,28,23,31
"334","popular",4,1,1,0,1,1,0
"335","positive",30,4,4,9,3,3,7
"336","possessive",0,0,0,0,0,0,0
"337","powerful",16,5,3,0,4,3,1
"338","practical",1,0,1,0,0,0,0
"339","predictable",0,0,0,0,0,0,0
"340","prejudiced",3,1,1,0,0,0,1
"341","preoccupied",0,0,0,0,0,0,0
"342","presentable",0,0,0,0,0,0,0
"343","pretty",96,20,27,11,11,11,16
"344","private",61,10,17,6,6,11,11
"345","procrastinating",0,0,0,0,0,0,0
"346","productive",6,1,0,1,0,1,3
"347","professional",3,1,2,0,0,0,0
"348","prominent",4,3,1,0,0,0,0
"349","prompt",5,3,0,0,1,1,0
"350","proper",120,36,24,8,16,16,20
"351","prosperous",12,4,3,0,2,2,1
"352","protective",0,0,0,0,0,0,0
"353","proud",41,6,5,2,4,17,7
"354","punctual",9,1,3,1,0,3,1
"355","quiet",84,24,22,8,11,7,12
"356","radical",0,0,0,0,0,0,0
"357","realistic",0,0,0,0,0,0,0
"358","reasonable",63,18,12,4,5,12,12
"359","rebellious",0,0,0,0,0,0,0
"360","reckless",0,0,0,0,0,0,0
"361","relaxed",0,0,0,0,0,0,0
"362","reliable",0,0,0,0,0,0,0
"363","religious",3,0,1,1,1,0,0
"364","remarkable",27,3,3,8,4,7,2
"365","resourceful",0,0,0,0,0,0,0
"366","respectable",67,18,15,4,5,13,12
"367","respected",4,0,1,0,0,1,2
"368","respectful",8,2,2,1,0,1,2
"369","responsible",2,0,0,0,2,0,0
"370","retarded",0,0,0,0,0,0,0
"371","rich",65,14,9,8,9,11,14
"372","ridiculous",22,4,5,2,0,4,7
"373","romantic",9,1,1,1,1,1,4
"374","rough",10,1,4,0,4,1,0
"375","rowdy",0,0,0,0,0,0,0
"376","rude",17,6,1,3,0,3,4
"377","rushed",0,0,0,0,0,0,0
"378","sad",50,21,14,3,5,4,3
"379","sarcastic",3,1,1,0,0,1,0
"380","satisfied",143,36,37,10,18,21,21
"381","scared",0,0,0,0,0,0,0
"382","secure",29,5,5,7,2,5,5
"383","seductive",0,0,0,0,0,0,0
"384","self-assured",0,0,0,0,0,0,0
"385","self-centered",0,0,0,0,0,0,0
"386","self-confident",0,0,0,0,0,0,0
"387","self-conscious",0,0,0,0,0,0,0
"388","self-sufficient",0,0,0,0,0,0,0
"389","self-supporting",0,0,0,0,0,0,0
"390","selfish",38,4,10,3,4,6,11
"391","senile",0,0,0,0,0,0,0
"392","sensible",112,24,18,7,21,31,11
"393","sensitive",1,0,0,0,0,0,1
"394","sentimental",2,0,0,1,1,0,0
"395","serious",110,23,28,4,15,19,21
"396","sexy",0,0,0,0,0,0,0
"397","shallow",1,0,0,1,0,0,0
"398","short",243,53,46,34,39,34,37
"399","short-tempered",0,0,0,0,0,0,0
"400","shy",11,0,3,1,2,2,3
"401","sincere",36,5,3,5,4,9,10
"402","skilled",0,0,0,0,0,0,0
"403","skillful",0,0,0,0,0,0,0
"404","skinny",0,0,0,0,0,0,0
"405","sleepy",0,0,0,0,0,0,0
"406","slender",1,0,0,0,1,0,0
"407","slim",0,0,0,0,0,0,0
"408","sloppy",0,0,0,0,0,0,0
"409","smart",16,0,1,3,1,2,9
"410","snobbish",0,0,0,0,0,0,0
"411","sociable",2,0,1,0,0,0,1
"412","social",10,5,2,1,1,1,0
"413","soft-spoken",0,0,0,0,0,0,0
"414","sophisticated",0,0,0,0,0,0,0
"415","spoiled",3,2,1,0,0,0,0
"416","spontaneous",5,1,1,0,2,0,1
"417","stable",10,2,4,2,1,0,1
"418","stingy",0,0,0,0,0,0,0
"419","straightforward",3,3,0,0,0,0,0
"420","strange",69,12,9,19,3,10,16
"421","strict",15,3,4,2,4,0,2
"422","strong",148,35,40,10,23,15,25
"423","stubborn",5,0,0,2,0,0,3
"424","stuck-up",0,0,0,0,0,0,0
"425","stupid",25,3,6,6,1,4,5
"426","successful",14,3,4,2,1,3,1
"427","superstitious",0,0,0,0,0,0,0
"428","supportive",0,0,0,0,0,0,0
"429","surprised",75,0,18,13,7,21,16
"430","suspicious",10,2,2,0,3,1,2
"431","sweet",71,20,17,11,7,6,10
"432","sympathetic",6,0,3,1,2,0,0
"433","talented",0,0,0,0,0,0,0
"434","talkative",4,2,2,0,0,0,0
"435","tall",31,6,8,2,3,7,5
"436","temperamental",0,0,0,0,0,0,0
"437","tense",0,0,0,0,0,0,0
"438","terrible",11,0,8,0,0,0,3
"439","terrific",4,0,1,2,0,1,0
"440","thankful",33,5,10,2,3,8,5
"441","thin",15,3,1,2,2,5,2
"442","thinking",0,0,0,0,0,0,0
"443","thorough",27,12,4,1,2,3,5
"444","thoughtful",18,4,6,0,3,1,4
"445","thoughtless",11,4,3,1,1,1,1
"446","tiny",0,0,0,0,0,0,0
"447","tired",49,14,10,12,5,3,5
"448","tolerant",0,0,0,0,0,0,0
"449","tough",1,0,1,0,0,0,0
"450","traditional",1,0,0,1,0,0,0
"451","troubled",0,0,0,0,0,0,0
"452","trusted",0,0,0,0,0,0,0
"453","trusting",0,0,0,0,0,0,0
"454","trustworthy",0,0,0,0,0,0,0
"455","truthful",0,0,0,0,0,0,0
"456","unattractive",0,0,0,0,0,0,0
"457","uncomfortable",38,5,6,8,2,7,10
"458","undependable",0,0,0,0,0,0,0
"459","understandable",0,0,0,0,0,0,0
"460","understanding",0,0,0,0,0,0,0
"461","uneducated",0,0,0,0,0,0,0
"462","unemployed",5,1,2,0,1,0,1
"463","unfair",5,4,0,0,0,0,1
"464","unfaithful",0,0,0,0,0,0,0
"465","unforgettable",0,0,0,0,0,0,0
"466","unfriendly",3,1,1,1,0,0,0
"467","ungraceful",1,0,0,1,0,0,0
"468","unhappy",66,15,11,6,4,12,18
"469","uninhibited",0,0,0,0,0,0,0
"470","unlucky",25,4,7,0,1,10,3
"471","unpopular",0,0,0,0,0,0,0
"472","unpredictable",0,0,0,0,0,0,0
"473","unreasonable",29,8,10,1,1,7,2
"474","unreliable",0,0,0,0,0,0,0
"475","unstable",0,0,0,0,0,0,0
"476","unsure",0,0,0,0,0,0,0
"477","unusual",18,5,6,3,1,1,2
"478","upset",0,0,0,0,0,0,0
"479","useful",69,19,31,3,8,6,2
"480","valuable",35,8,7,2,5,8,5
"481","violent",35,2,1,6,2,10,14
"482","warm",81,25,20,6,14,6,10
"483","warm-hearted",0,0,0,0,0,0,0
"484","wasteful",1,0,1,0,0,0,0
"485","weak",21,5,3,0,4,7,2
"486","wealthy",6,0,0,3,1,0,2
"487","weird",0,0,0,0,0,0,0
"488","well",39,14,4,4,5,8,4
"489","well-adjusted",0,0,0,0,0,0,0
"490","well-known",0,0,0,0,0,0,0
"491","well-liked",0,0,0,0,0,0,0
"492","well-to-do",0,0,0,0,0,0,0
"493","wise",20,4,1,3,4,5,3
"494","wishy-washy",0,0,0,0,0,0,0
"495","witty",4,2,0,0,0,1,1
"496","wonderful",37,12,12,5,3,2,3
"497","worthy",35,18,3,5,5,3,1
"498","young",394,96,78,47,43,70,60
"499","youthful",7,2,0,2,1,0,2
