"","Words","count.present","Emma","Mansfield Park","Northanger Abbey","Persuasion","Pride and Prejudice","Sense and Sensibility"
"1","little",591,142,140,58,73,92,86
"2","good",577,132,135,57,74,93,86
"3","great",534,130,120,54,60,86,84
"4","young",394,96,78,47,43,70,60
"5","happy",352,85,76,35,43,52,61
"6","short",243,53,46,34,39,34,37
"7","poor",225,70,52,21,28,23,31
"8","glad",201,41,51,23,25,27,34
"9","old",201,59,46,23,29,13,31
"10","agreeable",176,38,41,16,29,34,18
"11","fine",157,31,39,24,23,20,20
"12","natural",153,41,35,11,18,19,29
"13","afraid",151,44,30,15,12,31,19
"14","strong",148,35,40,10,23,15,25
"15","satisfied",143,36,37,10,18,21,21
"16","anxious",142,28,35,16,17,22,24
"17","certain",136,24,22,11,12,38,29
"18","pleased",136,34,29,10,15,27,21
"19","kind",131,41,33,13,12,17,15
"20","bad",127,38,38,8,21,13,9
"21","open",124,26,21,18,20,11,28
"22","proper",120,36,24,8,16,16,20
"23","pleasant",117,30,36,12,11,17,11
"24","handsome",115,25,18,18,13,22,19
"25","sensible",112,24,18,7,21,31,11
"26","serious",110,23,28,4,15,19,21
"27","comfortable",107,29,25,11,11,11,20
"28","delightful",105,33,17,18,6,17,14
"29","excellent",101,25,19,11,18,18,10
"30","cold",100,32,17,7,11,14,19
"31","fair",97,22,28,11,11,17,8
"32","pretty",96,20,27,11,11,11,16
"33","eager",89,18,18,12,10,13,18
"34","interesting",87,27,13,8,10,14,15
"35","ashamed",86,21,20,12,9,15,9
"36","quiet",84,24,22,8,11,7,12
"37","warm",81,25,20,6,14,6,10
"38","angry",75,15,20,9,4,17,10
"39","determined",75,13,21,7,12,9,13
"40","surprised",75,0,18,13,7,21,16
"41","delighted",74,20,14,7,11,11,11
"42","cheerful",73,27,13,7,8,6,12
"43","sweet",71,20,17,11,7,6,10
"44","capable",70,6,21,5,8,14,16
"45","alone",69,10,18,7,7,11,16
"46","extraordinary",69,19,8,7,10,16,9
"47","strange",69,12,9,19,3,10,16
"48","useful",69,19,31,3,8,6,2
"49","affectionate",68,7,13,10,3,16,19
"50","beautiful",68,18,10,11,5,12,12
"51","respectable",67,18,15,4,5,13,12
"52","important",66,17,14,7,6,10,12
"53","unhappy",66,15,11,6,4,12,18
"54","charming",65,17,4,15,2,16,11
"55","pleasing",65,18,8,6,6,18,9
"56","rich",65,14,9,8,9,11,14
"57","reasonable",63,18,12,4,5,12,12
"58","private",61,10,17,6,6,11,11
"59","lively",60,9,18,6,6,14,7
"60","gentle",58,14,17,7,7,5,8
"61","grateful",58,14,13,4,4,12,11
"62","desirable",56,15,13,2,10,11,5
"63","impatient",54,11,12,8,6,8,9
"64","clever",53,17,13,5,7,6,5
"65","fortunate",52,23,5,3,2,15,4
"66","friendly",52,18,12,2,7,7,6
"67","sad",50,21,14,3,5,4,3
"68","tired",49,14,10,12,5,3,5
"69","busy",46,18,12,4,4,1,7
"70","disappointed",43,11,5,8,2,7,10
"71","nice",42,9,11,3,9,5,5
"72","difficult",41,7,10,4,4,11,5
"73","interested",41,11,9,4,3,6,8
"74","plain",41,12,5,7,5,8,4
"75","proud",41,6,5,2,4,17,7
"76","well",39,14,4,4,5,8,4
"77","selfish",38,4,10,3,4,6,11
"78","uncomfortable",38,5,6,8,2,7,10
"79","ignorant",37,9,3,4,2,14,5
"80","wonderful",37,12,12,5,3,2,3
"81","active",36,7,10,2,5,4,8
"82","sincere",36,5,3,5,4,9,10
"83","independent",35,9,11,4,2,2,7
"84","valuable",35,8,7,2,5,8,5
"85","violent",35,2,1,6,2,10,14
"86","worthy",35,18,3,5,5,3,1
"87","awkward",33,11,5,1,3,10,3
"88","calm",33,4,7,3,3,3,13
"89","foolish",33,8,8,5,2,6,4
"90","hard",33,8,8,3,3,7,4
"91","lovely",33,10,9,2,5,3,4
"92","thankful",33,5,10,2,3,8,5
"93","attentive",32,8,6,1,4,9,4
"94","lucky",32,5,5,3,4,6,9
"95","concerned",31,10,4,3,3,6,5
"96","generous",31,4,6,5,2,9,5
"97","tall",31,6,8,2,3,7,5
"98","positive",30,4,4,9,3,3,7
"99","secure",29,5,5,7,2,5,5
"100","unreasonable",29,8,10,1,1,7,2
"101","dangerous",27,8,6,1,8,1,3
"102","remarkable",27,3,3,8,4,7,2
"103","thorough",27,12,4,1,2,3,5
"104","honest",26,5,6,7,1,1,6
"105","modest",26,3,15,1,3,2,2
"106","cruel",25,4,3,2,4,4,8
"107","nervous",25,10,3,0,3,4,5
"108","stupid",25,3,6,6,1,4,5
"109","unlucky",25,4,7,0,1,10,3
"110","careless",23,3,7,4,5,2,2
"111","jealous",23,3,3,4,5,3,5
"112","liberal",23,7,3,4,2,3,4
"113","careful",22,5,2,0,5,4,6
"114","direct",22,6,4,2,3,3,4
"115","ridiculous",22,4,5,2,0,4,7
"116","weak",21,5,3,0,4,7,2
"117","decent",20,1,2,5,6,3,3
"118","wise",20,4,1,3,4,5,3
"119","blind",19,8,3,0,1,5,2
"120","polite",19,2,1,3,4,5,4
"121","bright",18,2,4,5,5,1,1
"122","cautious",18,6,2,0,4,4,2
"123","cool",18,4,4,2,5,2,1
"124","genuine",18,3,7,3,0,2,3
"125","thoughtful",18,4,6,0,3,1,4
"126","unusual",18,5,6,3,1,1,2
"127","neat",17,6,3,3,2,1,2
"128","rude",17,6,1,3,0,3,4
"129","amusing",16,5,3,2,3,2,1
"130","curious",16,3,3,1,3,5,1
"131","joyful",16,3,5,4,0,2,2
"132","loud",16,2,6,4,0,0,4
"133","noisy",16,2,5,1,1,3,4
"134","ordinary",16,2,2,4,0,3,5
"135","original",16,5,3,1,1,5,1
"136","powerful",16,5,3,0,4,3,1
"137","smart",16,0,1,3,1,2,9
"138","confident",15,3,2,2,2,3,3
"139","embarrassed",15,1,2,3,2,5,2
"140","evil",15,6,5,0,2,1,1
"141","gracious",15,2,1,2,0,7,3
"142","intelligent",15,4,1,2,3,4,1
"143","strict",15,3,4,2,4,0,2
"144","thin",15,3,1,2,2,5,2
"145","awake",14,2,5,3,1,2,1
"146","awful",14,0,4,4,2,1,3
"147","familiar",14,3,5,1,1,3,1
"148","graceful",14,4,2,2,1,1,4
"149","successful",14,3,4,2,1,3,1
"150","bitter",13,2,5,2,0,2,2
"151","brilliant",13,6,3,1,1,0,2
"152","compassionate",13,4,1,0,1,2,5
"153","consistent",13,1,5,1,2,3,1
"154","devoted",13,4,4,0,2,0,3
"155","distinguished",13,1,3,3,2,2,2
"156","encouraging",13,3,2,0,3,2,3
"157","famous",13,3,2,6,1,0,1
"158","accomplished",12,4,2,0,2,3,1
"159","amazing",12,3,5,2,0,1,1
"160","dependent",12,3,2,0,2,1,4
"161","expressive",12,2,4,0,1,2,3
"162","faithful",12,2,1,4,1,3,1
"163","playful",12,2,5,1,1,2,1
"164","prosperous",12,4,3,0,2,2,1
"165","bold",11,0,2,4,1,1,3
"166","confused",11,3,2,0,2,2,2
"167","exciting",11,5,3,0,0,1,2
"168","helpless",11,2,4,1,3,0,1
"169","mean",11,0,2,0,0,5,4
"170","shy",11,0,3,1,2,2,3
"171","terrible",11,0,8,0,0,0,3
"172","thoughtless",11,4,3,1,1,1,1
"173","critical",10,2,3,1,1,1,2
"174","rough",10,1,4,0,4,1,0
"175","social",10,5,2,1,1,1,0
"176","stable",10,2,4,2,1,0,1
"177","suspicious",10,2,2,0,3,1,2
"178","attractive",9,2,3,1,1,0,2
"179","considerate",9,2,4,0,0,0,3
"180","courteous",9,0,5,0,3,1,0
"181","entertaining",9,4,2,1,2,0,0
"182","firm",9,2,0,1,1,3,2
"183","innocent",9,1,3,1,0,2,2
"184","punctual",9,1,3,1,0,3,1
"185","romantic",9,1,1,1,1,1,4
"186","artificial",8,0,2,0,4,1,1
"187","cheap",8,2,2,1,1,1,1
"188","disgusting",8,1,3,1,1,1,1
"189","negative",8,1,3,0,2,1,1
"190","respectful",8,2,2,1,0,1,2
"191","admirable",7,2,1,0,0,3,1
"192","healthy",7,3,0,0,2,1,1
"193","irritable",7,1,0,1,1,2,2
"194","observant",7,2,0,0,3,0,2
"195","offensive",7,0,4,0,2,1,0
"196","youthful",7,2,0,2,1,0,2
"197","compatible",6,1,1,0,2,2,0
"198","conscientious",6,0,2,1,0,1,2
"199","depressed",6,5,0,0,0,1,0
"200","elderly",6,2,0,0,0,1,3
"201","productive",6,1,0,1,0,1,3
"202","sympathetic",6,0,3,1,2,0,0
"203","wealthy",6,0,0,3,1,0,2
"204","disrespectful",5,0,2,1,1,1,0
"205","excited",5,1,1,0,0,1,2
"206","feminine",5,1,3,0,0,0,1
"207","harmless",5,2,0,2,0,0,1
"208","intellectual",5,3,1,1,0,0,0
"209","irrational",5,1,2,0,1,0,1
"210","patient",5,2,0,2,1,0,0
"211","prompt",5,3,0,0,1,1,0
"212","spontaneous",5,1,1,0,2,0,1
"213","stubborn",5,0,0,2,0,0,3
"214","unemployed",5,1,2,0,1,0,1
"215","unfair",5,4,0,0,0,0,1
"216","ambitious",4,0,3,0,1,0,0
"217","competent",4,3,1,0,0,0,0
"218","conceited",4,2,0,0,0,2,0
"219","embarrassing",4,1,2,1,0,0,0
"220","fat",4,0,1,0,2,0,1
"221","hopeful",4,0,3,1,0,0,0
"222","lazy",4,1,2,1,0,0,0
"223","popular",4,1,1,0,1,1,0
"224","prominent",4,3,1,0,0,0,0
"225","respected",4,0,1,0,0,1,2
"226","talkative",4,2,2,0,0,0,0
"227","terrific",4,0,1,2,0,1,0
"228","witty",4,2,0,0,0,1,1
"229","clean",3,1,0,2,0,0,0
"230","disturbed",3,0,0,0,0,1,2
"231","encouraged",3,1,0,0,0,1,1
"232","inconsiderate",3,2,1,0,0,0,0
"233","inexperienced",3,0,1,0,0,0,2
"234","irritated",3,0,1,1,0,0,1
"235","lonely",3,1,1,1,0,0,0
"236","mature",3,0,0,1,1,1,0
"237","pathetic",3,0,1,0,1,1,0
"238","prejudiced",3,1,1,0,0,0,1
"239","professional",3,1,2,0,0,0,0
"240","religious",3,0,1,1,1,0,0
"241","sarcastic",3,1,1,0,0,1,0
"242","spoiled",3,2,1,0,0,0,0
"243","straightforward",3,3,0,0,0,0,0
"244","unfriendly",3,1,1,1,0,0,0
"245","abusive",2,0,0,0,0,2,0
"246","alert",2,1,1,0,0,0,0
"247","bashful",2,0,0,0,0,1,1
"248","daring",2,0,1,0,0,1,0
"249","energetic",2,1,0,0,0,1,0
"250","enthusiastic",2,0,0,0,0,0,2
"251","exhausted",2,1,0,0,0,1,0
"252","experienced",2,0,0,1,1,0,0
"253","forgetful",2,0,1,0,1,0,0
"254","forward",2,0,1,0,1,0,0
"255","greedy",2,0,0,2,0,0,0
"256","involved",2,0,1,0,0,0,1
"257","responsible",2,0,0,0,2,0,0
"258","sentimental",2,0,0,1,1,0,0
"259","sociable",2,0,1,0,0,0,1
"260","adventurous",1,1,0,0,0,0,0
"261","annoyed",1,0,0,0,0,1,0
"262","argumentative",1,1,0,0,0,0,0
"263","arrogant",1,0,0,0,0,1,0
"264","brave",1,0,0,0,1,0,0
"265","casual",1,0,0,0,0,1,0
"266","clumsy",1,0,0,0,1,0,0
"267","complicated",1,0,0,0,0,0,1
"268","courageous",1,1,0,0,0,0,0
"269","creative",1,0,0,0,0,1,0
"270","disabled",1,0,0,0,1,0,0
"271","fascinating",1,0,0,0,0,0,1
"272","forgiving",1,1,0,0,0,0,0
"273","frightening",1,0,0,1,0,0,0
"274","furious",1,0,0,1,0,0,0
"275","gifted",1,0,0,0,1,0,0
"276","hostile",1,0,0,0,0,0,1
"277","humorous",1,0,1,0,0,0,0
"278","impolite",1,1,0,0,0,0,0
"279","impressive",1,0,0,0,0,1,0
"280","incompetent",1,0,1,0,0,0,0
"281","indecisive",1,0,0,0,1,0,0
"282","insane",1,1,0,0,0,0,0
"283","loyal",1,0,1,0,0,0,0
"284","passionate",1,0,0,0,0,0,1
"285","persuasive",1,0,1,0,0,0,0
"286","practical",1,0,1,0,0,0,0
"287","sensitive",1,0,0,0,0,0,1
"288","shallow",1,0,0,1,0,0,0
"289","slender",1,0,0,0,1,0,0
"290","tough",1,0,1,0,0,0,0
"291","traditional",1,0,0,1,0,0,0
"292","ungraceful",1,0,0,1,0,0,0
"293","wasteful",1,0,1,0,0,0,0
"294","abnormal",0,0,0,0,0,0,0
"295","adorable",0,0,0,0,0,0,0
"296","aggravating",0,0,0,0,0,0,0
"297","aggressive",0,0,0,0,0,0,0
"298","alcoholic",0,0,0,0,0,0,0
"299","annoying",0,0,0,0,0,0,0
"300","appealing",0,0,0,0,0,0,0
"301","appreciated",0,0,0,0,0,0,0
"302","appreciative",0,0,0,0,0,0,0
"303","artistic",0,0,0,0,0,0,0
"304","assertive",0,0,0,0,0,0,0
"305","athletic",0,0,0,0,0,0,0
"306","average",0,0,0,0,0,0,0
"307","awesome",0,0,0,0,0,0,0
"308","believable",0,0,0,0,0,0,0
"309","big",0,0,0,0,0,0,0
"310","bored",0,0,0,0,0,0,0
"311","boring",0,0,0,0,0,0,0
"312","bossy",0,0,0,0,0,0,0
"313","businesslike",0,0,0,0,0,0,0
"314","carefree",0,0,0,0,0,0,0
"315","caring",0,0,0,0,0,0,0
"316","childish",0,0,0,0,0,0,0
"317","chubby",0,0,0,0,0,0,0
"318","closed-minded",0,0,0,0,0,0,0
"319","cocky",0,0,0,0,0,0,0
"320","colorful",0,0,0,0,0,0,0
"321","comical",0,0,0,0,0,0,0
"322","competitive",0,0,0,0,0,0,0
"323","complaining",0,0,0,0,0,0,0
"324","compulsive",0,0,0,0,0,0,0
"325","confusing",0,0,0,0,0,0,0
"326","conservative",0,0,0,0,0,0,0
"327","constructive",0,0,0,0,0,0,0
"328","controlling",0,0,0,0,0,0,0
"329","controversial",0,0,0,0,0,0,0
"330","cooperative",0,0,0,0,0,0,0
"331","corrupt",0,0,0,0,0,0,0
"332","crabby",0,0,0,0,0,0,0
"333","cranky",0,0,0,0,0,0,0
"334","crazy",0,0,0,0,0,0,0
"335","cute",0,0,0,0,0,0,0
"336","dedicated",0,0,0,0,0,0,0
"337","defensive",0,0,0,0,0,0,0
"338","demanding",0,0,0,0,0,0,0
"339","democratic",0,0,0,0,0,0,0
"340","dependable",0,0,0,0,0,0,0
"341","dishonest",0,0,0,0,0,0,0
"342","disobedient",0,0,0,0,0,0,0
"343","disorganized",0,0,0,0,0,0,0
"344","dominant",0,0,0,0,0,0,0
"345","down-to-earth",0,0,0,0,0,0,0
"346","dumb",0,0,0,0,0,0,0
"347","easygoing",0,0,0,0,0,0,0
"348","educated",0,0,0,0,0,0,0
"349","effective",0,0,0,0,0,0,0
"350","efficient",0,0,0,0,0,0,0
"351","emotional",0,0,0,0,0,0,0
"352","employed",0,0,0,0,0,0,0
"353","ethical",0,0,0,0,0,0,0
"354","exceptional",0,0,0,0,0,0,0
"355","flexible",0,0,0,0,0,0,0
"356","frustrated",0,0,0,0,0,0,0
"357","frustrating",0,0,0,0,0,0,0
"358","funny",0,0,0,0,0,0,0
"359","giving",0,0,0,0,0,0,0
"360","glamorous",0,0,0,0,0,0,0
"361","good-for-nothing",0,0,0,0,0,0,0
"362","good-humored",0,0,0,0,0,0,0
"363","good-looking",0,0,0,0,0,0,0
"364","good-natured",0,0,0,0,0,0,0
"365","gorgeous",0,0,0,0,0,0,0
"366","grouchy",0,0,0,0,0,0,0
"367","grumpy",0,0,0,0,0,0,0
"368","handicapped",0,0,0,0,0,0,0
"369","hard-working",0,0,0,0,0,0,0
"370","heartbroken",0,0,0,0,0,0,0
"371","helpful",0,0,0,0,0,0,0
"372","hilarious",0,0,0,0,0,0,0
"373","homeless",0,0,0,0,0,0,0
"374","hot-tempered",0,0,0,0,0,0,0
"375","humiliated",0,0,0,0,0,0,0
"376","idealistic",0,0,0,0,0,0,0
"377","imaginative",0,0,0,0,0,0,0
"378","immature",0,0,0,0,0,0,0
"379","impulsive",0,0,0,0,0,0,0
"380","influential",0,0,0,0,0,0,0
"381","informal",0,0,0,0,0,0,0
"382","insecure",0,0,0,0,0,0,0
"383","insensitive",0,0,0,0,0,0,0
"384","insulting",0,0,0,0,0,0,0
"385","intimidating",0,0,0,0,0,0,0
"386","irresponsible",0,0,0,0,0,0,0
"387","irritating",0,0,0,0,0,0,0
"388","kind-hearted",0,0,0,0,0,0,0
"389","knowledgeable",0,0,0,0,0,0,0
"390","laid-back",0,0,0,0,0,0,0
"391","laughing",0,0,0,0,0,0,0
"392","level-headed",0,0,0,0,0,0,0
"393","likeable",0,0,0,0,0,0,0
"394","logical",0,0,0,0,0,0,0
"395","lonesome",0,0,0,0,0,0,0
"396","lovable",0,0,0,0,0,0,0
"397","loving",0,0,0,0,0,0,0
"398","masculine",0,0,0,0,0,0,0
"399","materialistic",0,0,0,0,0,0,0
"400","messy",0,0,0,0,0,0,0
"401","middle-aged",0,0,0,0,0,0,0
"402","middle-class",0,0,0,0,0,0,0
"403","moody",0,0,0,0,0,0,0
"404","motherly",0,0,0,0,0,0,0
"405","muscular",0,0,0,0,0,0,0
"406","naive",0,0,0,0,0,0,0
"407","narrow-minded",0,0,0,0,0,0,0
"408","needy",0,0,0,0,0,0,0
"409","neglected",0,0,0,0,0,0,0
"410","neighborly",0,0,0,0,0,0,0
"411","normal",0,0,0,0,0,0,0
"412","nosy",0,0,0,0,0,0,0
"413","obnoxious",0,0,0,0,0,0,0
"414","obsessive",0,0,0,0,0,0,0
"415","old-fashioned",0,0,0,0,0,0,0
"416","open-minded",0,0,0,0,0,0,0
"417","opinionated",0,0,0,0,0,0,0
"418","optimistic",0,0,0,0,0,0,0
"419","organized",0,0,0,0,0,0,0
"420","outgoing",0,0,0,0,0,0,0
"421","outspoken",0,0,0,0,0,0,0
"422","outstanding",0,0,0,0,0,0,0
"423","overrated",0,0,0,0,0,0,0
"424","overworked",0,0,0,0,0,0,0
"425","peaceful",0,0,0,0,0,0,0
"426","perceptive",0,0,0,0,0,0,0
"427","persistent",0,0,0,0,0,0,0
"428","phony",0,0,0,0,0,0,0
"429","possessive",0,0,0,0,0,0,0
"430","predictable",0,0,0,0,0,0,0
"431","preoccupied",0,0,0,0,0,0,0
"432","presentable",0,0,0,0,0,0,0
"433","procrastinating",0,0,0,0,0,0,0
"434","protective",0,0,0,0,0,0,0
"435","radical",0,0,0,0,0,0,0
"436","realistic",0,0,0,0,0,0,0
"437","rebellious",0,0,0,0,0,0,0
"438","reckless",0,0,0,0,0,0,0
"439","relaxed",0,0,0,0,0,0,0
"440","reliable",0,0,0,0,0,0,0
"441","resourceful",0,0,0,0,0,0,0
"442","retarded",0,0,0,0,0,0,0
"443","rowdy",0,0,0,0,0,0,0
"444","rushed",0,0,0,0,0,0,0
"445","scared",0,0,0,0,0,0,0
"446","seductive",0,0,0,0,0,0,0
"447","self-assured",0,0,0,0,0,0,0
"448","self-centered",0,0,0,0,0,0,0
"449","self-confident",0,0,0,0,0,0,0
"450","self-conscious",0,0,0,0,0,0,0
"451","self-sufficient",0,0,0,0,0,0,0
"452","self-supporting",0,0,0,0,0,0,0
"453","senile",0,0,0,0,0,0,0
"454","sexy",0,0,0,0,0,0,0
"455","short-tempered",0,0,0,0,0,0,0
"456","skilled",0,0,0,0,0,0,0
"457","skillful",0,0,0,0,0,0,0
"458","skinny",0,0,0,0,0,0,0
"459","sleepy",0,0,0,0,0,0,0
"460","slim",0,0,0,0,0,0,0
"461","sloppy",0,0,0,0,0,0,0
"462","snobbish",0,0,0,0,0,0,0
"463","soft-spoken",0,0,0,0,0,0,0
"464","sophisticated",0,0,0,0,0,0,0
"465","stingy",0,0,0,0,0,0,0
"466","stuck-up",0,0,0,0,0,0,0
"467","superstitious",0,0,0,0,0,0,0
"468","supportive",0,0,0,0,0,0,0
"469","talented",0,0,0,0,0,0,0
"470","temperamental",0,0,0,0,0,0,0
"471","tense",0,0,0,0,0,0,0
"472","thinking",0,0,0,0,0,0,0
"473","tiny",0,0,0,0,0,0,0
"474","tolerant",0,0,0,0,0,0,0
"475","troubled",0,0,0,0,0,0,0
"476","trusted",0,0,0,0,0,0,0
"477","trusting",0,0,0,0,0,0,0
"478","trustworthy",0,0,0,0,0,0,0
"479","truthful",0,0,0,0,0,0,0
"480","unattractive",0,0,0,0,0,0,0
"481","undependable",0,0,0,0,0,0,0
"482","understandable",0,0,0,0,0,0,0
"483","understanding",0,0,0,0,0,0,0
"484","uneducated",0,0,0,0,0,0,0
"485","unfaithful",0,0,0,0,0,0,0
"486","unforgettable",0,0,0,0,0,0,0
"487","uninhibited",0,0,0,0,0,0,0
"488","unpopular",0,0,0,0,0,0,0
"489","unpredictable",0,0,0,0,0,0,0
"490","unreliable",0,0,0,0,0,0,0
"491","unstable",0,0,0,0,0,0,0
"492","unsure",0,0,0,0,0,0,0
"493","upset",0,0,0,0,0,0,0
"494","warm-hearted",0,0,0,0,0,0,0
"495","weird",0,0,0,0,0,0,0
"496","well-adjusted",0,0,0,0,0,0,0
"497","well-known",0,0,0,0,0,0,0
"498","well-liked",0,0,0,0,0,0,0
"499","well-to-do",0,0,0,0,0,0,0
"500","wishy-washy",0,0,0,0,0,0,0
