"","Words","count.present","A Tale of Two Cities","Barnaby Rudge","Bleak House","Crusoe","David Copperfield","Dombey and Son","Emma","Evelina","Frankenstein","Great Expectations","Hard Times","Little Dorrit","Mansfield Park","Martin Chuzzlewit","Mystery of Edwin Drood","Nicholas Nickleby","Northanger Abbey","Oliver Twist","Our Mutual Friend","Persuasion","Pickwick","Pride and Prejudice","Sense and Sensibility","The Old Curiosity Shop","The unfortunate traveler"
"1","little",4091,104,187,337,103,324,310,142,83,33,148,85,308,140,261,79,277,58,116,283,73,231,92,86,206,25
"2","good",3611,98,202,282,86,250,236,132,97,26,125,79,255,135,258,70,226,57,113,224,74,212,93,86,165,30
"3","great",3436,86,202,248,114,237,252,130,97,34,114,63,226,120,238,48,254,54,111,152,60,233,86,84,167,26
"4","old",2872,81,175,234,27,256,244,59,35,20,121,51,214,46,225,48,207,23,134,183,29,222,13,31,189,5
"5","young",2420,52,111,174,28,145,180,96,80,15,80,52,126,78,195,59,206,47,120,131,43,162,70,60,101,9
"6","poor",1698,47,91,132,34,125,123,70,39,22,53,37,144,52,98,40,143,21,63,125,28,64,23,31,93,0
"7","short",1567,32,78,98,27,114,107,53,50,15,41,29,96,46,125,26,118,34,59,94,39,116,34,37,90,9
"8","happy",1241,20,40,88,17,116,88,85,41,35,19,18,55,76,63,11,77,35,31,47,43,60,52,61,62,1
"9","strong",1030,50,85,55,31,65,61,35,12,5,39,19,74,40,92,21,66,10,41,60,23,46,15,25,57,3
"10","open",1028,34,68,72,19,59,69,26,18,8,50,11,65,21,76,30,67,18,38,71,20,76,11,28,64,9
"11","certain",1001,25,59,57,17,70,61,24,19,5,44,13,85,22,100,24,63,11,24,102,12,43,38,29,54,0
"12","glad",1000,6,46,78,16,93,81,41,43,5,33,14,70,51,89,17,51,23,25,48,25,33,27,34,46,5
"13","quiet",820,27,61,71,9,72,57,24,13,3,36,27,65,22,59,18,47,8,29,43,11,48,7,12,50,1
"14","afraid",800,15,25,62,10,91,69,44,21,1,32,11,54,30,54,12,37,15,28,47,12,42,31,19,36,2
"15","bad",777,26,35,61,3,60,44,38,18,1,40,29,37,38,59,16,47,8,26,77,21,36,13,9,27,8
"16","cold",773,27,52,48,7,36,71,32,5,22,37,14,36,17,45,16,55,7,45,36,11,66,14,19,53,2
"17","strange",732,18,50,47,19,53,61,12,34,24,32,11,38,9,70,20,33,19,25,28,3,42,10,16,53,5
"18","natural",712,19,34,64,6,56,56,41,13,10,22,15,48,35,46,12,45,11,7,43,18,32,19,29,30,1
"19","fine",650,17,33,60,11,39,24,31,25,6,16,16,42,39,33,5,44,24,13,27,23,60,20,20,16,6
"20","pleasant",650,9,35,52,11,50,32,30,4,10,19,11,36,36,70,6,51,12,14,28,11,48,17,11,44,3
"21","hard",645,27,35,44,18,49,56,8,5,7,27,19,49,8,50,19,56,3,24,55,3,30,7,4,36,6
"22","alone",634,15,39,49,5,40,65,10,25,12,19,17,52,18,44,20,32,7,24,39,7,25,11,16,42,1
"23","bright",631,21,61,62,3,58,66,2,0,7,27,11,52,4,56,24,28,5,16,45,5,31,1,1,43,2
"24","beautiful",597,14,16,53,1,56,67,18,10,14,23,8,46,10,41,10,51,11,21,29,5,38,12,12,31,0
"25","agreeable",550,6,15,47,9,45,21,38,10,5,13,12,37,41,37,5,26,16,7,31,29,29,34,18,19,0
"26","anxious",538,14,22,36,8,35,27,28,8,5,15,10,30,35,31,3,48,16,23,18,17,32,22,24,31,0
"27","kind",538,7,16,34,4,47,47,41,14,9,5,7,43,33,37,7,40,13,15,29,12,16,17,15,30,0
"28","fair",511,16,28,35,12,17,40,22,13,11,8,8,35,28,46,9,38,11,7,38,11,26,17,8,27,0
"29","pretty",479,16,14,50,0,54,31,20,15,1,14,9,30,27,10,12,34,11,8,35,11,35,11,16,15,0
"30","proud",468,5,35,27,0,37,85,6,15,2,21,11,45,5,33,12,34,2,10,27,4,21,17,7,6,1
"31","extraordinary",465,7,16,17,5,32,46,19,16,1,14,8,10,8,36,7,68,7,11,20,10,51,16,9,31,0
"32","handsome",450,11,29,42,10,26,38,25,4,1,14,8,32,18,21,8,33,18,8,23,13,18,22,19,9,0
"33","surprised",448,7,15,36,30,44,26,0,40,9,20,8,29,18,28,3,26,13,7,14,7,13,21,16,18,0
"34","sweet",445,12,15,22,2,43,56,20,23,12,9,2,20,17,38,10,22,11,20,22,7,21,6,10,20,5
"35","gentle",442,9,30,17,2,34,44,14,10,22,10,8,22,17,38,5,28,7,27,15,7,27,5,8,33,3
"36","private",438,8,32,32,3,23,38,10,12,1,21,9,31,17,34,5,41,6,7,17,6,42,11,11,21,0
"37","rich",435,8,23,31,7,15,39,14,1,3,18,7,43,9,32,7,33,8,9,32,9,28,11,14,23,11
"38","comfortable",423,1,14,26,7,31,16,29,5,1,13,7,25,25,37,1,24,11,9,33,11,36,11,20,30,0
"39","cheerful",416,5,33,27,6,36,23,27,9,11,12,10,15,13,36,7,22,7,12,20,8,26,6,12,33,0
"40","difficult",390,14,24,36,8,29,20,7,18,2,20,10,37,10,27,13,15,4,10,26,4,19,11,5,21,0
"41","angry",388,13,17,27,3,19,30,15,20,2,9,5,28,20,31,8,24,9,12,29,4,21,17,10,15,0
"42","remarkable",385,18,20,20,6,17,29,3,1,2,12,15,27,3,51,7,34,8,11,26,4,32,7,2,30,0
"43","pleased",384,2,6,16,10,32,18,34,34,5,7,6,19,29,17,4,17,10,6,24,15,10,27,21,12,3
"44","proper",375,4,13,14,25,7,15,36,18,2,3,6,26,24,19,1,33,8,12,8,16,27,16,20,18,4
"45","plain",368,13,20,35,13,27,31,12,2,2,9,15,31,5,24,2,24,7,12,22,5,12,8,4,32,1
"46","warm",367,5,19,25,4,18,25,25,5,7,10,3,15,20,23,8,33,6,13,16,14,29,6,10,28,0
"47","excellent",364,3,7,32,9,25,22,25,16,12,6,4,11,19,23,3,20,11,6,17,18,33,18,10,7,7
"48","serious",362,3,17,19,9,23,16,23,16,3,13,4,12,28,30,4,31,4,6,19,15,16,19,21,10,1
"49","satisfied",360,6,7,8,12,17,24,36,22,8,8,6,13,37,15,6,10,10,7,19,18,19,21,21,10,0
"50","worthy",358,7,25,21,0,22,18,18,17,5,7,9,20,3,32,7,47,5,17,29,5,25,3,1,15,0
"51","weak",356,12,16,27,6,24,39,5,20,4,14,8,34,3,21,6,25,0,13,34,4,8,7,2,24,0
"52","honest",354,13,35,18,12,21,25,5,2,1,14,10,21,6,31,4,34,7,8,38,1,11,1,6,25,5
"53","busy",345,11,26,41,3,27,31,18,4,6,13,4,22,12,27,7,14,4,9,16,4,19,1,7,19,0
"54","curious",339,11,14,51,3,24,21,3,5,1,20,11,35,3,27,10,13,1,11,20,3,28,5,1,15,3
"55","unhappy",333,10,14,24,5,40,19,15,29,12,5,5,25,11,14,5,25,6,4,6,4,18,12,18,7,0
"56","loud",331,14,27,15,4,7,13,2,18,6,6,6,17,6,27,2,52,4,22,4,0,60,0,4,15,0
"57","sensible",324,4,9,29,8,30,19,24,21,0,8,6,31,18,9,7,2,7,0,15,21,10,31,11,4,0
"58","violent",324,5,14,13,10,13,22,2,22,7,13,6,16,1,16,5,51,6,26,8,2,28,10,14,12,2
"59","innocent",323,17,11,30,5,29,50,1,10,13,13,9,26,3,13,6,11,1,11,25,0,14,2,2,17,4
"60","friendly",309,7,18,26,3,32,22,18,2,0,10,4,23,12,21,11,11,2,5,22,7,17,7,6,22,1
"61","ashamed",298,2,7,24,0,22,8,21,34,1,12,6,26,20,10,4,16,12,4,15,9,13,15,9,7,1
"62","tired",289,4,14,24,5,22,17,14,15,0,11,5,21,10,15,7,18,12,11,10,5,13,3,5,28,0
"63","grateful",283,1,8,16,1,22,21,14,20,3,11,5,19,13,32,6,8,4,6,17,4,9,12,11,20,0
"64","delighted",278,0,11,14,3,34,23,20,9,5,6,2,10,14,28,0,16,7,4,12,11,17,11,11,8,2
"65","well",276,8,13,18,3,35,21,14,6,5,6,3,32,4,26,8,11,4,5,15,5,7,8,4,13,2
"66","delightful",275,1,5,19,2,29,10,33,8,4,4,1,8,17,9,2,21,18,1,11,6,28,17,14,7,0
"67","affectionate",273,5,4,23,1,26,15,7,7,5,4,6,18,13,14,10,22,10,6,13,3,12,16,19,14,0
"68","terrible",265,15,27,14,19,16,28,0,7,9,16,2,9,8,26,4,13,0,9,12,0,11,0,3,15,2
"69","wonderful",263,10,5,10,5,33,13,12,8,14,13,7,38,12,17,7,4,5,3,20,3,15,2,3,3,1
"70","familiar",261,6,15,31,3,29,23,3,5,8,10,6,23,5,21,4,13,1,8,13,1,7,3,1,19,3
"71","cruel",258,15,19,11,2,25,20,4,29,2,6,4,27,3,20,4,15,2,7,12,4,7,4,8,8,0
"72","important",257,6,11,16,0,13,15,17,17,1,3,2,17,14,10,5,15,7,9,10,6,32,10,12,8,1
"73","original",249,8,28,9,2,14,18,5,0,2,2,2,25,3,7,6,29,1,3,34,1,8,5,1,36,0
"74","rough",247,13,25,20,4,27,26,1,0,2,7,5,17,4,14,4,17,0,12,16,4,7,1,0,17,4
"75","sad",242,5,22,12,8,15,20,21,3,10,4,2,11,14,14,2,18,3,12,8,5,5,4,3,20,1
"76","interesting",235,1,6,14,0,6,11,27,5,6,6,6,12,13,16,2,14,8,7,15,10,17,14,15,4,0
"77","lively",234,2,8,8,3,14,18,9,7,7,8,0,14,18,30,3,12,6,8,11,6,18,14,7,3,0
"78","eager",233,7,9,10,7,7,8,18,17,4,5,2,6,18,10,1,12,12,10,8,10,8,13,18,9,4
"79","tall",232,8,21,15,2,13,21,6,3,3,5,5,10,8,12,3,19,2,10,9,3,29,7,5,12,1
"80","blind",229,6,26,17,1,13,21,8,3,8,9,7,17,3,13,3,16,0,9,16,1,11,5,2,12,2
"81","charming",228,2,6,11,1,10,20,17,10,1,3,5,14,4,17,7,9,15,0,25,2,7,16,11,15,0
"82","gracious",226,8,15,19,0,16,23,2,3,0,5,3,24,1,27,5,14,2,5,25,0,10,7,3,6,3
"83","useful",223,10,3,17,10,20,12,19,2,4,4,4,12,31,8,1,14,3,6,12,8,10,6,2,5,0
"84","interested",222,7,5,23,0,19,11,11,6,3,6,5,25,9,20,3,11,4,7,15,3,6,6,8,9,0
"85","calm",221,6,9,8,13,26,19,4,1,15,4,2,16,7,13,2,11,3,9,8,3,14,3,13,12,0
"86","bold",218,4,34,10,4,20,29,0,12,2,4,4,9,2,27,2,14,4,4,11,1,7,1,3,9,1
"87","nice",215,3,3,6,1,12,16,9,2,0,8,1,8,11,14,8,14,3,11,11,9,37,5,5,16,2
"88","respectable",210,6,5,24,0,12,12,18,4,1,3,2,11,15,7,3,14,4,10,15,5,11,13,12,3,0
"89","careful",209,4,14,20,4,12,10,5,4,0,8,3,16,2,15,2,17,0,7,14,5,20,4,6,17,0
"90","thoughtful",204,3,13,14,0,18,25,4,5,1,7,5,11,6,21,2,10,0,5,14,3,11,1,4,21,0
"91","uncomfortable",202,2,5,9,0,33,17,5,5,0,12,3,11,6,15,3,12,8,4,14,2,13,7,10,6,0
"92","expressive",200,6,8,11,0,12,21,2,4,5,8,5,21,4,11,6,15,0,9,27,1,16,2,3,3,0
"93","determined",198,5,5,13,2,9,10,13,13,1,9,4,10,21,7,2,7,7,5,12,12,8,9,13,0,1
"94","faithful",197,7,10,22,8,11,14,2,3,1,6,5,23,1,11,3,16,4,5,14,1,18,3,1,8,0
"95","foolish",196,2,13,11,6,21,7,8,14,1,5,3,10,8,12,3,22,5,4,8,2,10,6,4,11,0
"96","lovely",196,1,6,12,0,12,15,10,9,18,3,0,8,9,8,3,20,2,4,24,5,9,3,4,11,0
"97","awful",195,7,5,16,0,22,26,0,4,2,14,5,9,4,14,5,9,4,5,17,2,16,1,3,5,0
"98","impatient",192,4,9,6,6,7,7,11,5,4,8,6,17,12,10,3,16,8,7,8,6,2,8,9,12,1
"99","capable",190,6,2,13,4,11,11,6,9,13,5,3,6,21,9,2,7,5,3,9,8,1,14,16,4,2
"100","unusual",190,6,17,16,0,5,31,5,2,3,5,1,13,6,18,4,17,3,10,5,1,14,1,2,5,0
"101","generous",187,3,6,14,2,10,15,4,19,6,3,1,21,6,14,7,7,5,3,19,2,1,9,5,5,0
"102","cool",185,7,17,17,2,8,11,4,3,2,4,5,13,4,20,7,10,2,3,17,5,8,2,1,13,0
"103","ordinary",185,2,12,10,10,8,12,2,0,2,1,2,8,2,11,4,25,4,9,9,0,32,3,5,10,2
"104","professional",175,2,5,28,0,18,4,1,0,1,2,1,15,2,24,2,11,0,7,13,0,26,0,0,13,0
"105","ridiculous",175,2,4,13,1,18,9,4,16,0,10,7,18,5,14,4,10,2,1,21,0,2,4,7,2,1
"106","thin",175,10,8,17,3,14,8,3,0,4,6,7,11,1,10,1,11,2,10,6,2,26,5,2,7,1
"107","wise",173,4,19,7,7,11,10,4,0,1,3,1,16,1,12,5,8,3,6,15,4,14,5,3,7,7
"108","thankful",172,6,7,14,21,18,8,5,4,0,4,3,11,10,7,1,4,2,3,18,3,0,8,5,10,0
"109","lonely",171,8,15,10,0,14,29,1,0,2,9,3,8,1,8,2,10,1,12,9,0,16,0,0,13,0
"110","devoted",169,5,5,21,0,14,14,4,5,7,1,5,22,4,9,5,11,0,0,18,2,13,0,3,1,0
"111","fortunate",168,5,6,8,1,11,9,23,10,6,3,3,7,5,8,3,13,3,5,6,2,8,15,4,4,0
"112","clean",167,4,8,15,2,10,13,1,0,2,12,4,9,0,9,7,16,2,11,15,0,16,0,0,11,0
"113","ignorant",167,6,8,2,5,8,5,9,21,10,10,4,12,3,5,3,9,4,2,8,2,4,14,5,1,7
"114","reasonable",166,2,7,9,4,7,4,18,1,1,4,5,8,12,12,3,7,4,4,7,5,13,12,12,2,3
"115","active",162,4,18,19,0,7,9,7,0,3,1,1,11,10,10,2,12,2,8,7,5,6,4,8,8,0
"116","clever",160,0,3,10,0,11,5,17,1,1,2,1,25,13,6,1,12,5,13,7,7,5,6,5,4,0
"117","dangerous",159,13,12,13,3,7,6,8,6,4,5,4,6,6,11,6,8,1,5,7,8,12,1,3,4,0
"118","powerful",153,5,5,17,1,4,21,5,1,5,9,2,7,3,8,3,9,0,7,13,4,14,3,1,6,0
"119","confused",149,7,5,19,5,12,12,3,9,4,7,2,6,2,10,7,9,0,4,8,2,9,2,2,3,0
"120","bitter",147,5,10,7,3,8,13,2,2,14,5,1,6,5,13,3,18,2,8,8,0,3,2,2,6,1
"121","modest",146,1,4,6,0,14,13,3,9,1,4,4,10,15,8,6,5,1,3,16,3,4,2,2,10,2
"122","evil",145,4,11,4,4,11,12,6,4,7,3,5,10,5,12,1,10,0,7,12,2,7,1,1,6,0
"123","neat",143,4,2,13,0,16,7,6,0,2,8,2,11,3,12,5,6,3,8,13,2,12,1,2,5,0
"124","polite",142,6,3,13,0,9,13,2,9,0,8,4,14,1,9,6,7,3,3,11,4,3,5,4,5,0
"125","distinguished",137,1,3,17,1,9,12,1,3,3,4,0,25,3,11,2,10,3,2,8,2,9,2,2,3,1
"126","fat",137,0,6,10,0,5,3,0,1,0,7,1,4,1,11,1,18,0,7,6,2,47,0,1,5,1
"127","nervous",134,2,4,6,0,12,7,10,1,5,7,2,4,3,9,3,17,0,5,8,3,15,4,5,2,0
"128","awkward",132,1,6,5,4,6,5,11,8,0,1,1,5,5,11,4,18,1,2,7,3,12,10,3,3,0
"129","desirable",132,3,1,7,2,6,5,15,1,0,3,1,6,13,7,3,8,2,5,5,10,8,11,5,5,0
"130","attentive",131,5,3,18,0,10,8,8,4,1,6,7,10,6,5,4,9,1,3,4,4,2,9,4,0,0
"131","awake",131,6,14,11,4,4,15,2,4,2,3,2,6,5,11,0,6,3,8,5,1,7,2,1,9,0
"132","selfish",128,2,1,9,0,12,5,4,0,4,0,2,6,10,16,1,13,3,2,11,4,2,6,11,4,0
"133","careless",127,8,10,8,1,4,8,3,4,0,3,3,8,7,12,2,10,4,3,10,5,4,2,2,6,0
"134","big",126,2,2,4,18,5,8,0,0,0,2,4,15,0,9,7,12,0,7,11,0,14,0,0,2,4
"135","jealous",126,1,2,8,1,9,14,3,0,0,4,0,12,3,9,1,18,4,1,11,5,5,3,5,7,0
"136","mean",121,2,9,8,1,11,7,0,4,2,9,6,6,2,12,1,11,0,2,10,0,5,5,4,4,0
"137","smart",121,0,7,3,0,2,9,0,6,0,4,0,4,1,13,2,14,3,6,4,1,22,2,9,9,0
"138","graceful",118,1,8,9,0,3,14,4,1,1,3,6,13,2,8,3,12,2,1,6,1,8,1,4,7,0
"139","disappointed",116,1,1,11,0,5,4,11,1,2,3,1,8,5,5,3,6,8,3,8,2,7,7,10,4,0
"140","youthful",116,3,4,16,0,16,16,2,1,3,1,3,13,0,3,4,9,2,5,6,1,4,0,2,2,0
"141","social",115,3,6,6,0,5,17,5,2,1,4,6,15,2,13,4,3,1,0,11,1,4,1,0,5,0
"142","patient",113,2,10,7,0,11,14,2,1,2,3,7,12,0,2,2,10,2,1,13,1,2,0,0,7,2
"143","excited",112,4,7,9,0,8,6,1,2,0,5,1,8,1,7,2,14,0,4,7,0,18,1,2,5,0
"144","troubled",112,7,7,18,0,6,8,0,0,2,4,7,8,0,6,4,4,0,5,10,0,8,0,0,6,2
"145","popular",111,7,11,10,0,3,4,1,0,1,4,5,11,1,13,3,10,0,0,6,1,9,1,0,10,0
"146","childish",109,0,4,13,0,24,18,0,0,3,4,3,5,0,4,6,5,0,2,9,0,3,0,0,5,1
"147","independent",109,1,3,3,0,4,5,9,1,0,2,4,6,11,15,1,4,4,3,12,2,8,2,7,2,0
"148","brilliant",107,1,7,7,0,3,10,6,3,1,5,0,11,3,9,2,10,1,5,6,1,6,0,2,8,0
"149","hopeful",107,2,4,15,0,13,14,0,1,0,6,4,15,3,7,2,3,1,1,12,0,2,0,0,2,0
"150","practical",107,3,4,15,0,14,7,0,0,2,3,10,20,1,9,0,1,0,2,6,0,4,0,0,6,0
"151","stupid",102,0,0,2,1,16,3,3,7,1,6,4,6,6,3,1,6,6,6,7,1,5,4,5,3,0
"152","suspicious",102,1,4,6,0,5,6,2,1,1,11,4,5,2,5,1,6,0,3,17,3,8,1,2,8,0
"153","famous",100,3,7,10,1,14,4,3,2,0,3,2,15,2,9,0,3,6,1,1,1,7,0,1,2,3
"154","stable",100,4,20,8,0,7,5,2,0,0,2,2,2,4,7,2,6,2,1,8,1,10,0,1,6,0
"155","elderly",99,3,4,4,0,8,8,2,2,0,3,1,6,0,8,2,12,0,5,5,0,18,1,3,4,0
"156","firm",99,3,9,4,7,8,5,2,2,3,5,0,7,0,9,5,6,1,4,3,1,9,3,2,1,0
"157","decent",98,1,6,6,0,7,3,1,0,0,2,4,4,2,15,1,3,5,1,7,6,14,3,3,4,0
"158","genuine",98,2,4,14,0,3,7,3,2,0,4,2,11,7,8,4,4,3,4,5,0,2,2,3,4,0
"159","helpless",97,3,3,6,1,7,3,2,7,4,6,3,4,4,1,1,12,1,7,6,3,4,0,1,8,0
"160","valuable",96,3,5,2,3,1,7,8,0,3,2,1,7,7,7,2,4,2,4,3,5,7,8,5,0,0
"161","cheap",94,0,1,5,0,6,5,2,2,0,1,3,7,2,11,0,14,1,7,7,1,11,1,1,6,0
"162","direct",94,6,5,4,0,3,7,6,2,1,5,2,10,4,8,2,3,2,2,6,3,3,3,4,2,1
"163","noisy",94,0,9,2,0,0,3,2,1,1,2,3,4,5,10,3,9,1,5,2,1,6,3,4,18,0
"164","unreasonable",93,2,1,12,0,5,6,8,1,0,6,3,8,10,7,3,2,1,1,3,1,3,7,2,1,0
"165","brave",92,8,20,6,1,8,9,0,0,1,2,3,9,0,8,2,1,0,1,6,1,4,0,0,2,0
"166","dumb",92,3,6,7,1,8,14,0,1,0,8,4,6,0,9,1,5,0,5,2,0,4,0,0,8,0
"167","strict",91,3,5,7,2,3,2,3,3,0,5,1,5,4,6,2,10,2,4,8,4,6,0,2,4,0
"168","peaceful",90,4,5,8,0,3,7,0,3,6,2,1,8,0,8,2,8,0,4,8,0,6,0,0,7,0
"169","impressive",85,1,6,7,0,8,8,0,0,1,2,4,6,0,6,2,4,0,6,9,0,12,1,0,2,0
"170","pleasing",85,0,0,0,0,1,3,18,1,1,0,0,0,8,1,0,4,6,1,1,6,5,18,9,1,1
"171","respectful",85,0,2,4,0,10,6,2,6,0,3,3,2,2,6,4,11,1,5,5,0,7,1,2,3,0
"172","sincere",84,1,5,1,5,5,7,5,3,2,1,1,3,3,2,1,4,5,0,0,4,1,9,10,5,1
"173","confident",81,4,3,5,0,10,5,3,2,1,2,1,5,2,5,5,7,2,1,4,2,4,3,3,2,0
"174","embarrassed",81,1,5,7,1,3,8,1,11,0,0,0,4,2,5,2,5,3,0,8,2,2,5,2,4,0
"175","unlucky",81,1,6,4,1,9,3,4,5,0,1,4,5,7,4,1,0,0,0,7,1,4,10,3,1,0
"176","rude",80,2,8,2,1,4,3,6,8,5,3,1,1,1,6,0,1,3,2,3,0,6,3,4,7,0
"177","successful",79,0,6,1,1,7,3,3,2,0,3,1,8,4,8,0,11,2,1,5,1,4,3,1,4,0
"178","lucky",78,2,1,1,0,4,3,5,0,0,2,0,2,5,3,0,11,3,3,5,4,6,6,9,3,0
"179","considerate",77,1,2,10,0,6,6,2,2,1,2,2,10,4,8,1,6,0,1,4,0,4,0,3,2,0
"180","liberal",77,1,0,1,0,1,4,7,1,1,5,1,6,3,8,4,5,4,3,4,2,5,3,4,4,0
"181","concerned",76,0,1,8,4,7,1,10,8,0,2,0,3,4,1,1,2,3,0,2,3,2,6,5,2,1
"182","passionate",76,5,1,3,2,9,7,0,4,2,2,0,11,0,3,5,3,0,3,8,0,5,0,1,1,1
"183","cautious",73,3,6,0,4,0,6,6,0,0,1,2,4,2,4,0,4,0,2,4,4,7,4,2,8,0
"184","furious",73,6,9,1,7,2,3,0,1,2,4,1,2,0,0,3,5,1,7,7,0,10,0,0,2,0
"185","admirable",72,4,2,3,1,4,8,2,1,3,2,2,12,1,5,2,3,0,0,2,0,8,3,1,2,1
"186","joyful",72,0,0,16,1,5,7,3,3,1,0,0,5,5,6,1,3,4,2,3,0,1,2,2,2,0
"187","positive",72,0,1,5,1,4,4,4,0,0,4,0,7,4,5,1,3,9,1,1,3,4,3,7,1,0
"188","harmless",71,2,2,9,0,2,5,2,0,5,0,0,4,0,11,1,6,2,1,11,0,4,0,1,3,0
"189","romantic",71,0,1,6,0,7,7,1,4,2,4,1,5,1,1,4,4,1,0,7,1,9,1,4,0,0
"190","sensitive",71,2,4,4,0,11,9,0,0,3,4,0,9,0,5,2,3,0,2,6,0,3,0,1,3,0
"191","exhausted",70,0,2,6,1,2,6,1,2,2,2,4,4,0,4,1,9,0,4,6,0,7,1,0,6,0
"192","healthy",70,5,2,10,1,3,5,3,2,0,0,4,6,0,3,4,5,0,2,1,2,3,1,1,7,0
"193","amazing",67,0,7,1,1,5,3,3,1,1,1,2,5,5,5,3,1,2,0,9,0,0,1,1,10,0
"194","responsible",67,4,1,12,0,3,3,0,1,0,5,0,10,0,2,4,7,0,1,7,2,1,0,0,4,0
"195","compassionate",66,7,2,6,0,8,2,4,3,0,3,5,2,1,4,0,1,0,0,3,1,3,2,5,4,0
"196","shy",65,1,1,9,2,8,3,0,2,0,1,0,7,3,6,3,0,1,0,8,2,0,2,3,3,0
"197","punctual",64,0,1,6,0,5,5,1,0,0,2,2,2,3,7,1,9,1,1,8,0,5,3,1,1,0
"198","secure",63,0,5,0,9,1,2,5,2,3,2,0,1,5,3,0,1,7,1,1,2,0,5,5,3,0
"199","thorough",61,2,6,2,1,1,3,12,0,0,0,1,3,4,2,0,4,1,1,4,2,1,3,5,0,3
"200","dependent",59,0,3,6,0,1,3,3,4,2,3,2,7,2,3,0,6,0,2,0,2,3,1,4,2,0
"201","observant",59,4,1,7,0,6,9,2,0,0,2,1,5,0,2,1,0,0,2,10,3,1,0,2,1,0
"202","playful",58,0,1,5,0,2,1,2,0,0,3,0,3,5,9,0,6,1,2,8,1,4,2,1,2,0
"203","crazy",55,2,3,9,1,2,2,0,2,0,1,2,3,0,4,1,5,0,5,4,0,3,0,0,6,0
"204","encouraging",55,3,2,10,1,1,2,3,0,1,3,0,5,2,6,1,2,0,1,0,3,2,2,3,2,0
"205","consistent",53,0,3,2,1,4,3,1,0,1,5,1,2,5,5,1,0,1,2,5,2,1,3,1,4,0
"206","loving",53,2,3,10,2,12,6,0,0,0,0,4,4,0,3,0,0,0,0,5,0,0,0,0,2,0
"207","depressed",52,3,1,3,1,5,5,5,0,3,2,1,8,0,4,1,2,0,0,4,0,1,1,0,2,0
"208","prosperous",52,5,2,5,3,4,3,4,0,1,3,1,5,3,1,0,2,0,0,3,2,1,2,1,1,0
"209","religious",52,2,10,2,9,5,4,0,0,0,1,1,2,1,3,0,4,1,2,1,1,2,0,0,1,0
"210","lazy",51,1,6,0,0,11,1,1,0,0,1,1,1,2,4,1,5,1,3,2,0,6,0,0,4,0
"211","artificial",50,0,1,2,0,2,11,0,1,0,1,1,5,2,3,0,4,0,1,6,4,2,1,1,2,0
"212","accomplished",49,0,1,6,0,1,10,4,1,0,0,1,5,2,1,1,6,0,3,0,2,1,3,1,0,0
"213","offensive",49,2,6,5,1,2,2,0,2,0,1,1,1,4,4,2,5,0,1,5,2,1,1,0,1,0
"214","pathetic",49,1,1,3,0,4,5,0,1,1,1,4,2,1,4,3,3,0,0,6,1,4,1,0,3,0
"215","terrific",49,1,1,4,0,4,4,0,1,5,1,1,3,1,1,1,4,2,4,3,0,7,1,0,0,0
"216","thoughtless",49,0,1,1,1,7,2,4,2,0,0,0,0,3,6,0,8,1,1,2,1,1,1,1,6,0
"217","intelligent",46,1,0,7,0,0,1,4,1,0,2,2,1,1,5,0,1,2,2,3,3,4,4,1,1,0
"218","tiny",44,1,1,5,0,7,7,0,0,0,0,0,4,0,4,1,5,0,0,3,0,3,0,0,3,0
"219","greedy",43,3,2,4,0,2,2,0,0,0,4,3,1,0,4,1,4,2,1,7,0,2,0,0,1,0
"220","negative",43,1,2,1,1,1,5,1,1,0,2,0,5,3,4,1,0,0,2,3,2,2,1,1,4,0
"221","reckless",43,2,10,0,0,0,7,0,0,0,4,0,3,0,2,0,3,0,1,7,0,3,0,0,1,0
"222","tough",43,0,2,3,1,1,18,0,0,0,1,1,4,1,4,0,2,0,0,2,0,1,0,0,1,1
"223","complicated",42,1,2,2,1,3,1,0,0,0,1,1,2,0,3,2,6,0,1,3,0,11,0,1,1,0
"224","enthusiastic",42,0,2,1,0,1,3,0,0,4,1,1,1,0,2,1,3,0,1,3,0,16,0,2,0,0
"225","intellectual",42,0,1,5,0,2,6,3,0,1,3,2,2,1,5,0,2,1,2,3,0,3,0,0,0,0
"226","respected",42,0,2,2,0,0,2,0,2,0,2,3,3,1,5,4,0,0,2,8,0,2,1,2,1,0
"227","sleepy",42,1,4,2,0,8,1,0,0,0,3,1,5,0,0,0,2,0,4,2,0,6,0,0,3,0
"228","sentimental",41,1,3,1,0,3,1,0,1,0,0,5,4,0,3,0,3,1,1,4,1,6,0,0,3,0
"229","clumsy",39,3,6,2,3,1,1,0,0,0,4,0,5,0,3,0,2,0,0,7,1,1,0,0,0,0
"230","critical",39,0,2,1,0,1,1,2,1,1,2,0,0,3,1,2,2,1,3,3,1,6,1,2,3,0
"231","exciting",38,0,0,1,0,1,0,5,2,1,0,0,1,3,3,0,3,0,3,2,0,7,1,2,3,0
"232","gorgeous",38,2,0,4,0,0,8,0,0,0,1,0,1,0,5,1,3,0,0,7,0,3,0,0,2,1
"233","wealthy",38,0,1,1,1,0,6,0,1,0,0,1,7,0,5,0,2,3,2,3,1,0,0,2,2,0
"234","courteous",37,0,6,1,0,0,3,0,1,0,0,0,4,5,3,0,3,0,0,4,3,3,1,0,0,0
"235","bashful",36,0,0,3,0,6,1,0,1,0,1,0,6,0,5,0,4,0,1,1,0,3,1,1,2,0
"236","feminine",36,2,2,2,0,1,1,1,1,2,1,1,1,3,1,3,3,0,1,4,0,3,0,1,2,0
"237","scared",36,3,3,2,2,4,6,0,0,0,2,1,5,0,4,1,1,0,0,2,0,0,0,0,0,0
"238","sympathetic",36,0,0,1,0,1,2,0,0,0,3,1,2,3,2,5,1,1,0,10,2,1,0,0,1,0
"239","talkative",36,0,5,1,0,3,1,2,2,0,2,0,0,2,6,0,3,0,0,1,0,6,0,0,2,0
"240","forgetful",35,2,7,4,0,1,5,0,2,0,1,0,1,1,6,0,0,0,0,3,1,0,0,0,1,0
"241","sarcastic",35,1,1,3,0,1,7,1,1,0,1,0,2,1,1,1,7,0,0,2,0,2,1,0,2,0
"242","prominent",34,1,1,7,0,4,1,3,0,0,3,1,1,1,0,0,4,0,0,2,0,1,0,0,4,0
"243","amusing",33,0,2,1,0,1,0,5,1,0,0,1,2,3,1,0,0,2,1,2,3,4,2,1,1,0
"244","energetic",33,2,1,4,0,0,3,1,0,0,1,2,1,0,2,0,4,0,0,2,0,7,1,0,2,0
"245","inexperienced",33,1,0,1,0,8,4,0,2,1,0,1,3,1,1,0,3,0,0,2,0,2,0,2,1,0
"246","comical",31,0,1,2,0,4,0,0,0,0,1,1,1,0,3,2,3,0,2,2,0,5,0,0,4,0
"247","embarrassing",31,0,4,1,0,0,0,1,1,0,0,0,0,2,3,1,7,1,0,5,0,4,0,0,1,0
"248","conscientious",30,0,3,0,0,2,1,0,0,0,1,0,4,2,2,4,1,1,0,4,0,2,1,2,0,0
"249","fascinating",30,1,1,4,0,4,2,0,1,0,0,0,2,0,0,1,3,0,0,6,0,2,0,1,2,0
"250","prompt",30,0,0,2,0,2,3,3,0,0,0,1,1,0,2,1,5,0,4,1,1,3,1,0,0,0
"251","casual",29,2,2,2,2,2,1,0,0,0,0,0,3,0,4,0,2,0,0,3,0,3,1,0,2,0
"252","humorous",29,0,1,0,0,1,2,0,0,0,0,1,3,1,2,2,3,0,1,0,0,9,0,0,3,0
"253","shallow",29,1,3,2,0,2,0,0,0,0,1,0,5,0,2,1,1,1,1,6,0,2,0,0,1,0
"254","slender",29,0,0,2,1,2,2,0,1,0,2,1,2,0,2,1,5,0,0,1,1,0,0,0,5,1
"255","adventurous",28,2,3,2,0,2,4,1,0,1,0,0,2,0,0,0,4,0,0,1,0,4,0,0,2,0
"256","ambitious",28,0,1,2,0,1,8,0,2,0,0,0,0,3,1,0,3,0,2,4,1,0,0,0,0,0
"257","attractive",28,1,0,3,0,1,1,2,1,2,1,2,3,3,0,0,2,1,1,0,1,0,0,2,1,0
"258","productive",26,0,1,1,0,0,0,1,9,0,0,0,0,0,0,1,2,1,2,0,0,2,1,3,2,0
"259","competent",25,0,0,1,2,2,1,3,0,1,2,1,3,1,0,1,3,0,0,2,0,1,0,0,1,0
"260","irritable",25,0,0,1,0,1,1,1,0,0,0,0,3,0,1,0,4,1,2,1,1,3,2,2,1,0
"261","disturbed",24,3,5,1,0,1,1,0,1,1,2,0,1,0,0,0,1,0,0,2,0,2,1,2,0,0
"262","entertaining",24,0,0,1,0,1,0,4,4,0,0,0,0,2,0,0,1,1,0,6,2,1,0,0,1,0
"263","funny",24,0,0,1,0,0,0,0,1,0,0,0,0,0,1,0,7,0,4,0,0,5,0,0,5,0
"264","experienced",23,0,1,1,1,0,1,0,0,1,0,1,2,0,1,0,2,1,5,1,1,3,0,0,1,0
"265","rebellious",23,0,2,1,1,3,2,0,0,0,1,0,1,0,0,0,2,0,2,2,0,3,0,0,2,1
"266","spontaneous",23,0,1,4,0,0,2,1,0,0,1,0,3,1,2,1,0,0,0,2,2,1,0,1,1,0
"267","mature",22,2,0,1,0,1,2,0,1,0,0,1,1,0,1,0,1,1,1,6,1,0,1,0,1,0
"268","moody",22,1,0,1,0,2,2,0,0,0,1,0,1,0,1,2,1,0,0,5,0,2,0,0,3,0
"269","motherly",22,0,1,6,0,2,5,0,0,0,3,0,2,0,0,0,1,0,1,1,0,0,0,0,0,0
"270","persuasive",22,0,2,2,0,0,2,0,0,1,1,0,5,1,2,1,2,0,0,0,0,2,0,0,1,0
"271","straightforward",22,1,1,3,0,0,1,3,0,0,0,1,2,0,3,0,4,0,1,0,0,2,0,0,0,0
"272","argumentative",21,1,0,3,0,1,1,1,0,0,3,1,3,0,1,0,1,0,0,2,0,2,0,0,1,0
"273","inconsiderate",21,0,2,0,0,3,0,2,1,0,0,2,1,1,2,1,3,0,0,2,0,0,0,0,1,0
"274","chubby",19,1,0,2,0,2,3,0,0,0,0,0,0,0,1,0,1,0,0,4,0,3,0,0,2,0
"275","obnoxious",19,1,2,0,0,3,1,0,0,1,3,0,1,0,3,1,0,0,0,0,0,1,0,0,2,0
"276","irritated",18,0,0,1,0,0,1,0,6,0,0,0,0,1,1,0,3,1,0,1,0,0,0,1,2,0
"277","slim",18,0,2,0,0,0,1,0,0,0,0,1,1,0,4,0,2,0,1,1,0,5,0,0,0,0
"278","trustworthy",18,1,2,1,0,0,1,0,0,0,0,1,3,0,0,1,1,0,1,4,0,0,0,0,2,0
"279","daring",17,0,6,0,0,1,0,0,1,0,0,0,2,1,1,0,0,0,0,2,0,1,1,0,1,0
"280","disgusting",17,0,0,1,0,1,0,1,0,1,0,2,1,3,0,0,0,1,0,0,1,3,1,1,0,0
"281","disrespectful",17,1,3,0,0,1,0,0,1,0,1,0,0,2,2,0,2,1,0,0,1,0,1,0,1,0
"282","influential",17,1,0,0,0,2,1,0,0,0,1,0,6,0,2,0,1,0,0,2,0,1,0,0,0,0
"283","stubborn",17,0,0,1,0,1,4,0,0,0,0,1,2,0,1,0,0,2,0,2,0,0,0,3,0,0
"284","gifted",16,0,4,0,0,2,0,0,0,0,1,0,1,0,2,0,3,0,0,1,1,1,0,0,0,0
"285","weird",16,2,0,2,0,0,0,0,0,0,4,0,3,0,0,2,0,0,0,3,0,0,0,0,0,0
"286","courageous",15,2,1,1,0,1,2,1,0,1,0,1,2,0,0,2,0,0,0,1,0,0,0,0,0,0
"287","lonesome",15,0,1,2,0,0,1,0,1,0,1,0,1,0,0,0,3,0,0,0,0,3,0,0,2,0
"288","loyal",15,2,4,1,0,1,0,0,0,0,0,0,2,1,0,2,0,0,0,1,0,1,0,0,0,0
"289","muscular",15,0,2,1,0,0,1,0,0,0,3,0,1,0,0,0,1,0,2,1,0,2,0,0,1,0
"290","prejudiced",15,0,0,1,0,0,0,1,1,0,0,0,7,1,0,1,0,0,0,1,0,1,0,1,0,0
"291","compatible",14,0,1,1,0,0,1,1,0,0,0,0,3,1,0,0,0,0,0,2,2,0,2,0,0,0
"292","encouraged",14,2,0,3,0,1,0,1,0,0,0,0,0,0,1,0,0,0,3,0,0,1,1,1,0,0
"293","imaginative",14,0,0,0,0,3,0,0,0,1,0,3,2,0,3,1,0,0,0,1,0,0,0,0,0,0
"294","sociable",14,0,1,1,2,0,3,0,1,0,1,0,0,1,1,0,0,0,0,2,0,0,0,1,0,0
"295","unemployed",14,0,0,0,0,2,0,1,0,1,1,0,1,2,0,1,1,0,1,0,1,0,0,1,1,0
"296","aggravating",13,0,0,0,0,3,0,0,0,0,2,1,1,0,1,0,2,0,0,1,0,1,0,0,1,0
"297","average",13,0,0,2,0,1,0,0,0,0,0,2,1,0,1,1,1,0,0,1,0,0,0,0,3,0
"298","disabled",13,0,1,1,1,0,1,0,0,0,2,1,4,0,0,0,0,0,0,0,1,1,0,0,0,0
"299","dishonest",13,0,0,0,0,2,1,0,0,0,0,2,0,0,0,0,0,0,0,1,0,3,0,0,3,1
"300","effective",13,0,0,1,0,0,0,0,0,0,0,1,4,0,0,1,0,0,2,3,0,1,0,0,0,0
"301","preoccupied",13,2,0,2,0,0,0,0,0,0,1,0,4,0,0,1,1,0,0,2,0,0,0,0,0,0
"302","skinny",13,1,0,0,0,0,2,0,0,0,0,0,0,0,1,0,3,0,3,0,0,3,0,0,0,0
"303","unfair",13,1,0,1,0,0,0,4,0,2,1,0,1,0,1,0,0,0,1,0,0,0,0,1,0,0
"304","abusive",12,0,0,1,0,1,0,0,3,0,0,1,1,0,0,0,0,0,0,2,0,1,2,0,0,0
"305","exceptional",12,1,0,3,0,0,0,0,0,0,1,0,4,0,0,1,0,0,0,2,0,0,0,0,0,0
"306","irrational",12,0,0,1,1,0,0,1,0,0,0,1,1,2,0,2,0,0,0,1,1,0,0,1,0,0
"307","needy",12,1,1,0,0,1,0,0,0,0,0,0,1,0,1,0,1,0,0,1,0,3,0,0,2,0
"308","confusing",11,0,0,3,0,1,1,0,0,0,0,0,1,0,2,0,1,0,0,1,0,0,0,0,1,0
"309","forgiving",11,0,2,1,0,1,0,1,0,0,0,1,2,0,2,0,0,0,0,0,0,1,0,0,0,0
"310","insane",11,0,1,0,0,1,0,1,0,0,1,1,1,0,0,0,1,0,0,1,0,3,0,0,0,0
"311","involved",11,2,0,1,0,1,0,0,0,0,1,1,0,1,1,0,0,0,2,0,0,0,0,1,0,0
"312","superstitious",11,1,1,0,0,1,0,0,0,0,0,0,2,0,2,0,1,0,0,1,0,1,0,0,0,1
"313","arrogant",10,0,0,1,0,1,3,0,0,0,0,1,1,0,0,0,1,0,0,1,0,0,1,0,0,0
"314","bored",10,0,0,3,0,1,1,0,0,0,0,2,1,0,0,0,0,0,0,2,0,0,0,0,0,0
"315","corrupt",10,0,1,2,0,2,0,0,1,0,0,0,3,0,0,0,0,0,0,0,0,0,0,0,0,1
"316","hostile",10,1,0,1,0,0,1,0,0,0,0,1,0,0,2,0,1,0,0,0,0,2,0,1,0,0
"317","insulting",10,0,0,0,0,0,1,0,0,0,2,0,0,0,0,1,2,0,2,0,0,1,0,0,0,1
"318","talented",10,0,0,0,0,1,0,0,0,0,0,0,1,0,3,0,4,0,0,0,0,1,0,0,0,0
"319","witty",10,0,0,0,0,0,0,2,1,0,0,0,0,0,2,0,3,0,0,0,0,0,1,1,0,0
"320","appealing",9,2,0,1,0,1,0,0,0,0,0,0,1,0,0,0,0,0,1,1,0,1,0,0,1,0
"321","helpful",9,2,0,0,1,1,0,0,0,0,1,0,2,0,0,0,0,0,0,2,0,0,0,0,0,0
"322","homeless",9,0,0,1,0,0,3,0,0,1,0,0,1,0,0,1,0,0,2,0,0,0,0,0,0,0
"323","logical",9,0,1,0,0,1,1,0,0,0,1,1,0,0,2,0,1,0,0,1,0,0,0,0,0,0
"324","presentable",9,0,0,3,0,1,2,0,0,0,1,0,1,0,0,0,0,0,0,1,0,0,0,0,0,0
"325","appreciative",8,2,0,0,0,0,0,0,0,0,2,0,2,0,0,2,0,0,0,0,0,0,0,0,0,0
"326","frightening",8,0,0,1,0,0,0,0,0,0,0,0,2,0,0,0,0,1,1,1,0,1,0,0,1,0
"327","persistent",8,2,0,1,0,0,0,0,0,0,1,1,1,0,0,0,0,0,0,2,0,0,0,0,0,0
"328","unpopular",8,1,0,3,0,0,0,0,0,0,0,0,0,0,2,0,1,0,0,1,0,0,0,0,0,0
"329","adorable",7,1,0,0,0,0,0,0,0,0,0,0,2,0,0,0,0,0,0,4,0,0,0,0,0,0
"330","conceited",7,0,0,1,0,1,0,2,0,0,0,0,0,0,0,0,0,0,0,0,0,0,2,0,0,1
"331","defensive",7,0,1,0,0,3,1,0,0,0,0,0,0,0,0,0,0,0,0,1,0,1,0,0,0,0
"332","masculine",7,0,0,0,0,3,0,0,0,0,0,0,0,0,1,1,2,0,0,0,0,0,0,0,0,0
"333","outstanding",7,0,0,2,0,1,0,0,0,0,0,0,0,0,0,0,1,0,1,0,0,0,0,0,2,0
"334","relaxed",7,0,0,1,0,1,1,0,0,1,0,0,0,0,0,0,0,0,0,0,0,2,0,0,1,0
"335","truthful",7,0,2,1,0,1,0,0,0,0,0,0,0,0,1,0,0,0,0,1,0,0,0,0,1,0
"336","athletic",6,0,1,1,0,0,1,0,0,0,1,0,0,0,0,1,0,0,0,0,0,0,0,0,1,0
"337","forward",6,0,0,1,0,0,1,0,1,0,0,0,0,1,0,0,1,0,0,0,1,0,0,0,0,0
"338","impulsive",6,0,0,0,0,0,2,0,0,0,0,2,1,0,0,1,0,0,0,0,0,0,0,0,0,0
"339","normal",6,0,0,0,0,0,1,0,0,0,2,0,1,0,0,0,0,0,0,2,0,0,0,0,0,0
"340","skilled",6,0,1,0,0,1,0,0,0,0,1,0,0,0,0,0,2,0,0,0,0,1,0,0,0,0
"341","sloppy",6,0,0,0,0,1,0,0,0,0,0,0,0,0,0,0,1,0,0,1,0,2,0,0,1,0
"342","spoiled",6,0,0,0,0,1,1,2,0,0,0,0,0,1,1,0,0,0,0,0,0,0,0,0,0,0
"343","tolerant",6,0,0,0,0,0,2,0,0,0,0,0,2,0,2,0,0,0,0,0,0,0,0,0,0,0
"344","ungraceful",6,0,3,0,0,0,0,0,0,0,0,0,0,0,1,0,0,1,0,0,0,1,0,0,0,0
"345","aggressive",5,0,0,0,0,0,1,0,0,0,0,0,0,0,0,3,0,0,0,1,0,0,0,0,0,0
"346","artistic",5,0,0,1,0,1,0,0,0,0,0,0,1,0,0,1,0,0,0,1,0,0,0,0,0,0
"347","dominant",5,2,0,0,0,1,1,0,0,0,1,0,0,0,0,0,0,0,0,0,0,0,0,0,0,0
"348","efficient",5,0,0,0,0,0,0,0,0,0,1,0,0,0,1,0,0,0,1,0,0,2,0,0,0,0
"349","emotional",5,1,0,0,0,0,0,0,0,0,1,0,0,0,0,0,0,0,0,3,0,0,0,0,0,0
"350","uneducated",5,0,0,0,0,1,0,0,2,1,0,0,1,0,0,0,0,0,0,0,0,0,0,0,0,0
"351","unfriendly",5,0,0,0,0,0,0,1,0,0,0,0,0,1,1,0,1,1,0,0,0,0,0,0,0,0
"352","wasteful",5,0,0,1,0,1,0,0,0,0,0,0,0,1,1,0,0,0,0,0,0,0,0,0,1,0
"353","alert",4,1,0,0,0,0,1,1,0,0,0,0,0,1,0,0,0,0,0,0,0,0,0,0,0,0
"354","annoying",4,0,0,0,0,0,0,0,0,1,0,0,0,0,1,0,1,0,1,0,0,0,0,0,0,0
"355","cranky",4,0,0,0,0,1,1,0,0,0,0,0,0,0,0,0,0,0,0,0,0,0,0,0,2,0
"356","flexible",4,0,0,0,0,0,1,0,0,0,0,0,0,0,2,0,0,0,0,0,0,0,0,0,1,0
"357","hilarious",4,0,0,1,0,0,0,0,0,0,0,0,0,0,1,0,0,0,0,0,0,0,0,0,2,0
"358","lovable",4,0,0,1,0,0,0,0,0,0,0,0,3,0,0,0,0,0,0,0,0,0,0,0,0,0
"359","neglected",4,0,0,0,0,1,1,0,0,0,0,0,0,0,1,0,0,0,0,0,0,1,0,0,0,0
"360","reliable",4,0,0,1,0,0,1,0,0,0,1,0,1,0,0,0,0,0,0,0,0,0,0,0,0,0
"361","businesslike",3,0,0,0,0,0,1,0,0,0,0,0,1,0,0,0,0,0,0,0,0,0,0,0,1,0
"362","grumpy",3,0,0,0,0,2,0,0,1,0,0,0,0,0,0,0,0,0,0,0,0,0,0,0,0,0
"363","informal",3,0,0,0,0,0,0,0,0,0,0,0,2,0,1,0,0,0,0,0,0,0,0,0,0,0
"364","irresponsible",3,0,0,0,0,0,0,0,0,0,1,0,0,0,0,0,0,0,0,1,0,0,0,0,1,0
"365","irritating",3,0,0,0,0,0,0,0,0,0,2,0,0,0,0,0,0,0,0,0,0,0,0,0,1,0
"366","outspoken",3,1,0,0,0,1,0,0,0,0,0,1,0,0,0,0,0,0,0,0,0,0,0,0,0,0
"367","perceptive",3,0,0,0,0,0,0,0,0,0,0,0,0,0,1,0,0,0,0,2,0,0,0,0,0,0
"368","skillful",3,0,0,0,0,0,0,0,0,0,0,0,0,0,3,0,0,0,0,0,0,0,0,0,0,0
"369","traditional",3,0,0,1,0,0,0,0,0,0,0,0,1,0,0,0,0,1,0,0,0,0,0,0,0,0
"370","unfaithful",3,0,0,0,1,0,0,0,0,0,1,0,1,0,0,0,0,0,0,0,0,0,0,0,0,0
"371","annoyed",2,1,0,0,0,0,0,0,0,0,0,0,0,0,0,0,0,0,0,0,0,0,1,0,0,0
"372","creative",2,0,0,0,0,0,0,0,1,0,0,0,0,0,0,0,0,0,0,0,0,0,1,0,0,0
"373","cute",2,0,1,0,0,0,0,0,0,0,0,0,0,0,1,0,0,0,0,0,0,0,0,0,0,0
"374","dedicated",2,0,0,1,0,0,0,0,0,0,0,0,0,0,0,0,0,0,0,0,0,0,0,0,0,1
"375","heartbroken",2,0,0,0,0,0,1,0,0,0,0,0,0,0,0,0,0,0,0,1,0,0,0,0,0,0
"376","impolite",2,0,0,0,0,0,0,1,0,0,0,0,0,0,0,0,0,0,0,1,0,0,0,0,0,0
"377","incompetent",2,0,0,0,0,0,0,0,0,0,0,0,0,1,0,0,0,0,0,1,0,0,0,0,0,0
"378","indecisive",2,0,0,0,0,0,1,0,0,0,0,0,0,0,0,0,0,0,0,0,1,0,0,0,0,0
"379","insecure",2,0,1,0,0,0,0,0,0,0,0,0,0,0,0,0,0,0,1,0,0,0,0,0,0,0
"380","opinionated",2,0,0,0,0,0,0,0,0,0,0,0,1,0,0,0,0,0,0,0,0,0,0,0,1,0
"381","seductive",2,0,0,1,0,0,0,0,0,0,0,0,0,0,0,0,0,0,0,0,0,1,0,0,0,0
"382","abnormal",1,0,0,0,0,0,0,0,0,0,0,0,1,0,0,0,0,0,0,0,0,0,0,0,0,0
"383","alcoholic",1,0,0,0,0,0,0,0,0,0,0,0,1,0,0,0,0,0,0,0,0,0,0,0,0,0
"384","boring",1,0,0,0,0,0,0,0,0,0,0,0,1,0,0,0,0,0,0,0,0,0,0,0,0,0
"385","competitive",1,0,0,0,0,0,0,0,0,0,1,0,0,0,0,0,0,0,0,0,0,0,0,0,0,0
"386","complaining",1,0,0,0,0,0,0,0,0,0,0,0,0,0,0,0,0,0,0,1,0,0,0,0,0,0
"387","constructive",1,0,0,0,0,0,0,0,0,0,0,0,0,0,0,0,0,0,0,1,0,0,0,0,0,0
"388","controversial",1,0,0,0,0,0,0,0,0,0,0,1,0,0,0,0,0,0,0,0,0,0,0,0,0,0
"389","educated",1,0,0,0,0,0,0,0,0,0,0,0,0,0,0,0,0,0,0,1,0,0,0,0,0,0
"390","employed",1,0,0,1,0,0,0,0,0,0,0,0,0,0,0,0,0,0,0,0,0,0,0,0,0,0
"391","ethical",1,0,0,0,0,0,0,0,0,0,0,0,1,0,0,0,0,0,0,0,0,0,0,0,0,0
"392","giving",1,0,0,0,0,0,0,0,0,0,0,1,0,0,0,0,0,0,0,0,0,0,0,0,0,0
"393","humiliated",1,0,0,0,0,0,0,0,0,0,0,0,0,0,0,0,0,0,1,0,0,0,0,0,0,0
"394","immature",1,1,0,0,0,0,0,0,0,0,0,0,0,0,0,0,0,0,0,0,0,0,0,0,0,0
"395","laughing",1,0,0,0,0,0,0,0,0,0,0,0,0,0,0,0,1,0,0,0,0,0,0,0,0,0
"396","overworked",1,0,0,0,0,0,0,0,0,0,0,0,1,0,0,0,0,0,0,0,0,0,0,0,0,0
"397","possessive",1,0,0,1,0,0,0,0,0,0,0,0,0,0,0,0,0,0,0,0,0,0,0,0,0,0
"398","protective",1,0,0,0,0,0,1,0,0,0,0,0,0,0,0,0,0,0,0,0,0,0,0,0,0,0
"399","radical",1,0,0,0,0,0,0,0,0,0,0,0,0,0,0,0,0,0,0,0,0,0,0,0,1,0
"400","retarded",1,0,0,0,0,0,0,0,0,0,0,0,0,0,0,0,0,0,0,0,0,0,0,0,1,0
"401","snobbish",1,0,0,0,0,0,0,0,0,0,0,0,0,0,0,0,0,0,0,0,0,0,0,0,1,0
"402","stingy",1,0,0,0,0,0,0,0,0,0,0,0,0,0,1,0,0,0,0,0,0,0,0,0,0,0
"403","tense",1,0,0,0,0,0,0,0,0,0,0,0,0,0,0,0,0,0,0,1,0,0,0,0,0,0
"404","trusted",1,0,0,0,0,1,0,0,0,0,0,0,0,0,0,0,0,0,0,0,0,0,0,0,0,0
"405","unattractive",1,0,0,0,0,0,0,0,0,0,0,0,0,0,0,0,0,0,0,1,0,0,0,0,0,0
"406","upset",1,0,0,0,0,0,0,0,0,0,0,0,0,0,1,0,0,0,0,0,0,0,0,0,0,0
"407","appreciated",0,0,0,0,0,0,0,0,0,0,0,0,0,0,0,0,0,0,0,0,0,0,0,0,0,0
"408","assertive",0,0,0,0,0,0,0,0,0,0,0,0,0,0,0,0,0,0,0,0,0,0,0,0,0,0
"409","awesome",0,0,0,0,0,0,0,0,0,0,0,0,0,0,0,0,0,0,0,0,0,0,0,0,0,0
"410","believable",0,0,0,0,0,0,0,0,0,0,0,0,0,0,0,0,0,0,0,0,0,0,0,0,0,0
"411","bossy",0,0,0,0,0,0,0,0,0,0,0,0,0,0,0,0,0,0,0,0,0,0,0,0,0,0
"412","carefree",0,0,0,0,0,0,0,0,0,0,0,0,0,0,0,0,0,0,0,0,0,0,0,0,0,0
"413","caring",0,0,0,0,0,0,0,0,0,0,0,0,0,0,0,0,0,0,0,0,0,0,0,0,0,0
"414","closed-minded",0,0,0,0,0,0,0,0,0,0,0,0,0,0,0,0,0,0,0,0,0,0,0,0,0,0
"415","cocky",0,0,0,0,0,0,0,0,0,0,0,0,0,0,0,0,0,0,0,0,0,0,0,0,0,0
"416","colorful",0,0,0,0,0,0,0,0,0,0,0,0,0,0,0,0,0,0,0,0,0,0,0,0,0,0
"417","compulsive",0,0,0,0,0,0,0,0,0,0,0,0,0,0,0,0,0,0,0,0,0,0,0,0,0,0
"418","conservative",0,0,0,0,0,0,0,0,0,0,0,0,0,0,0,0,0,0,0,0,0,0,0,0,0,0
"419","controlling",0,0,0,0,0,0,0,0,0,0,0,0,0,0,0,0,0,0,0,0,0,0,0,0,0,0
"420","cooperative",0,0,0,0,0,0,0,0,0,0,0,0,0,0,0,0,0,0,0,0,0,0,0,0,0,0
"421","crabby",0,0,0,0,0,0,0,0,0,0,0,0,0,0,0,0,0,0,0,0,0,0,0,0,0,0
"422","demanding",0,0,0,0,0,0,0,0,0,0,0,0,0,0,0,0,0,0,0,0,0,0,0,0,0,0
"423","democratic",0,0,0,0,0,0,0,0,0,0,0,0,0,0,0,0,0,0,0,0,0,0,0,0,0,0
"424","dependable",0,0,0,0,0,0,0,0,0,0,0,0,0,0,0,0,0,0,0,0,0,0,0,0,0,0
"425","disobedient",0,0,0,0,0,0,0,0,0,0,0,0,0,0,0,0,0,0,0,0,0,0,0,0,0,0
"426","disorganized",0,0,0,0,0,0,0,0,0,0,0,0,0,0,0,0,0,0,0,0,0,0,0,0,0,0
"427","down-to-earth",0,0,0,0,0,0,0,0,0,0,0,0,0,0,0,0,0,0,0,0,0,0,0,0,0,0
"428","easygoing",0,0,0,0,0,0,0,0,0,0,0,0,0,0,0,0,0,0,0,0,0,0,0,0,0,0
"429","frustrated",0,0,0,0,0,0,0,0,0,0,0,0,0,0,0,0,0,0,0,0,0,0,0,0,0,0
"430","frustrating",0,0,0,0,0,0,0,0,0,0,0,0,0,0,0,0,0,0,0,0,0,0,0,0,0,0
"431","glamorous",0,0,0,0,0,0,0,0,0,0,0,0,0,0,0,0,0,0,0,0,0,0,0,0,0,0
"432","good-for-nothing",0,0,0,0,0,0,0,0,0,0,0,0,0,0,0,0,0,0,0,0,0,0,0,0,0,0
"433","good-humored",0,0,0,0,0,0,0,0,0,0,0,0,0,0,0,0,0,0,0,0,0,0,0,0,0,0
"434","good-looking",0,0,0,0,0,0,0,0,0,0,0,0,0,0,0,0,0,0,0,0,0,0,0,0,0,0
"435","good-natured",0,0,0,0,0,0,0,0,0,0,0,0,0,0,0,0,0,0,0,0,0,0,0,0,0,0
"436","grouchy",0,0,0,0,0,0,0,0,0,0,0,0,0,0,0,0,0,0,0,0,0,0,0,0,0,0
"437","handicapped",0,0,0,0,0,0,0,0,0,0,0,0,0,0,0,0,0,0,0,0,0,0,0,0,0,0
"438","hard-working",0,0,0,0,0,0,0,0,0,0,0,0,0,0,0,0,0,0,0,0,0,0,0,0,0,0
"439","hot-tempered",0,0,0,0,0,0,0,0,0,0,0,0,0,0,0,0,0,0,0,0,0,0,0,0,0,0
"440","idealistic",0,0,0,0,0,0,0,0,0,0,0,0,0,0,0,0,0,0,0,0,0,0,0,0,0,0
"441","insensitive",0,0,0,0,0,0,0,0,0,0,0,0,0,0,0,0,0,0,0,0,0,0,0,0,0,0
"442","intimidating",0,0,0,0,0,0,0,0,0,0,0,0,0,0,0,0,0,0,0,0,0,0,0,0,0,0
"443","kind-hearted",0,0,0,0,0,0,0,0,0,0,0,0,0,0,0,0,0,0,0,0,0,0,0,0,0,0
"444","knowledgeable",0,0,0,0,0,0,0,0,0,0,0,0,0,0,0,0,0,0,0,0,0,0,0,0,0,0
"445","laid-back",0,0,0,0,0,0,0,0,0,0,0,0,0,0,0,0,0,0,0,0,0,0,0,0,0,0
"446","level-headed",0,0,0,0,0,0,0,0,0,0,0,0,0,0,0,0,0,0,0,0,0,0,0,0,0,0
"447","likeable",0,0,0,0,0,0,0,0,0,0,0,0,0,0,0,0,0,0,0,0,0,0,0,0,0,0
"448","materialistic",0,0,0,0,0,0,0,0,0,0,0,0,0,0,0,0,0,0,0,0,0,0,0,0,0,0
"449","messy",0,0,0,0,0,0,0,0,0,0,0,0,0,0,0,0,0,0,0,0,0,0,0,0,0,0
"450","middle-aged",0,0,0,0,0,0,0,0,0,0,0,0,0,0,0,0,0,0,0,0,0,0,0,0,0,0
"451","middle-class",0,0,0,0,0,0,0,0,0,0,0,0,0,0,0,0,0,0,0,0,0,0,0,0,0,0
"452","naive",0,0,0,0,0,0,0,0,0,0,0,0,0,0,0,0,0,0,0,0,0,0,0,0,0,0
"453","narrow-minded",0,0,0,0,0,0,0,0,0,0,0,0,0,0,0,0,0,0,0,0,0,0,0,0,0,0
"454","neighborly",0,0,0,0,0,0,0,0,0,0,0,0,0,0,0,0,0,0,0,0,0,0,0,0,0,0
"455","nosy",0,0,0,0,0,0,0,0,0,0,0,0,0,0,0,0,0,0,0,0,0,0,0,0,0,0
"456","obsessive",0,0,0,0,0,0,0,0,0,0,0,0,0,0,0,0,0,0,0,0,0,0,0,0,0,0
"457","old-fashioned",0,0,0,0,0,0,0,0,0,0,0,0,0,0,0,0,0,0,0,0,0,0,0,0,0,0
"458","open-minded",0,0,0,0,0,0,0,0,0,0,0,0,0,0,0,0,0,0,0,0,0,0,0,0,0,0
"459","optimistic",0,0,0,0,0,0,0,0,0,0,0,0,0,0,0,0,0,0,0,0,0,0,0,0,0,0
"460","organized",0,0,0,0,0,0,0,0,0,0,0,0,0,0,0,0,0,0,0,0,0,0,0,0,0,0
"461","outgoing",0,0,0,0,0,0,0,0,0,0,0,0,0,0,0,0,0,0,0,0,0,0,0,0,0,0
"462","overrated",0,0,0,0,0,0,0,0,0,0,0,0,0,0,0,0,0,0,0,0,0,0,0,0,0,0
"463","phony",0,0,0,0,0,0,0,0,0,0,0,0,0,0,0,0,0,0,0,0,0,0,0,0,0,0
"464","predictable",0,0,0,0,0,0,0,0,0,0,0,0,0,0,0,0,0,0,0,0,0,0,0,0,0,0
"465","procrastinating",0,0,0,0,0,0,0,0,0,0,0,0,0,0,0,0,0,0,0,0,0,0,0,0,0,0
"466","realistic",0,0,0,0,0,0,0,0,0,0,0,0,0,0,0,0,0,0,0,0,0,0,0,0,0,0
"467","resourceful",0,0,0,0,0,0,0,0,0,0,0,0,0,0,0,0,0,0,0,0,0,0,0,0,0,0
"468","rowdy",0,0,0,0,0,0,0,0,0,0,0,0,0,0,0,0,0,0,0,0,0,0,0,0,0,0
"469","rushed",0,0,0,0,0,0,0,0,0,0,0,0,0,0,0,0,0,0,0,0,0,0,0,0,0,0
"470","self-assured",0,0,0,0,0,0,0,0,0,0,0,0,0,0,0,0,0,0,0,0,0,0,0,0,0,0
"471","self-centered",0,0,0,0,0,0,0,0,0,0,0,0,0,0,0,0,0,0,0,0,0,0,0,0,0,0
"472","self-confident",0,0,0,0,0,0,0,0,0,0,0,0,0,0,0,0,0,0,0,0,0,0,0,0,0,0
"473","self-conscious",0,0,0,0,0,0,0,0,0,0,0,0,0,0,0,0,0,0,0,0,0,0,0,0,0,0
"474","self-sufficient",0,0,0,0,0,0,0,0,0,0,0,0,0,0,0,0,0,0,0,0,0,0,0,0,0,0
"475","self-supporting",0,0,0,0,0,0,0,0,0,0,0,0,0,0,0,0,0,0,0,0,0,0,0,0,0,0
"476","senile",0,0,0,0,0,0,0,0,0,0,0,0,0,0,0,0,0,0,0,0,0,0,0,0,0,0
"477","sexy",0,0,0,0,0,0,0,0,0,0,0,0,0,0,0,0,0,0,0,0,0,0,0,0,0,0
"478","short-tempered",0,0,0,0,0,0,0,0,0,0,0,0,0,0,0,0,0,0,0,0,0,0,0,0,0,0
"479","soft-spoken",0,0,0,0,0,0,0,0,0,0,0,0,0,0,0,0,0,0,0,0,0,0,0,0,0,0
"480","sophisticated",0,0,0,0,0,0,0,0,0,0,0,0,0,0,0,0,0,0,0,0,0,0,0,0,0,0
"481","stuck-up",0,0,0,0,0,0,0,0,0,0,0,0,0,0,0,0,0,0,0,0,0,0,0,0,0,0
"482","supportive",0,0,0,0,0,0,0,0,0,0,0,0,0,0,0,0,0,0,0,0,0,0,0,0,0,0
"483","temperamental",0,0,0,0,0,0,0,0,0,0,0,0,0,0,0,0,0,0,0,0,0,0,0,0,0,0
"484","thinking",0,0,0,0,0,0,0,0,0,0,0,0,0,0,0,0,0,0,0,0,0,0,0,0,0,0
"485","trusting",0,0,0,0,0,0,0,0,0,0,0,0,0,0,0,0,0,0,0,0,0,0,0,0,0,0
"486","undependable",0,0,0,0,0,0,0,0,0,0,0,0,0,0,0,0,0,0,0,0,0,0,0,0,0,0
"487","understandable",0,0,0,0,0,0,0,0,0,0,0,0,0,0,0,0,0,0,0,0,0,0,0,0,0,0
"488","understanding",0,0,0,0,0,0,0,0,0,0,0,0,0,0,0,0,0,0,0,0,0,0,0,0,0,0
"489","unforgettable",0,0,0,0,0,0,0,0,0,0,0,0,0,0,0,0,0,0,0,0,0,0,0,0,0,0
"490","uninhibited",0,0,0,0,0,0,0,0,0,0,0,0,0,0,0,0,0,0,0,0,0,0,0,0,0,0
"491","unpredictable",0,0,0,0,0,0,0,0,0,0,0,0,0,0,0,0,0,0,0,0,0,0,0,0,0,0
"492","unreliable",0,0,0,0,0,0,0,0,0,0,0,0,0,0,0,0,0,0,0,0,0,0,0,0,0,0
"493","unstable",0,0,0,0,0,0,0,0,0,0,0,0,0,0,0,0,0,0,0,0,0,0,0,0,0,0
"494","unsure",0,0,0,0,0,0,0,0,0,0,0,0,0,0,0,0,0,0,0,0,0,0,0,0,0,0
"495","warm-hearted",0,0,0,0,0,0,0,0,0,0,0,0,0,0,0,0,0,0,0,0,0,0,0,0,0,0
"496","well-adjusted",0,0,0,0,0,0,0,0,0,0,0,0,0,0,0,0,0,0,0,0,0,0,0,0,0,0
"497","well-known",0,0,0,0,0,0,0,0,0,0,0,0,0,0,0,0,0,0,0,0,0,0,0,0,0,0
"498","well-liked",0,0,0,0,0,0,0,0,0,0,0,0,0,0,0,0,0,0,0,0,0,0,0,0,0,0
"499","well-to-do",0,0,0,0,0,0,0,0,0,0,0,0,0,0,0,0,0,0,0,0,0,0,0,0,0,0
"500","wishy-washy",0,0,0,0,0,0,0,0,0,0,0,0,0,0,0,0,0,0,0,0,0,0,0,0,0,0
